,strand,align_position,score,species_y,raw_position,motif?,raw_seq,before_seq,after_seq
0,negative,0,3.2857544422149663,VT65295|0|MEMB002A|+|3572,0,no,GACACG,,GCCTGGCCGGG
1,negative,0,2.0633621215820312,VT65295|0|MEMB002B|-|1683,0,no,GACACA,,GCCTGGCCGGG
2,negative,0,3.2857544422149663,VT65295|0|MEMB002C|-|3210,0,no,GACACG,,GCCTGGCCGGG
3,negative,0,2.648324489593506,VT65295|0|MEMB002D|+|2569,0,no,GACACC,,GCCTGGCCGGG
4,negative,0,2.0633621215820312,VT65295|0|MEMB002E|-|2184,0,no,GACACA,,GCCTGGCCGGG
5,negative,0,2.0633621215820312,VT65295|0|MEMB002F|-|2530,0,no,GACACA,,GCCTGGCCGGA
6,negative,0,3.2857544422149663,VT65295|0|MEMB003A|-|2218,0,no,GACACG,,GCTTGGCCGGA
7,negative,0,2.0633621215820312,VT65295|0|MEMB003B|-|2439,0,no,GACACA,,GTCTGGCAGGG
8,negative,0,-0.5216004252433777,VT65295|0|MEMB003C|+|2464,0,no,GCTAGA,,AGACTATAAGA
9,negative,0,3.2857544422149663,VT65295|0|MEMB003D|-|2218,0,no,GACACG,,GCTTGGCCGGA
10,negative,0,3.2857544422149663,VT65295|0|MEMB003F|-|2339,0,no,GACACG,,GCCTGGCCGGG
11,negative,0,3.2857544422149663,VT65295|0|MEMB004A|-|1649,0,no,GACACG,,GCCTGGCCGGG
12,negative,0,3.2857544422149663,VT65295|0|MEMB004B|+|2160,0,no,GACACG,,GTCTGGCCGGG
13,negative,0,3.2857544422149663,VT65295|0|MEMB004E|-|2307,0,no,GACACG,,GCCTGGCCGGG
14,negative,0,3.2857544422149663,VT65295|0|MEMB005B|+|2303,0,no,GACACG,,GCCTGGCCGGG
15,negative,0,3.2857544422149663,VT65295|0|MEMB005D|-|2647,0,no,GACACG,,GCCTGGCGGGG
16,negative,0,3.2857544422149663,VT65295|0|MEMB006A|-|2731,0,no,GACACG,,GCCTGGCAGGG
17,negative,0,2.0633621215820312,VT65295|0|MEMB006B|-|2950,0,no,GACACA,,GCATGGCAGGG
18,negative,0,3.2857544422149663,VT65295|0|MEMB006C|+|2238,0,no,GACACG,,GCCTGGCCGGG
19,negative,0,3.2857544422149663,VT65295|0|MEMB007B|-|2640,0,no,GACACG,,GCCTGGCCGGG
20,negative,0,2.0633621215820312,VT65295|0|MEMB007C|+|2249,0,no,GACACA,,GCCTGGCAGGG
21,negative,0,2.0633621215820312,VT65295|0|MEMB007D|-|2925,0,no,GACACA,,GCCTGACCGGA
22,negative,0,3.2857544422149663,VT65295|0|MEMB008C|-|2328,0,no,GACACG,,GCCTGGCCGGG
23,negative,0,3.2857544422149663,VT65295|0|dkik|-|3985,0,no,GACACG,,GCTTGGCCGGA
24,negative,25,3.1788392066955566,VT65295|0|MEMB002A|+|3572,25,no,GGCACT,GTGCTGCTGCC,AAGCAGCTGGT
25,negative,25,3.1788392066955566,VT65295|0|MEMB002B|-|1683,25,no,GGCACT,GTGCTGCTGCC,AGGCGGCTGGT
26,negative,25,3.1788392066955566,VT65295|0|MEMB002C|-|3210,25,no,GGCACT,GTGCTGCTGCC,AAGCAGCTGGT
27,negative,25,1.1788393259048462,VT65295|0|MEMB002D|+|2569,25,no,GGCATT,GTGCTGCTGCC,AAGCAAATGGT
28,negative,25,1.1788393259048462,VT65295|0|MEMB002E|-|2184,25,no,GGCATT,GTGCTGCTGCC,ATGCAAATGGT
29,negative,25,1.1788393259048462,VT65295|0|MEMB002F|-|2530,25,no,GGCATT,GTGCTGCTGCC,AGGCAGCTGGT
30,negative,25,1.1788393259048462,VT65295|0|MEMB003A|-|2218,25,no,TGCAGT,GTGCTGCTGCT,CGGCTCTTGGT
31,negative,25,1.1788393259048462,VT65295|0|MEMB003B|-|2439,25,no,GGCATT,CTGCTGCTGTC,AGGCACATGGT
32,negative,25,1.1788393259048462,VT65295|0|MEMB003D|-|2218,25,no,TGCAGT,GTGCTGCTGCT,CGGCTTTTGGT
33,negative,25,1.1788393259048462,VT65295|0|MEMB003F|-|2339,25,no,GGCATT,GTGCTGCTGCC,AGGCAAATGGT
34,negative,25,3.1788392066955566,VT65295|0|MEMB004A|-|1649,25,no,GGCACT,ATGCTGCTGCC,AGGCGGCTGGT
35,negative,25,1.1788393259048462,VT65295|0|MEMB004B|+|2160,25,no,GGCATT,TTGCTGCTGTC,AGGCAAATGGT
36,negative,25,1.1788393259048462,VT65295|0|MEMB004E|-|2307,25,no,GGCATT,GTGCTGCTGCC,AGGCAAATGGT
37,negative,25,1.1788393259048462,VT65295|0|MEMB005B|+|2303,25,no,GGCATT,TTGCTGCTGCC,AGGCAAATGGT
38,negative,25,3.1788392066955566,VT65295|0|MEMB005D|-|2647,25,no,GGCACT,GTGCTGCTGCC,AGGCAAATGGT
39,negative,25,1.1788393259048462,VT65295|0|MEMB006A|-|2731,25,no,GGCATT,GTGCTGCTGCC,AGGCAAATGGT
40,negative,25,1.1788393259048462,VT65295|0|MEMB006B|-|2950,25,no,GGCATT,CTGCTGCTGCA,AGGCACATGGT
41,negative,25,1.1788393259048462,VT65295|0|MEMB006C|+|2238,25,no,GGCATT,TTGCTGCTGCC,AAGCAAATGGT
42,negative,25,3.1788392066955566,VT65295|0|MEMB007B|-|2640,25,no,GGCACT,GTGCTGCTGCC,CAGCAACTGGT
43,negative,25,1.1788393259048462,VT65295|0|MEMB007C|+|2249,25,no,GGCATT,TTGCTGCTGCC,AAGCACATGGT
44,negative,25,1.1788393259048462,VT65295|0|MEMB007D|-|2925,25,no,GGCATT,ATGCTGCTGCC,AGGCAAATGGT
45,negative,25,1.1788393259048462,VT65295|0|MEMB008C|-|2328,25,no,GGCATT,TTGCTGCTGCC,AGGCAAATGGT
46,negative,25,1.1788393259048462,VT65295|0|dkik|-|3985,25,no,TGCAGT,GTGCTGCTGCT,CGGCTCTTGGT
47,negative,39,3.2857544422149663,VT65295|0|MEMB002A|+|3572,39,no,ACCAAG,CAGCTGGTGGC,TGAGACACGGA
48,negative,39,1.2857544422149658,VT65295|0|MEMB002B|-|1683,39,no,GCCAGG,CGGCTGGTGGC,TAAAAGAGGGA
49,negative,39,3.2857544422149663,VT65295|0|MEMB002C|-|3210,39,no,AGCAAG,CAGCTGGTGGC,TGAGTCACGGA
50,negative,39,2.7007920742034908,VT65295|0|MEMB002D|+|2569,39,no,ACTAAG,CAAATGGTGGC,TGAATTCAGGC
51,negative,39,0.7007919549942017,VT65295|0|MEMB002E|-|2184,39,no,GCTATG,CAAATGGTGGC,TTAATTCGGGC
52,negative,39,1.2857544422149658,VT65295|0|MEMB002F|-|2530,39,no,ACCAGG,CAGCTGGTGGC,TGAGAGGGGGA
53,negative,39,-2.8841705322265625,VT65295|0|MEMB003A|-|2218,39,no,ACGCGG,CTCTTGGTTGC,TACATATGGGC
54,negative,39,-0.29920801520347595,VT65295|0|MEMB003B|-|2439,39,no,ACAAGG,CACATGGTGGC,TTAGTCCGGGC
55,negative,39,0.4783995747566223,VT65295|0|MEMB003C|+|2464,30,no,GTGAAA,CAACAGATGTC,TGTCTGTCCGT
56,negative,39,-2.8841705322265625,VT65295|0|MEMB003D|-|2218,39,no,ACGCGG,CTTTTGGTTGC,TACATATGGGC
57,negative,39,-0.29920801520347595,VT65295|0|MEMB003F|-|2339,39,no,GCAAGG,CAAATGGTGGC,TGAATGTCGGG
58,negative,39,1.2857544422149658,VT65295|0|MEMB004A|-|1649,39,no,GCCAGG,CGGCTGGTGGC,TAAAAGAGGGA
59,negative,39,-0.29920801520347595,VT65295|0|MEMB004B|+|2160,39,no,GCAAGG,CAAATGGTGGC,TAAATGTCGGG
60,negative,39,-0.29920801520347595,VT65295|0|MEMB004E|-|2307,39,no,GCAAGG,CAAATGGTGGC,TGAATGTCGGG
61,negative,39,-0.29920801520347595,VT65295|0|MEMB005B|+|2303,39,no,GCAAGG,CAAATGGTGGC,TAAATATCGCG
62,negative,39,-0.29920801520347595,VT65295|0|MEMB005D|-|2647,39,no,GCAAGG,CAAATGGTGGC,TGAATACGGGC
63,negative,39,-0.29920801520347595,VT65295|0|MEMB006A|-|2731,39,no,GCAAGG,CAAATGGTGGC,TGAATATGGGG
64,negative,39,-0.29920801520347595,VT65295|0|MEMB006B|-|2950,39,no,ACAAGG,CACATGGTGGC,TGAATCCGGGC
65,negative,39,1.7007919549942017,VT65295|0|MEMB006C|+|2238,39,no,GCAAAG,CAAATGGTGGC,TGCCCTTCGGG
66,negative,39,0.7007919549942017,VT65295|0|MEMB007B|-|2640,39,no,ACCCAG,CAACTGGTGGC,TGAGACAGGGA
67,negative,39,1.7007919549942017,VT65295|0|MEMB007C|+|2249,39,no,ACAAAG,CACATGGTGGC,TTCGTCCGGGC
68,negative,39,-0.29920801520347595,VT65295|0|MEMB007D|-|2925,39,no,ACAAGG,CAAATGGTGGC,TGAGAGCGGGA
69,negative,39,-0.29920801520347595,VT65295|0|MEMB008C|-|2328,39,no,GCAAGG,CAAATGGTGGC,TGAATGTCGGG
70,negative,39,-2.8841705322265625,VT65295|0|dkik|-|3985,39,no,ACGCGG,CTCTTGGTTGC,TACATATGGGC
71,negative,47,3.2857544422149663,VT65295|0|MEMB002A|+|3572,47,no,GACACG,GAACCAAGCAG,TGGGAAGCTGA
72,negative,47,-0.29920801520347595,VT65295|0|MEMB002B|-|1683,47,no,AAGAGG,GAGCCAGGCGG,TTCGAAACTAA
73,negative,47,3.2857544422149663,VT65295|0|MEMB002C|-|3210,47,no,GTCACG,GAAGCAAGCAG,TGGGAAGCTGA
74,negative,47,0.1158294826745987,VT65295|0|MEMB002D|+|2569,47,no,ATTCAG,GCACTAAGCAA,AGCGAAGCTGA
75,negative,47,-1.8841705322265625,VT65295|0|MEMB002E|-|2184,47,no,ATTCGG,GCGCTATGCAA,TGGGAAGCTTA
76,negative,47,-2.8841705322265625,VT65295|0|MEMB002F|-|2530,47,no,GAGGGG,GAACCAGGCAG,TGGGAAACTGA
77,negative,47,-2.8841705322265625,VT65295|0|MEMB003A|-|2218,47,no,ATATGG,GCACGCGGCTC,TGGGCAGCTAC
78,negative,47,-1.2992080450057983,VT65295|0|MEMB003B|-|2439,47,no,GTCCGG,GCACAAGGCAC,TGGAAAGCTTA
79,negative,47,-1.5216004848480225,VT65295|0|MEMB003C|+|2464,38,no,CTGTCC,GTGTGAAACAA,TGTCTGTCTGT
80,negative,47,-2.8841705322265625,VT65295|0|MEMB003D|-|2218,47,no,ATATGG,GCACGCGGCTT,TGGGCAGCTAC
81,negative,47,-0.8841705322265625,VT65295|0|MEMB003F|-|2339,47,no,ATGTCG,GGGCAAGGCAA,TGGACACCTGA
82,negative,47,-0.29920801520347595,VT65295|0|MEMB004A|-|1649,47,no,AAGAGG,GAGCCAGGCGG,TTCGAAACTAA
83,negative,47,-0.8841705322265625,VT65295|0|MEMB004B|+|2160,47,no,ATGTCG,GGGCAAGGCAA,CGGACACCTAA
84,negative,47,-0.8841705322265625,VT65295|0|MEMB004E|-|2307,47,no,ATGTCG,GGGCAAGGCAA,TGGGCACCTGA
85,negative,47,-0.8841705322265625,VT65295|0|MEMB005B|+|2303,47,no,ATATCG,CGGCAAGGCAA,TGGGCACCTAA
86,negative,47,-2.8841705322265625,VT65295|0|MEMB005D|-|2647,47,no,ATACGG,GCGCAAGGCAA,TGGGGCGCTGA
87,negative,47,-2.8841705322265625,VT65295|0|MEMB006A|-|2731,47,no,ATATGG,GGGCAAGGCAA,TGGGGCGCTGA
88,negative,47,-1.2992080450057983,VT65295|0|MEMB006B|-|2950,47,no,ATCCGG,GCACAAGGCAC,TGGTAAACTGA
89,negative,47,0.1158294826745987,VT65295|0|MEMB006C|+|2238,47,no,CCTTCG,GGGCAAAGCAA,TGGGCACCTGC
90,negative,47,1.2857544422149658,VT65295|0|MEMB007B|-|2640,47,no,GACAGG,GAACCCAGCAA,TGGGAATCTGA
91,negative,47,-1.2992080450057983,VT65295|0|MEMB007C|+|2249,47,no,GTCCGG,GCACAAAGCAC,TGGAAAGCTTC
92,negative,47,-2.8841705322265625,VT65295|0|MEMB007D|-|2925,47,no,GAGCGG,GAACAAGGCAA,TGGGAAACTGA
93,negative,47,-0.8841705322265625,VT65295|0|MEMB008C|-|2328,47,no,ATGTCG,GGGCAAGGCAA,TGGGCACCTGA
94,negative,47,-2.8841705322265625,VT65295|0|dkik|-|3985,47,no,ATATGG,GCACGCGGCTC,TGGGCAGCTAC
95,positive,62,3.1788392066955566,VT65295|0|MEMB002A|+|3572,62,no,CAATTG,TCTCAGCTTCC,TGGCCTTCCGA
96,positive,62,1.5938767194747925,VT65295|0|MEMB002B|-|1683,62,no,AAATTT,TTTTAGTTTCG,TGGACTTCCGA
97,positive,62,3.1788392066955566,VT65295|0|MEMB002C|-|3210,62,no,CAATAG,ACTCAGCTTCC,TGGCCTTCCGA
98,positive,62,0.5938767790794373,VT65295|0|MEMB002D|+|2569,62,no,CTATTT,ATTCAGCTTCG,CGGTACGCCTA
99,positive,62,3.1788392066955566,VT65295|0|MEMB002E|-|2184,62,no,CAATTT,ATTAAGCTTCC,TTGTATTCCGA
100,positive,62,3.1788392066955566,VT65295|0|MEMB002F|-|2530,62,no,CAATTG,TCTCAGTTTCC,TGGATTTCCGA
101,positive,62,3.1788392066955566,VT65295|0|MEMB003A|-|2218,62,no,CAATTT,ATGTAGCTGCC,TGGCACTCCGA
102,positive,62,3.1788392066955566,VT65295|0|MEMB003B|-|2439,62,no,CAATTT,ACTAAGCTTTC,TGGAAGTTCGA
103,positive,62,0.06336206197738647,VT65295|0|MEMB003C|+|2464,53,no,cagacg,agacagacaga,gacagacggac
104,positive,62,3.1788392066955566,VT65295|0|MEMB003D|-|2218,62,no,CAATTT,ATGTAGCTGCC,TGGCACTCCGT
105,positive,62,3.1788392066955566,VT65295|0|MEMB003F|-|2339,62,no,CAATTT,ATTCAGGTGTC,TGGCATTCCGA
106,positive,62,1.5938767194747925,VT65295|0|MEMB004A|-|1649,62,no,AAATTT,TTTTAGTTTCG,TGGACTTCCGA
107,positive,62,0.5938767790794373,VT65295|0|MEMB004B|+|2160,62,no,CGATTT,ATTTAGGTGTC,TGGCATTCCTA
108,positive,62,3.1788392066955566,VT65295|0|MEMB004E|-|2307,62,no,CAATTT,ATTCAGGTGCC,TGGTACTTCGA
109,positive,62,3.1788392066955566,VT65295|0|MEMB005B|+|2303,62,no,CAATTT,ATTTAGGTGCC,TGGTACCCCTA
110,positive,62,3.1788392066955566,VT65295|0|MEMB005D|-|2647,62,no,CAATTT,ATTCAGCGCCC,TGGCCTTCCGA
111,positive,62,3.1788392066955566,VT65295|0|MEMB006A|-|2731,62,no,CAATTT,ATTCAGCGCCC,TGGCCTTTCGA
112,positive,62,3.1788392066955566,VT65295|0|MEMB006B|-|2950,62,no,CAATTT,ATTCAGTTTAC,TGGTACTTCGA
113,positive,62,3.1788392066955566,VT65295|0|MEMB006C|+|2238,62,no,CAATTT,GGGCAGGTGCC,TGGTACTCCGA
114,positive,62,3.1788392066955566,VT65295|0|MEMB007B|-|2640,62,no,CAATTT,TCTCAGATTCC,TGGCCTTCCGA
115,positive,62,3.1788392066955566,VT65295|0|MEMB007C|+|2249,62,no,CAATCT,ACGAAGCTTTC,TGGCACTTCGA
116,positive,62,3.1788392066955566,VT65295|0|MEMB007D|-|2925,62,no,CAATGG,TCTCAGTTTCC,TTACGTTCCGA
117,positive,62,3.1788392066955566,VT65295|0|MEMB008C|-|2328,62,no,CAATTT,ATTCAGGTGCC,TGGCTTTCCTA
118,positive,62,3.1788392066955566,VT65295|0|dkik|-|3985,62,no,CAATTT,ATGTAGCTGCC,TGGCACTCCGA
119,negative,64,3.1788392066955566,VT65295|0|MEMB002A|+|3572,64,no,CACAAT,TGGGAAGCTGA,AGTCGGAAGGC
120,negative,64,1.5938767194747925,VT65295|0|MEMB002B|-|1683,64,no,CAAAAT,TTCGAAACTAA,AGTCGGAAGTC
121,negative,64,0.5938767790794373,VT65295|0|MEMB002C|-|3210,64,no,CACTAT,TGGGAAGCTGA,AGTCGGAAGGC
122,negative,64,1.5938767194747925,VT65295|0|MEMB002D|+|2569,64,no,CGAAAT,AGCGAAGCTGA,AGTAGGCGTAC
123,negative,64,1.5938767194747925,VT65295|0|MEMB002E|-|2184,64,no,AAAAAT,TGGGAAGCTTA,AGTCGGAATAC
124,negative,64,3.1788392066955566,VT65295|0|MEMB002F|-|2530,64,no,CACAAT,TGGGAAACTGA,AGTCGGAAATC
125,negative,64,1.5938767194747925,VT65295|0|MEMB003A|-|2218,64,no,CAAAAT,TGGGCAGCTAC,AGTCGGAGTGC
126,negative,64,1.5938767194747925,VT65295|0|MEMB003B|-|2439,64,no,CAAAAT,TGGAAAGCTTA,AGTCGAACTTC
127,negative,64,1.5938767194747925,VT65295|0|MEMB003D|-|2218,64,no,CAAAAT,TGGGCAGCTAC,AGACGGAGTGC
128,negative,64,1.5938767194747925,VT65295|0|MEMB003F|-|2339,64,no,CAAAAT,TGGACACCTGA,AGTCGGAATGC
129,negative,64,1.5938767194747925,VT65295|0|MEMB004A|-|1649,64,no,CAAAAT,TTCGAAACTAA,AGTCGGAAGTC
130,negative,64,1.5938767194747925,VT65295|0|MEMB004B|+|2160,64,no,CAAAAT,CGGACACCTAA,AGTAGGAATGC
131,negative,64,1.5938767194747925,VT65295|0|MEMB004E|-|2307,64,no,CAAAAT,TGGGCACCTGA,AGTCGAAGTAC
132,negative,64,1.5938767194747925,VT65295|0|MEMB005B|+|2303,64,no,CAAAAT,TGGGCACCTAA,AGTAGGGGTAC
133,negative,64,1.5938767194747925,VT65295|0|MEMB005D|-|2647,64,no,CAAAAT,TGGGGCGCTGA,AGTCGGAAGGC
134,negative,64,1.5938767194747925,VT65295|0|MEMB006A|-|2731,64,no,CAAAAT,TGGGGCGCTGA,AGTCGAAAGGC
135,negative,64,1.5938767194747925,VT65295|0|MEMB006B|-|2950,64,no,CAAAAT,TGGTAAACTGA,AGTCGAAGTAC
136,negative,64,1.5938767194747925,VT65295|0|MEMB006C|+|2238,64,no,CAAAAT,TGGGCACCTGC,AATCGGAGTAC
137,negative,64,1.5938767194747925,VT65295|0|MEMB007B|-|2640,64,no,CAAAAT,TGGGAATCTGA,AGTCGGAAGGC
138,negative,64,-0.9910857081413268,VT65295|0|MEMB007C|+|2249,64,no,CAAGAT,TGGAAAGCTTC,AGTCGAAGTGC
139,negative,64,0.5938767790794373,VT65295|0|MEMB007D|-|2925,64,no,AACCAT,TGGGAAACTGA,GGTCGGAACGT
140,negative,64,1.5938767194747925,VT65295|0|MEMB008C|-|2328,64,no,CAAAAT,TGGGCACCTGA,AGTAGGAAAGC
141,negative,64,1.5938767194747925,VT65295|0|dkik|-|3985,64,no,CAAAAT,TGGGCAGCTAC,AGTCGGAGTGC
142,positive,99,3.1788392066955566,VT65295|0|MEMB002A|+|3572,99,no,CACTGC,TACGGATCCAG,CAGCCACTTCC
143,positive,99,3.1788392066955566,VT65295|0|MEMB002B|-|1683,99,no,CACTGC,TACGGATCCAG,CAGCCACTTGC
144,positive,99,3.1788392066955566,VT65295|0|MEMB002C|-|3210,99,no,CACTGC,TACGGATCCAG,CAGCCACTTCC
145,positive,99,1.1788393259048462,VT65295|0|MEMB002D|+|2569,99,no,CATTGC,AGTGGATCGAG,CAGCCACTTGC
146,positive,99,0.5938767790794373,VT65295|0|MEMB002E|-|2184,99,no,TATTGC,AGAGGATCGAG,CAGCCACTTGC
147,positive,99,3.1788392066955566,VT65295|0|MEMB002F|-|2530,99,no,CACTGC,TACGGATCCAG,CAGCCACTTGC
148,positive,99,3.1788392066955566,VT65295|0|MEMB003A|-|2218,99,no,CACTGC,AGGGGATCAAG,CAGCCACTTGC
149,positive,99,-0.4061232209205627,VT65295|0|MEMB003B|-|2439,99,no,GATTGC,AGCGGATCGAG,CATCCACTTGC
150,positive,99,1.2857544422149658,VT65295|0|MEMB003C|+|2464,69,no,catggc,ggacagacgga,taaaacgactc
151,positive,99,3.1788392066955566,VT65295|0|MEMB003D|-|2218,99,no,CACTGC,AGGGGATCAAG,CAGCCACTTGC
152,positive,99,3.1788392066955566,VT65295|0|MEMB003F|-|2339,99,no,CACTGC,AGCGGGTCTAG,CAGCCACTTGC
153,positive,99,3.1788392066955566,VT65295|0|MEMB004A|-|1649,99,no,CACTGC,TACGGATCCAG,CAGCCATTTGC
154,positive,99,3.1788392066955566,VT65295|0|MEMB004B|+|2160,99,no,CACTGC,AGCGGGTCGAG,CAGCCACTTGC
155,positive,99,1.1788393259048462,VT65295|0|MEMB004E|-|2307,99,no,CAGTGC,AGTGGATCGAG,CAGCCACTTGC
156,positive,99,0.5938767790794373,VT65295|0|MEMB005B|+|2303,99,no,TATTGC,AGTGGGTCGAG,CAGCCACTTGC
157,positive,99,3.1788392066955566,VT65295|0|MEMB005D|-|2647,99,no,CAATGC,AGCGGATCGAG,CAGCCACTTCC
158,positive,99,1.1788393259048462,VT65295|0|MEMB006A|-|2731,99,no,CAGTGC,AGCGGATCGAG,CAGCCACTTCC
159,positive,99,2.0633621215820312,VT65295|0|MEMB006B|-|2950,99,no,CACAGC,AGTGGATCGAG,CAGCCACTTGC
160,positive,99,3.1788392066955566,VT65295|0|MEMB006C|+|2238,99,no,CACTGC,AGCGGGTCGAG,CAGCCACTTGC
161,positive,99,3.1788392066955566,VT65295|0|MEMB007B|-|2640,99,no,CACTGC,TACGGATCCAG,CAGCCACTTCC
162,positive,99,-0.4061232209205627,VT65295|0|MEMB007C|+|2249,99,no,GATTGC,AGCGGATCGAG,CATCCACTTGC
163,positive,99,3.1788392066955566,VT65295|0|MEMB007D|-|2925,99,no,CACTGC,AGCGGATCGAG,CAGCCACTTGC
164,positive,99,-0.4061232209205627,VT65295|0|MEMB008C|-|2328,99,no,AATTGC,AGCGGGTCGAG,CAGCCACTTGC
165,positive,99,3.1788392066955566,VT65295|0|dkik|-|3985,99,no,CACTGC,AGGGGATCAAG,CAGCCACTTGC
166,positive,119,3.1788392066955566,VT65295|0|MEMB002A|+|3572,109,no,CACTTC,GCACTGCCAGC,CGCTTCTCGAT
167,positive,119,3.1788392066955566,VT65295|0|MEMB002B|-|1683,109,no,CACTTG,GCACTGCCAGC,CGCTTCTCGAT
168,positive,119,3.1788392066955566,VT65295|0|MEMB002C|-|3210,109,no,CACTTC,GCACTGCCAGC,CGCTTCTCGAT
169,positive,119,3.1788392066955566,VT65295|0|MEMB002D|+|2569,109,no,CACTTG,GCATTGCCAGC,CGTTTCTCGAT
170,positive,119,3.1788392066955566,VT65295|0|MEMB002E|-|2184,109,no,CACTTG,GTATTGCCAGC,CGTTTCTCGAT
171,positive,119,3.1788392066955566,VT65295|0|MEMB002F|-|2530,109,no,CACTTG,GCACTGCCAGC,CGCTTCTCGAT
172,positive,119,3.1788392066955566,VT65295|0|MEMB003A|-|2218,109,no,CACTTG,GCACTGCCAGC,CGTTTCTCAAT
173,positive,119,3.1788392066955566,VT65295|0|MEMB003B|-|2439,109,no,CACTTG,GGATTGCCATC,CGTTTCTCGAT
174,positive,119,-1.991085767745972,VT65295|0|MEMB003C|+|2464,89,no,tggtga,aacgactcggc,cgctgatcaag
175,positive,119,3.1788392066955566,VT65295|0|MEMB003D|-|2218,109,no,CACTTG,GCACTGCCAGC,CGTTTCTCAAT
176,positive,119,3.1788392066955566,VT65295|0|MEMB003F|-|2339,109,no,CACTTG,GCACTGCCAGC,CGTTTCTCGAT
177,positive,119,1.1788393259048462,VT65295|0|MEMB004A|-|1649,109,no,CATTTG,GCACTGCCAGC,CGCTTCTCGAT
178,positive,119,3.1788392066955566,VT65295|0|MEMB004B|+|2160,109,no,CACTTG,GCACTGCCAGC,CGTTTCTCGAT
179,positive,119,3.1788392066955566,VT65295|0|MEMB004E|-|2307,109,no,CACTTG,GCAGTGCCAGC,CGTTTCTCGAT
180,positive,119,3.1788392066955566,VT65295|0|MEMB005B|+|2303,109,no,CACTTG,GTATTGCCAGC,CGTTTCTCGAT
181,positive,119,3.1788392066955566,VT65295|0|MEMB005D|-|2647,109,no,CACTTC,GCAATGCCAGC,CGCTTCTCGAT
182,positive,119,3.1788392066955566,VT65295|0|MEMB006A|-|2731,109,no,CACTTC,GCAGTGCCAGC,CGTTTCTCGAT
183,positive,119,3.1788392066955566,VT65295|0|MEMB006B|-|2950,109,no,CACTTG,GCACAGCCAGC,CGTTTCTCAAT
184,positive,119,3.1788392066955566,VT65295|0|MEMB006C|+|2238,109,no,CACTTG,GCACTGCCAGC,CGTTTCTCGAT
185,positive,119,3.1788392066955566,VT65295|0|MEMB007B|-|2640,109,no,CACTTC,GCACTGCCAGC,CGCTTCTCGAT
186,positive,119,3.1788392066955566,VT65295|0|MEMB007C|+|2249,109,no,CACTTG,GGATTGCCATC,CGTTTCTCGAT
187,positive,119,3.1788392066955566,VT65295|0|MEMB007D|-|2925,109,no,CACTTG,GCACTGCCAGC,CGCTTCTCAAT
188,positive,119,3.1788392066955566,VT65295|0|MEMB008C|-|2328,109,no,CACTTG,GAATTGCCAGC,CGTTTCTCGAT
189,positive,119,3.1788392066955566,VT65295|0|dkik|-|3985,109,no,CACTTG,GCACTGCCAGC,CGTTTCTCAAT
190,negative,166,3.2857544422149663,VT65295|0|MEMB002A|+|3572,156,no,CTCAAG,CTGACGGCCAG,TCCATGTCCGC
191,negative,166,1.7007919549942017,VT65295|0|MEMB002B|-|1683,156,no,CTAAAG,CTGACGGCCAA,TTCATGTTCGC
192,negative,166,3.2857544422149663,VT65295|0|MEMB002C|-|3210,156,no,CTCAAG,CTGACGGCCAG,TTCATGTTCGC
193,negative,166,3.2857544422149663,VT65295|0|MEMB002D|+|2569,156,no,CTCAAG,CTGACGGCCCA,TTCATGTGCGC
194,negative,166,3.2857544422149663,VT65295|0|MEMB002E|-|2184,156,no,CTCAAG,CTGACGGCCAA,TTCATGTGCGC
195,negative,166,1.7007919549942017,VT65295|0|MEMB002F|-|2530,156,no,CTGAAG,CTGGCGCCTAA,TCCATGTTCGC
196,negative,166,3.2857544422149663,VT65295|0|MEMB003A|-|2218,156,no,CTCAAG,CTGTCGGCCAA,TTCATGTGCGC
197,negative,166,3.2857544422149663,VT65295|0|MEMB003B|-|2439,156,no,CTCAAG,CTGACGGCCAA,TTCATGTGCGC
198,negative,166,3.2857544422149663,VT65295|0|MEMB003D|-|2218,156,no,CTCAAG,CTGTCAGCCAA,TTCATGTGCGC
199,negative,166,3.2857544422149663,VT65295|0|MEMB003F|-|2339,156,no,CTCAAG,CTCGCGGCCCA,TTCATGTGCGC
200,negative,166,1.7007919549942017,VT65295|0|MEMB004A|-|1649,156,no,CTAAAG,CTGACGGCCAA,TTCATGTTCGC
201,negative,166,3.2857544422149663,VT65295|0|MEMB004B|+|2160,156,no,CTCAAG,CTCACGGCCCA,TTCATGTGCGC
202,negative,166,3.2857544422149663,VT65295|0|MEMB004E|-|2307,156,no,CTCAAG,CTCACGGCCCA,TTCATGTGCGC
203,negative,166,3.2857544422149663,VT65295|0|MEMB005B|+|2303,156,no,CTCAAG,CTCACGGCCAA,TTCATGTGCGC
204,negative,166,1.7007919549942017,VT65295|0|MEMB005D|-|2647,156,no,CTAAAG,CTGTCGGCTAG,TTCATGTGCGC
205,negative,166,1.7007919549942017,VT65295|0|MEMB006A|-|2731,156,no,CTAAAG,CTGTCGGCTAG,TTCATGTGCGC
206,negative,166,2.7007920742034908,VT65295|0|MEMB006B|-|2950,156,no,CTTAAG,CTGTCGGCTGT,TTCATGTGCGT
207,negative,166,2.0633621215820312,VT65295|0|MEMB006C|+|2238,156,no,CTCAAA,CTCTCGGCCAA,TTCATGTGCGA
208,negative,166,1.7007919549942017,VT65295|0|MEMB007B|-|2640,156,no,CTGAAG,CTGACGGCCAG,TTCATGTTCGC
209,negative,166,3.2857544422149663,VT65295|0|MEMB007C|+|2249,156,no,CTCAAG,CTGACGGCGAA,TTCATGTGCGC
210,negative,166,1.4783995151519775,VT65295|0|MEMB007D|-|2925,156,no,CTTAAA,CTATCGGCCAA,TTCATGTGCGC
211,negative,166,3.2857544422149663,VT65295|0|MEMB008C|-|2328,156,no,CTCAAG,CTCACGGCCCA,TTCATGTCCGG
212,negative,166,3.2857544422149663,VT65295|0|dkik|-|3985,156,no,CTCAAG,CTGTCGGCCAA,TTCATGTGCGC
213,positive,186,3.1788392066955566,VT65295|0|MEMB002A|+|3572,176,no,CAATGG,GACATGGAAGT,TCTGCTCCACG
214,positive,186,3.1788392066955566,VT65295|0|MEMB002B|-|1683,176,no,CAATGG,AACATGAAAGT,TCTGCTCCACG
215,positive,186,3.1788392066955566,VT65295|0|MEMB002C|-|3210,176,no,CAATGG,AACATGAAAGT,TCTGCTCCACG
216,positive,186,3.1788392066955566,VT65295|0|MEMB002D|+|2569,176,no,CAATGG,CACATGAAAGT,TCTGCTCCACT
217,positive,186,0.5938767790794373,VT65295|0|MEMB002E|-|2184,176,no,CGATGG,CACATGAAAGT,TCTGCTCCACT
218,positive,186,3.1788392066955566,VT65295|0|MEMB002F|-|2530,176,no,CAATGG,AACATGGAAAT,TCTGTTCCACG
219,positive,186,3.1788392066955566,VT65295|0|MEMB003A|-|2218,176,no,CAATGG,CACATGAAAGT,TCTGTTCCACT
220,positive,186,3.1788392066955566,VT65295|0|MEMB003B|-|2439,176,no,CAATGG,CACATGAAAGT,TCTGTTCCACT
221,positive,186,-2.5216004848480225,VT65295|0|MEMB003C|+|2464,127,no,cggaga,ctttatagggt,tttctccttct
222,positive,186,3.1788392066955566,VT65295|0|MEMB003D|-|2218,176,no,CAATGG,CACATGAAAGT,TCTGTTCCACT
223,positive,186,3.1788392066955566,VT65295|0|MEMB003F|-|2339,176,no,CAATGG,CACATGAAAGT,TCTGCTCCACG
224,positive,186,3.1788392066955566,VT65295|0|MEMB004A|-|1649,176,no,CAATGG,AACATGAAAGT,TCTGCTCCACG
225,positive,186,3.1788392066955566,VT65295|0|MEMB004B|+|2160,176,no,CAATGG,CACATGAAAGT,TCTGCTCCACT
226,positive,186,3.1788392066955566,VT65295|0|MEMB004E|-|2307,176,no,CAATGG,CACATGAAAAT,TCTGCTCCACT
227,positive,186,3.1788392066955566,VT65295|0|MEMB005B|+|2303,176,no,CAATGG,CACATGAAAGT,TCTGCTCCACT
228,positive,186,3.1788392066955566,VT65295|0|MEMB005D|-|2647,176,no,CAATGG,CACATGAAAGT,TCTGCTCCACC
229,positive,186,3.1788392066955566,VT65295|0|MEMB006A|-|2731,176,no,CAATGG,CACATGAAAGT,TCTGCTCCACC
230,positive,186,3.1788392066955566,VT65295|0|MEMB006B|-|2950,176,no,CAATGG,CACATGAAAGT,TCTGCTCGACT
231,positive,186,3.1788392066955566,VT65295|0|MEMB006C|+|2238,176,no,CAATGG,CACATGAAAGT,TCTGCTCCACT
232,positive,186,3.1788392066955566,VT65295|0|MEMB007B|-|2640,176,no,CAATGG,AACATGAAAGT,TCTGCTCCACG
233,positive,186,3.1788392066955566,VT65295|0|MEMB007C|+|2249,176,no,CAATGG,CACATGAAAGT,TCTGTTCCACT
234,positive,186,3.1788392066955566,VT65295|0|MEMB007D|-|2925,176,no,CAATCG,CACATGAAAGT,TCTGCTCCACT
235,positive,186,3.1788392066955566,VT65295|0|MEMB008C|-|2328,176,no,CAATGG,GACATGAAAGT,TCTGCTCCACT
236,positive,186,3.1788392066955566,VT65295|0|dkik|-|3985,176,no,CAATGG,CACATGAAAGT,TCTGCTCCACT
237,positive,199,3.2857544422149663,VT65295|0|MEMB002A|+|3572,189,no,CACGGT,ATGGTCTGCTC,TAGTTTCTTAT
238,positive,199,3.2857544422149663,VT65295|0|MEMB002B|-|1683,189,no,CACGGT,ATGGTCTGCTC,TAGTTTCTTGT
239,positive,199,3.2857544422149663,VT65295|0|MEMB002C|-|3210,189,no,CACGGT,ATGGTCTGCTC,TAGCTTCTTGT
240,positive,199,3.1788392066955566,VT65295|0|MEMB002D|+|2569,189,no,CACTGT,ATGGTCTGCTC,TAGCTTCTCGT
241,positive,199,3.1788392066955566,VT65295|0|MEMB002E|-|2184,189,no,CACTGT,ATGGTCTGCTC,TAGCTTCTCAT
242,positive,199,3.2857544422149663,VT65295|0|MEMB002F|-|2530,189,no,CACGGT,ATGGTCTGTTC,TAGTTTCCTAT
243,positive,199,3.1788392066955566,VT65295|0|MEMB003A|-|2218,189,no,CACTGT,ATGGTCTGTTC,TAGCTTCTTGT
244,positive,199,3.1788392066955566,VT65295|0|MEMB003B|-|2439,189,no,CACTGT,ATGGTCTGTTC,TAGCTTCTCGT
245,positive,199,0.008914276957511902,VT65295|0|MEMB003C|+|2464,140,no,ttctgc,gagatttctcc,ctgttacatac
246,positive,199,3.1788392066955566,VT65295|0|MEMB003D|-|2218,189,no,CACTGT,ATGGTCTGTTC,TAGCTTCTTGT
247,positive,199,3.2857544422149663,VT65295|0|MEMB003F|-|2339,189,no,CACGGT,ATGGTCTGCTC,TAGCTTTTCGT
248,positive,199,3.2857544422149663,VT65295|0|MEMB004A|-|1649,189,no,CACGGT,ATGGTCTGCTC,TAGTTTCTTGT
249,positive,199,3.1788392066955566,VT65295|0|MEMB004B|+|2160,189,no,CACTGT,ATGGTCTGCTC,TAGCTTCTCGT
250,positive,199,3.1788392066955566,VT65295|0|MEMB004E|-|2307,189,no,CACTGT,ATGGTCTGCTC,TAGCTTCTCGT
251,positive,199,3.1788392066955566,VT65295|0|MEMB005B|+|2303,189,no,CACTGT,ATGGTCTGCTC,TAGCTTCTCGT
252,positive,199,2.648324489593506,VT65295|0|MEMB005D|-|2647,189,no,CACCGT,ATGGTCTGCTC,CAGCTTCTCGT
253,positive,199,2.648324489593506,VT65295|0|MEMB006A|-|2731,189,no,CACCGT,ATGGTCTGCTC,CAGCTTCTCGT
254,positive,199,1.5938767194747925,VT65295|0|MEMB006B|-|2950,189,no,GACTGT,ATGGTCTGCTC,TAGCTTGTCGT
255,positive,199,3.1788392066955566,VT65295|0|MEMB006C|+|2238,189,no,CACTGT,ATGGTCTGCTC,TAGCTTCTCGT
256,positive,199,3.2857544422149663,VT65295|0|MEMB007B|-|2640,189,no,CACGGT,ATGGTCTGCTC,TAGTTTCTTAT
257,positive,199,3.1788392066955566,VT65295|0|MEMB007C|+|2249,189,no,CACTGT,ATGGTCTGTTC,TAGCTTCTCGT
258,positive,199,3.1788392066955566,VT65295|0|MEMB007D|-|2925,189,no,CACTGT,ATCGTCTGCTC,TAGCTTCTTGT
259,positive,199,3.1788392066955566,VT65295|0|MEMB008C|-|2328,189,no,CACTGT,ATGGTCTGCTC,TAGCTTCTCGT
260,positive,199,3.1788392066955566,VT65295|0|dkik|-|3985,189,no,CACTGT,ATGGTCTGCTC,TAGCTTCTTGT
261,positive,246,3.2857544422149663,VT65295|0|MEMB002A|+|3572,236,no,CAAGGT,GCGGAAGTCTA,GACGTTGCTCA
262,positive,246,3.2857544422149663,VT65295|0|MEMB002B|-|1683,236,no,CAAGGT,GCGGAAGTCTA,GACGTTGCTCA
263,positive,246,3.2857544422149663,VT65295|0|MEMB002C|-|3210,236,no,CAAGGT,GCGGAAGTCCA,GACGTTGCTCA
264,positive,246,0.5938767790794373,VT65295|0|MEMB002D|+|2569,236,no,CCATGT,ACGGAAGTCAA,GACGTTGTTCG
265,positive,246,0.7007919549942017,VT65295|0|MEMB002E|-|2184,236,no,CCAGGT,TCGGAAGTCAA,GACGTTGCCCA
266,positive,246,-0.8841705322265625,VT65295|0|MEMB002F|-|2530,236,no,GTAGGT,ACGGAAGTCAA,GACGTTGCTCA
267,positive,246,0.7007919549942017,VT65295|0|MEMB003A|-|2218,236,no,CCAGGT,ACGGAAGTCCA,GACGTTGCTCG
268,positive,246,0.7007919549942017,VT65295|0|MEMB003B|-|2439,236,no,CTAGGT,ACGGAAGTCGA,GGCGGTGCGCG
269,positive,246,0.008914276957511902,VT65295|0|MEMB003C|+|2464,176,no,ttataa,ttggcactaac,tacccttgtac
270,positive,246,0.7007919549942017,VT65295|0|MEMB003D|-|2218,236,no,CCAGGT,ACGGAAGTCCA,GACGTTGCTCG
271,positive,246,0.7007919549942017,VT65295|0|MEMB003F|-|2339,236,no,CCAGGT,ACGGAAGTCAA,GACGTTGCTCG
272,positive,246,3.2857544422149663,VT65295|0|MEMB004A|-|1649,236,no,CAAGGT,GCGGAAGTCTA,GACGTTGCTCA
273,positive,246,0.7007919549942017,VT65295|0|MEMB004B|+|2160,236,no,CCAGGT,ACGGAAGTCAA,GACGTTGCTCG
274,positive,246,0.5938767790794373,VT65295|0|MEMB004E|-|2307,236,no,CCATGT,ACGGAAGTCAA,GACGTTGGGCG
275,positive,246,0.7007919549942017,VT65295|0|MEMB005B|+|2303,236,no,CTAGGT,ACGGAAGTCAA,GACGTTGCTCG
276,positive,246,0.7007919549942017,VT65295|0|MEMB005D|-|2647,236,no,CCAGGT,CCGGAAGTCAA,GACGTTGCTCG
277,positive,246,0.7007919549942017,VT65295|0|MEMB006A|-|2731,236,no,CCAGGT,CCGGAAGTCAA,GACGTTGCTCG
278,positive,246,0.7007919549942017,VT65295|0|MEMB006B|-|2950,236,no,CCAGGT,ACGGAAGTCAA,GGCGTTGCTCG
279,positive,246,0.7007919549942017,VT65295|0|MEMB006C|+|2238,236,no,CTAGGT,ACGGAAGTCAA,GACGTTGCTCG
280,positive,246,0.7007919549942017,VT65295|0|MEMB007B|-|2640,236,no,CCAGGT,GCGGAAGTCCA,GACGTTGCTCA
281,positive,246,0.7007919549942017,VT65295|0|MEMB007C|+|2249,236,no,CCAGGT,ACGGAAGTCGA,GACGGTGCGCT
282,positive,246,2.7007920742034908,VT65295|0|MEMB007D|-|2925,236,no,TAAGGC,ACGGAAGTCAA,GACGTTGCTCA
283,positive,246,0.7007919549942017,VT65295|0|MEMB008C|-|2328,236,no,CCAGGT,ACGGAAGTCAA,GACGCTGCTCG
284,positive,246,0.7007919549942017,VT65295|0|dkik|-|3985,236,no,CCAGGT,ACGGAAGTCCA,GACGTTGCTCT
285,negative,432,3.2857544422149663,VT65295|0|MEMB002A|+|3572,325,no,GACAAG,GTGTAGAAAGT,TATTTGCGATA
286,negative,432,-0.5216004252433777,VT65295|0|MEMB002B|-|1683,316,no,GATCAC,ACGTATAACGT,TATCTGCGATA
287,negative,432,3.2857544422149663,VT65295|0|MEMB002C|-|3210,310,no,GACAAG,GTGTAAAAAGT,TATTTGCGATA
288,negative,432,-0.9366379380226136,VT65295|0|MEMB002F|-|2530,322,no,GCAAGC,ATGTAGAAAGT,AACTGGTATTT
289,negative,432,3.2857544422149663,VT65295|0|MEMB007B|-|2640,325,no,GACACG,GTGTAAAAAGT,TATTTGCGATA
290,positive,583,3.1788392066955566,VT65295|0|MEMB002A|+|3572,476,no,caatgt,taatttcatgt,cagtatcagta
291,negative,611,3.2857544422149663,VT65295|0|MEMB002A|+|3572,504,no,CACAAG,CGTAAATATAG,CGTTTGGTAAA
292,positive,630,3.2857544422149663,VT65295|0|MEMB002A|+|3572,523,no,caagag,taccaaacgat,tgcatttgtcg
293,negative,634,3.1788392066955566,VT65295|0|MEMB002A|+|3572,527,no,TGCACT,CTTGATCGTTT,AAATCGACAAA
294,positive,654,3.1788392066955566,VT65295|0|MEMB002A|+|3572,547,no,caatgt,gtcgattttta,ctgatttagtt
295,negative,680,3.1788392066955566,VT65295|0|MEMB002A|+|3572,573,no,GGCACT,TCTCTGCTCAA,CAAAATTTGAT
296,negative,818,3.2857544422149663,VT65295|0|MEMB002A|+|3572,711,no,AACACG,TTCCCGACCCT,GTGCTCTCATC
297,negative,818,-3.106562852859497,VT65295|0|MEMB002C|-|3210,463,no,TATGTA,TGTACAATTTT,TGGCGCCAATG
298,positive,832,3.2857544422149663,VT65295|0|MEMB002A|+|3572,725,no,cacgtc,gttgatgagag,aaaatcgttca
299,positive,832,0.5938767790794373,VT65295|0|MEMB002C|-|3210,477,no,CCATTA,ATACATTGGCG,TATCGCACGGC
300,positive,854,3.2857544422149663,VT65295|0|MEMB002A|+|3572,747,no,caaggt,cgttcaaaaac,taagatgacag
301,positive,854,0.7007919549942017,VT65295|0|MEMB002C|-|3210,499,no,CTCGAA,CACGGCCAAGG,TGCGCCACCTG
302,positive,854,1.5938767194747925,VT65295|0|MEMB007D|-|2925,515,no,GAATCG,AGCGCTCAACT,CTCTTAATAAG
303,negative,885,3.2857544422149663,VT65295|0|MEMB002A|+|3572,778,no,ACCACG,AAAATCGAAAA,TAGTGCAACAC
304,positive,897,3.1788392066955566,VT65295|0|MEMB002A|+|3572,790,no,cactat,gtggtgtgttg,gaattccttcc
305,positive,897,0.6483245491981506,VT65295|0|MEMB002C|-|3210,533,no,CAGCAG,ACAGCTTGCAA,TGCCTTAGGGC
306,positive,897,2.0633621215820312,VT65295|0|MEMB007D|-|2925,549,no,TAACAA,TTGAAAGAGCG,GGAAGAGTTTA
307,negative,966,3.2857544422149663,VT65295|0|MEMB002A|+|3572,859,no,TTCACG,CAAACGACGCA,CGATGAATTTC
308,negative,966,0.008914276957511902,VT65295|0|MEMB007D|-|2925,587,no,TTTGAT,CTTCGTTTGAA,GAATGAACATG
309,negative,1012,3.2857544422149663,VT65295|0|MEMB002A|+|3572,905,no,ACCAAG,AGTTGTTGGCC,GTGATGCAAAA
310,negative,1012,0.008914276957511902,VT65295|0|MEMB002B|-|1683,430,no,TATGCT,CTTTTAATACA,ACTTTTCTTGT
311,negative,1012,1.5938767194747925,VT65295|0|MEMB002C|-|3210,602,no,TAAAAT,CGGATCATAAA,TCGGATTTCAG
312,negative,1012,-1.9366379976272583,VT65295|0|MEMB002F|-|2530,443,no,GTCGTC,CTTATAATCGT,ATATTTCCTTT
313,negative,1012,0.5938767790794373,VT65295|0|MEMB004A|-|1649,406,no,TACGCT,CTTTTAATACA,GCTTTTCTTGT
314,negative,1012,-1.991085767745972,VT65295|0|MEMB007D|-|2925,633,no,ACTCTT,GGTTCATGCTC,TTAATATATTT
315,positive,1026,3.2857544422149663,VT65295|0|MEMB002A|+|3572,919,no,cacgat,ggtttttgcat,aatgcaccgtc
316,positive,1026,-2.991085767745972,VT65295|0|MEMB002B|-|1683,444,no,AGTTCA,ATAACAAGAAA,ACTTAAACAAA
317,positive,1026,0.5938767790794373,VT65295|0|MEMB002C|-|3210,616,no,CGATTT,TTACTGAAATC,AGGAAACGTCC
318,positive,1026,-0.9910857081413268,VT65295|0|MEMB004A|-|1649,420,no,AGCTCA,GTAACAAGAAA,ACTAAAACGAA
319,positive,1046,3.1788392066955566,VT65295|0|MEMB002A|+|3572,939,no,cactgc,gcaccgtcgca,actcgttcttc
320,positive,1046,0.5938767790794373,VT65295|0|MEMB002B|-|1683,464,no,TATTTT,TAAACAAAACT,AGGTATATTCG
321,positive,1046,0.008914276957511902,VT65295|0|MEMB002C|-|3210,636,no,TTATTA,AAACGTCCCTT,TATTTATTTAT
322,positive,1046,0.5938767790794373,VT65295|0|MEMB004A|-|1649,440,no,TATTTA,AAAACGAAACT,AGATTATATTA
323,positive,1051,3.1788392066955566,VT65295|0|MEMB002A|+|3572,944,no,cactcg,gtcgcacactg,ttcttcgtgac
324,positive,1051,0.7007919549942017,VT65295|0|MEMB002B|-|1683,469,no,TAGGTA,AAAACTTATTT,TATTCGTTCTT
325,positive,1051,-0.9910857081413268,VT65295|0|MEMB002C|-|3210,641,no,ATATTT,TCCCTTTTATT,ATTTATTGTAT
326,positive,1051,-1.5216004848480225,VT65295|0|MEMB004A|-|1649,445,no,AAGATT,GAAACTTATTT,ATATTAGTTCT
327,negative,1062,3.2857544422149663,VT65295|0|MEMB002A|+|3572,955,no,GTCACG,AAGAACGAGTG,TTGGTGAAATG
328,negative,1062,-2.1065628528594966,VT65295|0|MEMB002C|-|3210,652,no,ATACAA,TAAATAAATAT,AAAGTTAATAG
329,negative,1062,1.5938767194747925,VT65295|0|MEMB004A|-|1649,456,no,AGAACT,AATATAATCTT,TTAGAGGTCCA
330,positive,1076,3.1788392066955566,VT65295|0|MEMB002A|+|3572,969,no,caataa,gaccatttcac,tttgttccgca
331,positive,1076,-3.106562852859497,VT65295|0|MEMB002C|-|3210,666,no,TTTAAC,TATCTATTAAC,CCAAAAATAAC
332,positive,1076,1.4783995151519775,VT65295|0|MEMB004A|-|1649,470,no,TAAAGA,TCTTGGACCTC,AGTGTTAGCCA
333,negative,1116,3.2857544422149663,VT65295|0|MEMB002A|+|3572,1009,no,CACACG,GAGCCAAATCA,TAGCCAGAAGT
334,negative,1116,0.008914276957511902,VT65295|0|MEMB002C|-|3210,706,no,AATCCT,AATAAACGTTT,GCGCCCTCATA
335,positive,1144,3.2857544422149663,VT65295|0|MEMB002A|+|3572,1037,no,caagag,ttcccaaaact,accactccggg
336,positive,1144,-2.1065628528594966,VT65295|0|MEMB002C|-|3210,734,no,gccaga,aagtaggcgtg,ttttaaaacaa
337,positive,1152,3.1788392066955566,VT65295|0|MEMB002A|+|3572,1045,no,cactcc,actcaagagac,ggggaacgcgt
338,positive,1152,-1.1065629720687866,VT65295|0|MEMB002C|-|3210,742,no,ttaaaa,gtggccagatt,caaacttgatc
339,negative,1178,3.1788392066955566,VT65295|0|MEMB002A|+|3572,1071,no,TTCAAT,CGACTCGAAAC,GCTTTTATCTC
340,negative,1178,-1.8841705322265625,VT65295|0|MEMB002C|-|3210,768,no,AATCTG,TTGCACGCAGA,GACAACATTGG
341,negative,1293,3.1788392066955566,VT65295|0|MEMB002A|+|3572,1186,no,ATCAAT,TTCATCCTCTT,TATTCTCCTGA
342,negative,1293,-0.9366379380226136,VT65295|0|MEMB002C|-|3210,883,no,TTGATC,AGCGTCACCAG,TATATATATTC
343,positive,1323,3.1788392066955566,VT65295|0|MEMB002A|+|3572,1216,no,cacttt,taaagaatttt,acaaacaaatt
344,positive,1323,2.0633621215820312,VT65295|0|MEMB002C|-|3210,913,no,TACCCT,TATACTTATAA,ATGGGTACCGG
345,positive,1377,3.1788392066955566,VT65295|0|MEMB002A|+|3572,1270,no,CAATAT,CTGTTAAATAT,CAAATATAAAC
346,negative,1470,3.1788392066955566,VT65295|0|MEMB002A|+|3572,1325,no,AACAAT,TCATAGGGGGA,GTAGGTTTGTA
347,negative,1470,3.1788392066955566,VT65295|0|MEMB002C|-|3210,971,no,AACAAT,TCTTAGGGGGA,GTAGGTTTGTT
348,negative,1470,2.648324489593506,VT65295|0|MEMB002F|-|2530,518,no,AACAAC,TCTTTGCGATG,GTAGGTTTGTT
349,negative,1470,3.1788392066955566,VT65295|0|MEMB003C|+|2464,248,no,AACAAT,TCTTAGGGGGA,GTAGGTTTGTT
350,negative,1470,3.1788392066955566,VT65295|0|MEMB007B|-|2640,418,no,AACAAT,TCTTAGGGGGA,GTAGGTTTGTT
351,negative,1470,1.5938767194747925,VT65295|0|MEMB007D|-|2925,710,no,TAAAAT,TCATTTACTTT,ACACCAGTACG
352,negative,1488,3.2857544422149663,VT65295|0|MEMB002A|+|3572,1343,no,AACACG,GGTAGGTTTGT,AGCCCTTTGTT
353,negative,1488,3.1788392066955566,VT65295|0|MEMB002B|-|1683,539,no,AACACT,GGTAGGTATCT,AGCCCTTTGTT
354,negative,1488,3.2857544422149663,VT65295|0|MEMB002C|-|3210,989,no,AACACG,GGTAGGTTTGT,AGCCCTTTGTT
355,negative,1488,2.648324489593506,VT65295|0|MEMB002D|+|2569,366,no,AACACC,GGTAAGTGGGG,AGCCTTTTGTA
356,negative,1488,2.648324489593506,VT65295|0|MEMB002E|-|2184,364,no,AACACC,GGTAGGTGGGG,AGCCCTTTCTA
357,negative,1488,1.1788393259048462,VT65295|0|MEMB002F|-|2530,536,no,AACAGT,GGTAGGTTTGT,AGCCCTTTGAG
358,negative,1488,2.648324489593506,VT65295|0|MEMB003A|-|2218,315,no,AACACC,GGTAGGTAGGG,GTCCTTTCGTA
359,negative,1488,3.2857544422149663,VT65295|0|MEMB003B|-|2439,361,no,AACACG,AGTACGTAGAA,AACCCTTTCTA
360,negative,1488,3.2857544422149663,VT65295|0|MEMB003C|+|2464,266,no,AACACG,GGTAGGTTTGT,AGCCCTTTGTT
361,negative,1488,2.648324489593506,VT65295|0|MEMB003D|-|2218,315,no,AACACC,GGTAGGTAGGG,GTCCTTTCGTA
362,negative,1488,2.648324489593506,VT65295|0|MEMB003F|-|2339,368,no,AACACC,GGTACGTGGGG,AGCCCTTCCTA
363,negative,1488,3.1788392066955566,VT65295|0|MEMB004A|-|1649,534,no,AACACT,GGTAGGTATCT,AGCCCTTTGTT
364,negative,1488,2.648324489593506,VT65295|0|MEMB004B|+|2160,335,no,AACACC,GGTAAGTACAT,AGCCCTTCCGA
365,negative,1488,3.1788392066955566,VT65295|0|MEMB004E|-|2307,369,no,AACACT,GGTACGTGGGG,GGCCCTTCCTA
366,negative,1488,2.648324489593506,VT65295|0|MEMB005B|+|2303,350,no,AACACC,GGTACGTAGGG,AGCCCTTCCTG
367,negative,1488,2.648324489593506,VT65295|0|MEMB005D|-|2647,346,no,AACACC,GGTAGGTAGGA,AGCCTTTTGTA
368,negative,1488,2.648324489593506,VT65295|0|MEMB006A|-|2731,369,no,AACACC,GGTAGGTAGGC,AGCCTTTTGTA
369,negative,1488,-1.9366379976272583,VT65295|0|MEMB006B|-|2950,379,no,AACGTC,GGTAGGTAGAG,GGCCCTTTCTA
370,negative,1488,2.648324489593506,VT65295|0|MEMB006C|+|2238,358,no,AACACC,GGTACGTAGGG,AGCCCTTCATA
371,negative,1488,3.2857544422149663,VT65295|0|MEMB007B|-|2640,436,no,AACACG,GGTAGGTTTGT,AGCCCTTTGTG
372,negative,1488,3.2857544422149663,VT65295|0|MEMB007C|+|2249,327,no,AACACG,AGTAGGTAGAA,AGCCCTTTCTA
373,negative,1488,2.648324489593506,VT65295|0|MEMB007D|-|2925,722,no,AACACC,AGTACGTAAAA,AACCTATGGTA
374,negative,1488,2.648324489593506,VT65295|0|MEMB008C|-|2328,370,no,AACACC,GGTACGTAGGG,AGCCCTTCTTA
375,negative,1488,2.648324489593506,VT65295|0|dkik|-|3985,315,no,AACACC,GGTAGGTAGGG,GCCCTTTCGTA
376,negative,1572,3.2857544422149663,VT65295|0|MEMB002A|+|3572,1427,no,GGCAAG,CTAACCCTCCT,ACGTGGGATCC
377,negative,1572,2.0633621215820312,VT65295|0|MEMB002B|-|1683,623,no,GGCAAA,CTAACCCTCCT,ACACCGGATCC
378,negative,1572,3.2857544422149663,VT65295|0|MEMB002C|-|3210,1073,no,GGCAAG,CTAACCCTCCT,ACGTGGGATCC
379,negative,1572,2.0633621215820312,VT65295|0|MEMB002D|+|2569,450,no,GGCAAA,CTGACCCTCCT,ATATCGGATCA
380,negative,1572,1.7007919549942017,VT65295|0|MEMB002E|-|2184,448,no,GGGAAG,CTAACCCTCCT,ATATCGGATCA
381,negative,1572,2.0633621215820312,VT65295|0|MEMB002F|-|2530,620,no,GGCAAA,CTAACCCTCCT,ATATCGGATCT
382,negative,1572,0.4783995747566223,VT65295|0|MEMB003A|-|2218,399,no,GGAAAA,CTCACCCTCCT,ATATAGGATCG
383,negative,1572,3.2857544422149663,VT65295|0|MEMB003B|-|2439,445,no,GGCAAG,CTAACCCTGCT,ATATCGGGTCA
384,negative,1572,3.2857544422149663,VT65295|0|MEMB003C|+|2464,350,no,GGCAAG,CTAACCCTCCT,ACGTGGGATCC
385,negative,1572,0.4783995747566223,VT65295|0|MEMB003D|-|2218,399,no,GGAAAA,CTCACCCTACT,ATATAGGATCG
386,negative,1572,2.0633621215820312,VT65295|0|MEMB003F|-|2339,452,no,GGCAAA,CTAACCCTCCT,ATATCGGATCA
387,negative,1572,2.0633621215820312,VT65295|0|MEMB004A|-|1649,618,no,GGCAAA,CTAACCCTCCT,ACACCGGATCC
388,negative,1572,2.0633621215820312,VT65295|0|MEMB004B|+|2160,419,no,GGCAAA,CTAACCCTCCT,ATATCGGATCG
389,negative,1572,2.0633621215820312,VT65295|0|MEMB004E|-|2307,453,no,GGCAAA,CTAACCCTCCT,ATATCGGATCA
390,negative,1572,2.0633621215820312,VT65295|0|MEMB005B|+|2303,434,no,GGCAAA,CTAACCCTCCT,ACATCGGGTCA
391,negative,1572,2.0633621215820312,VT65295|0|MEMB005D|-|2647,430,no,GGCAAA,CTAACCCTTCT,ATATCGGATCG
392,negative,1572,2.0633621215820312,VT65295|0|MEMB006A|-|2731,453,no,GGCAAA,CTAACCCTCCT,ACATCGGATCG
393,negative,1572,2.0633621215820312,VT65295|0|MEMB006B|-|2950,463,no,GGCAAA,CTAACCCTCCT,ATATCGGGTCA
394,negative,1572,2.0633621215820312,VT65295|0|MEMB006C|+|2238,442,no,GGCAAA,CTAACCCTCCT,ATGTCGGATCA
395,negative,1572,2.0633621215820312,VT65295|0|MEMB007B|-|2640,520,no,GGCAAA,CTAACCCTCCT,ACGTGGGATCC
396,negative,1572,3.2857544422149663,VT65295|0|MEMB007C|+|2249,411,no,GGCAAG,CTAACCCTCCT,ATATCGGTTCA
397,negative,1572,1.4783995151519775,VT65295|0|MEMB007D|-|2925,806,no,GGTAAA,CTAACCCTCTG,ATGTTGGATCC
398,negative,1572,2.0633621215820312,VT65295|0|MEMB008C|-|2328,454,no,GGCAAA,CTAACGCTCCT,ATATCGGATCA
399,negative,1572,0.4783995747566223,VT65295|0|dkik|-|3985,399,no,GGAAAA,CTCACCCTCCT,ATATAGGATCG
400,positive,1584,3.2857544422149663,VT65295|0|MEMB002A|+|3572,1439,no,CACGTG,TTGCCGGATCC,GCCGAGCAGAA
401,positive,1584,-2.8841705322265625,VT65295|0|MEMB002B|-|1683,635,no,GGTGTG,TTGCCGGATCC,GCCGAGAAGAA
402,positive,1584,3.2857544422149663,VT65295|0|MEMB002C|-|3210,1085,no,CACGTG,TTGCCGGATCC,ACCGAGCAGAA
403,positive,1584,-1.5216004848480225,VT65295|0|MEMB002D|+|2569,462,no,GATATG,TTGCCTGATCC,GCCGAGAATCA
404,positive,1584,-1.5216004848480225,VT65295|0|MEMB002E|-|2184,460,no,GATATG,TTCCCTGATCC,GCCGAGAATCA
405,positive,1584,-1.5216004848480225,VT65295|0|MEMB002F|-|2530,632,no,GATATG,TTGCCAGATCC,GCCGAGAAGAA
406,positive,1584,-0.5216004252433777,VT65295|0|MEMB003A|-|2218,411,no,TATATG,TTTCCCGATCC,GCCGAGAATCA
407,positive,1584,-1.5216004848480225,VT65295|0|MEMB003B|-|2439,457,no,GATATG,TTGCCTGACCC,GCCGAGAATCA
408,positive,1584,3.2857544422149663,VT65295|0|MEMB003C|+|2464,362,no,CACGTG,TTGCCGGATCC,GCCGAGCAGAA
409,positive,1584,-0.5216004252433777,VT65295|0|MEMB003D|-|2218,411,no,TATATG,TTTCCCGATCC,GCCGAGAATCA
410,positive,1584,-1.5216004848480225,VT65295|0|MEMB003F|-|2339,464,no,GATATG,TTGCCTGATCC,GCCGAGAACCA
411,positive,1584,-2.8841705322265625,VT65295|0|MEMB004A|-|1649,630,no,GGTGTG,TTGCCGGATCC,GCCGAGAAGAA
412,positive,1584,-1.5216004848480225,VT65295|0|MEMB004B|+|2160,431,no,GATATG,TTGCCCGATCC,ACCGAGAATCA
413,positive,1584,-1.5216004848480225,VT65295|0|MEMB004E|-|2307,465,no,GATATG,TTGCCTGATCC,GCCGAGAACCA
414,positive,1584,-0.29920801520347595,VT65295|0|MEMB005B|+|2303,446,no,GATGTG,TTGCCTGACCC,ACCGAGAATCA
415,positive,1584,-1.5216004848480225,VT65295|0|MEMB005D|-|2647,442,no,GATATG,TTGCCCGATCC,GCCGAGAACCA
416,positive,1584,-0.29920801520347595,VT65295|0|MEMB006A|-|2731,465,no,GATGTG,TTGCCCGATCC,GCCGAGAATCA
417,positive,1584,-1.5216004848480225,VT65295|0|MEMB006B|-|2950,475,no,GATATG,TTGCCTGACCC,ACCGAGAATCA
418,positive,1584,0.4783995747566223,VT65295|0|MEMB006C|+|2238,454,no,GACATG,TTGCCTGATCC,GCCGAGAATCA
419,positive,1584,3.2857544422149663,VT65295|0|MEMB007B|-|2640,532,no,CACGTG,TTGCCGGATCC,GCCGAGCAGAA
420,positive,1584,-1.5216004848480225,VT65295|0|MEMB007C|+|2249,423,no,GATATG,TTGCCTGAACC,GCCGAGAATCA
421,positive,1584,0.4783995747566223,VT65295|0|MEMB007D|-|2925,818,no,AACATG,TTACCGGATCC,GCCAAGAAGAA
422,positive,1584,-1.5216004848480225,VT65295|0|MEMB008C|-|2328,466,no,GATATG,TTGCCTGATCC,GCCGAGAACCA
423,positive,1584,-0.5216004252433777,VT65295|0|dkik|-|3985,411,no,TATATG,TTTCCCGATCC,GCCGAGAATCA
424,negative,1586,3.2857544422149663,VT65295|0|MEMB002A|+|3572,1441,no,GCCACG,TGGGATCCGGC,CGTTCTGCTCG
425,negative,1586,2.0633621215820312,VT65295|0|MEMB002B|-|1683,637,no,GCCACA,CCGGATCCGGC,CGTTCTTCTCG
426,negative,1586,3.2857544422149663,VT65295|0|MEMB002C|-|3210,1087,no,GTCACG,TGGGATCCGGC,CGTTCTGCTCG
427,negative,1586,0.06336206197738647,VT65295|0|MEMB002D|+|2569,464,no,GCCATA,TCGGATCAGGC,CGTGATTCTCG
428,negative,1586,0.06336206197738647,VT65295|0|MEMB002E|-|2184,462,no,GCCATA,TCGGATCAGGG,CGTGATTCTCG
429,negative,1586,0.06336206197738647,VT65295|0|MEMB002F|-|2530,634,no,GCCATA,TCGGATCTGGC,CGTTCTTCTCG
430,negative,1586,0.06336206197738647,VT65295|0|MEMB003A|-|2218,413,no,GCCATA,TAGGATCGGGA,CGTGATTCTCG
431,negative,1586,0.06336206197738647,VT65295|0|MEMB003B|-|2439,459,no,GCCATA,TCGGGTCAGGC,CGTGATTCTCG
432,negative,1586,3.2857544422149663,VT65295|0|MEMB003C|+|2464,364,no,GCCACG,TGGGATCCGGC,CGTTCTGCTCG
433,negative,1586,0.06336206197738647,VT65295|0|MEMB003D|-|2218,413,no,GCCATA,TAGGATCGGGA,CGTGATTCTCG
434,negative,1586,0.06336206197738647,VT65295|0|MEMB003F|-|2339,466,no,GCCATA,TCGGATCAGGC,CGTGGTTCTCG
435,negative,1586,2.0633621215820312,VT65295|0|MEMB004A|-|1649,632,no,GCCACA,CCGGATCCGGC,CGTTCTTCTCG
436,negative,1586,0.06336206197738647,VT65295|0|MEMB004B|+|2160,433,no,GTCATA,TCGGATCGGGC,CGTGATTCTCG
437,negative,1586,0.06336206197738647,VT65295|0|MEMB004E|-|2307,467,no,GCCATA,TCGGATCAGGC,CGTGGTTCTCG
438,negative,1586,2.0633621215820312,VT65295|0|MEMB005B|+|2303,448,no,GTCACA,TCGGGTCAGGC,TGTGATTCTCG
439,negative,1586,0.06336206197738647,VT65295|0|MEMB005D|-|2647,444,no,GCCATA,TCGGATCGGGC,CGTGGTTCTCG
440,negative,1586,2.0633621215820312,VT65295|0|MEMB006A|-|2731,467,no,GCCACA,TCGGATCGGGC,CGTGATTCTCG
441,negative,1586,0.06336206197738647,VT65295|0|MEMB006B|-|2950,477,no,GTCATA,TCGGGTCAGGC,TGTGATTCTCG
442,negative,1586,1.2857544422149658,VT65295|0|MEMB006C|+|2238,456,no,GCCATG,TCGGATCAGGC,CGTGATTCTCG
443,negative,1586,3.2857544422149663,VT65295|0|MEMB007B|-|2640,534,no,GCCACG,TGGGATCCGGC,CGTTCTGCTCG
444,negative,1586,0.06336206197738647,VT65295|0|MEMB007C|+|2249,425,no,GCCATA,TCGGTTCAGGC,CGTGATTCTCG
445,negative,1586,1.2857544422149658,VT65295|0|MEMB007D|-|2925,820,no,GCCATG,TTGGATCCGGT,CGTTCTTCTTG
446,negative,1586,0.06336206197738647,VT65295|0|MEMB008C|-|2328,468,no,GCCATA,TCGGATCAGGC,CGTGGTTCTCG
447,negative,1586,0.06336206197738647,VT65295|0|dkik|-|3985,413,no,GCCATA,TAGGATCGGGA,TGTGATTCTCG
448,negative,1638,3.2857544422149663,VT65295|0|MEMB002A|+|3572,1493,no,ATCAAG,AATGTATCCAT,AGCGGAAGATT
449,negative,1638,3.2857544422149663,VT65295|0|MEMB002B|-|1683,689,no,ATCAAG,AATATATCCAT,AGCGGAAGATT
450,negative,1638,3.2857544422149663,VT65295|0|MEMB002C|-|3210,1139,no,ATCAAG,AATGTATCCAT,AGCGGAAGATT
451,negative,1638,3.2857544422149663,VT65295|0|MEMB002D|+|2569,516,no,CTCAAG,AATATATCCCT,AGCGAAAGATC
452,negative,1638,2.7007920742034908,VT65295|0|MEMB002E|-|2184,514,no,CTTAAG,AATATATCTCT,AGCGAAAGATT
453,negative,1638,3.2857544422149663,VT65295|0|MEMB002F|-|2530,686,no,CTCAAG,AATATATCCGT,AGCGAAAGATC
454,negative,1638,3.2857544422149663,VT65295|0|MEMB003A|-|2218,465,no,CTCAAG,AATATATCGCT,AGCGAAAGATT
455,negative,1638,3.2857544422149663,VT65295|0|MEMB003B|-|2439,511,no,CTCAAG,AATGTATCGCT,AGCGAAAGATC
456,negative,1638,3.2857544422149663,VT65295|0|MEMB003C|+|2464,416,no,ATCAAG,AATGTATCCAT,AGCGGAAGATT
457,negative,1638,3.2857544422149663,VT65295|0|MEMB003D|-|2218,465,no,CTCAAG,AATATATCGCT,AGCGGAAGATT
458,negative,1638,3.2857544422149663,VT65295|0|MEMB003F|-|2339,518,no,CTCAAG,AATATATCCCT,AGCGAAAAATT
459,negative,1638,3.2857544422149663,VT65295|0|MEMB004A|-|1649,684,no,ATCAAG,AATATATCCAT,AGCGGAAGATT
460,negative,1638,3.2857544422149663,VT65295|0|MEMB004B|+|2160,485,no,CTCAAG,AATATATCCCT,AGCGAAAGATT
461,negative,1638,3.2857544422149663,VT65295|0|MEMB004E|-|2307,519,no,CTCAAG,AATATATCCCT,AGCGAAAGATT
462,negative,1638,3.2857544422149663,VT65295|0|MEMB005B|+|2303,500,no,CTCAAG,AAAATATCCCT,AGCGAAAGATT
463,negative,1638,3.2857544422149663,VT65295|0|MEMB005D|-|2647,496,no,CTCAAG,AATGTATCTCT,AGCGGAAGATC
464,negative,1638,3.2857544422149663,VT65295|0|MEMB006A|-|2731,519,no,CTCAAG,AATATATCCCT,AGCGGAAGATC
465,negative,1638,2.7007920742034908,VT65295|0|MEMB006B|-|2950,529,no,CTTAAG,AATATATCCCT,AGCGAAAGATC
466,negative,1638,3.2857544422149663,VT65295|0|MEMB006C|+|2238,508,no,CTCAAG,AACATATCCCT,AGCGAAAGATT
467,negative,1638,3.2857544422149663,VT65295|0|MEMB007B|-|2640,586,no,ATCAAG,AATGTATCCAT,AGCGGAAGATA
468,negative,1638,3.2857544422149663,VT65295|0|MEMB007C|+|2249,477,no,ATCAAG,AATGTATCCCT,AGCGAAAGATA
469,negative,1638,3.2857544422149663,VT65295|0|MEMB007D|-|2925,872,no,CTCAAG,AATATATCCGT,AGCGGAAGATA
470,negative,1638,3.2857544422149663,VT65295|0|MEMB008C|-|2328,520,no,CTCAAG,AATATATCCCT,AGCGAAAGATT
471,negative,1638,3.2857544422149663,VT65295|0|dkik|-|3985,465,no,CTCAAG,AATATATCGCT,AGCGAAAGATT
472,negative,1679,3.2857544422149663,VT65295|0|MEMB002A|+|3572,1534,no,GCCACG,TCAGTACCTCG,AATGCGACTGC
473,negative,1679,3.2857544422149663,VT65295|0|MEMB002B|-|1683,730,no,GCCACG,TCAGTACCTCG,AATGCGATTGC
474,negative,1679,3.2857544422149663,VT65295|0|MEMB002C|-|3210,1180,no,GCCACG,TCAGTACTTCG,AATGCGACTGC
475,negative,1679,2.0633621215820312,VT65295|0|MEMB002D|+|2569,557,no,GCCACA,TTTGTACCACA,AATGCGTTTGC
476,negative,1679,2.0633621215820312,VT65295|0|MEMB002E|-|2184,555,no,GCCACA,TAAGTACCACA,AATGCGACTGC
477,negative,1679,3.2857544422149663,VT65295|0|MEMB002F|-|2530,727,no,GGCACG,TCAGTACCTCG,ATTGCGATTGC
478,negative,1679,2.0633621215820312,VT65295|0|MEMB003A|-|2218,506,no,GCCACA,TCAGTACCACA,AATGAGATTGC
479,negative,1679,0.7007919549942017,VT65295|0|MEMB003B|-|2439,552,no,GCCGCG,TCAGTACCACA,AATGAGATTGC
480,negative,1679,3.2857544422149663,VT65295|0|MEMB003C|+|2464,457,no,GCCACG,TCAGTACCTCG,AATGCGACTGC
481,negative,1679,2.0633621215820312,VT65295|0|MEMB003D|-|2218,506,no,GCCACA,TCAGTACCACA,AATGAGATTGC
482,negative,1679,3.2857544422149663,VT65295|0|MEMB003F|-|2339,559,no,GCCACG,TCAGCACCACA,AATGCGATTGC
483,negative,1679,3.2857544422149663,VT65295|0|MEMB004A|-|1649,725,no,GCCACG,TCAGTACCTCG,AATGCGATTGC
484,negative,1679,2.0633621215820312,VT65295|0|MEMB004B|+|2160,526,no,GCCACA,TCAGTACCACA,GATGCGATTGC
485,negative,1679,2.0633621215820312,VT65295|0|MEMB004E|-|2307,560,no,GCCACA,TCAGTACCACT,GATGCGATTGC
486,negative,1679,2.0633621215820312,VT65295|0|MEMB005B|+|2303,541,no,GTCACA,TCAGTACCACA,GATGCGATTGC
487,negative,1679,2.0633621215820312,VT65295|0|MEMB005D|-|2647,537,no,GCCACA,TCAGTACCACG,GATGCGCTTGC
488,negative,1679,2.0633621215820312,VT65295|0|MEMB006A|-|2731,560,no,GCCACA,TCAGTACCACG,AATGCGATTGC
489,negative,1679,-1.2992080450057983,VT65295|0|MEMB006B|-|2950,570,no,GCCGTG,TCAGTACGACC,AATGCGATTGC
490,negative,1679,2.0633621215820312,VT65295|0|MEMB006C|+|2238,549,no,GCCACA,TCAGTACCACA,GATGCGATTGC
491,negative,1679,3.2857544422149663,VT65295|0|MEMB007B|-|2640,627,no,GCCACG,TCACTACCTCG,AATGCGATTGC
492,negative,1679,0.7007919549942017,VT65295|0|MEMB007C|+|2249,518,no,GCCGCG,TCAGTACCACA,AATGCGATTGC
493,negative,1679,1.2857544422149658,VT65295|0|MEMB007D|-|2925,913,no,GTCAGG,TCAGCACGACA,TCTACGATTGC
494,negative,1679,2.0633621215820312,VT65295|0|MEMB008C|-|2328,561,no,GCCACA,TCAGTACCACA,GATGCGATTGC
495,negative,1679,2.0633621215820312,VT65295|0|dkik|-|3985,506,no,GCCACA,TCAGTACCACA,AATGAGATTGC
496,negative,1728,3.1788392066955566,VT65295|0|MEMB002A|+|3572,1583,no,GACAAT,TTCGAGTTCGG,ACCCGGTTGTG
497,negative,1728,3.1788392066955566,VT65295|0|MEMB002B|-|1683,779,no,GACAAT,TTCGAGTTCGG,CGCCAGTTGTG
498,negative,1728,3.1788392066955566,VT65295|0|MEMB002C|-|3210,1229,no,GACAAT,TTCGAGTTTGG,ACCCAGTTGTG
499,negative,1728,3.1788392066955566,VT65295|0|MEMB002D|+|2569,606,no,AGCAAT,TTCGAGTTTGG,TGCCAAGCATC
500,negative,1728,2.0633621215820312,VT65295|0|MEMB002E|-|2184,604,no,AGTAAC,TTTGAGTTCGG,TGCCAAGCATC
501,negative,1728,3.1788392066955566,VT65295|0|MEMB002F|-|2530,776,no,GACAAT,TTCGAGCACAG,CGCCAAGTATG
502,negative,1728,3.1788392066955566,VT65295|0|MEMB003A|-|2218,555,no,AGCAAT,TTCGAGTTCGG,TGCCAAGCATC
503,negative,1728,3.1788392066955566,VT65295|0|MEMB003B|-|2439,601,no,AGCAAT,TTCGAGTTCGG,TGCCAAGCATC
504,negative,1728,3.1788392066955566,VT65295|0|MEMB003C|+|2464,506,no,GACAAT,TTCGAGTTCGG,ACCCGGTTGTG
505,negative,1728,3.1788392066955566,VT65295|0|MEMB003D|-|2218,555,no,AGCAAT,TTTGAGTTCGG,TGCCAAGCATC
506,negative,1728,3.1788392066955566,VT65295|0|MEMB003F|-|2339,608,no,AGCAAT,TTCGAGTTCGG,TGCCAAGCGTC
507,negative,1728,3.1788392066955566,VT65295|0|MEMB004A|-|1649,774,no,GACAAT,TTCGAGTTCGG,CGCCAGTTGTG
508,negative,1728,3.1788392066955566,VT65295|0|MEMB004B|+|2160,575,no,AGCAAT,TTCGAGTTTGG,TGCCAAGCATC
509,negative,1728,3.1788392066955566,VT65295|0|MEMB004E|-|2307,609,no,AGCAAT,TTCGAGTTCGG,TGCCAAGCATC
510,negative,1728,3.1788392066955566,VT65295|0|MEMB005B|+|2303,590,no,AGCAAT,TTCGAGTTCGG,TGCCAAGCATC
511,negative,1728,3.1788392066955566,VT65295|0|MEMB005D|-|2647,586,no,AGCAAT,TTCGAGTTCGG,TGCCGAGCATC
512,negative,1728,3.1788392066955566,VT65295|0|MEMB006A|-|2731,609,no,AGCAAT,TTCGAGTTCGG,TGCCGAGCATC
513,negative,1728,3.1788392066955566,VT65295|0|MEMB006B|-|2950,619,no,AGCAAT,TTCGAGTTTGG,TGCCAAGCGTC
514,negative,1728,3.1788392066955566,VT65295|0|MEMB006C|+|2238,598,no,AGCAAT,TTCGAGTTCGG,TGCCAAGCATC
515,negative,1728,3.1788392066955566,VT65295|0|MEMB007B|-|2640,676,no,GACAAT,TTCGAGTTCGG,ACCCGGTTGTG
516,negative,1728,3.1788392066955566,VT65295|0|MEMB007C|+|2249,567,no,AGCAAT,TTCGAGTTCGG,TGCCAAGCATC
517,negative,1728,2.648324489593506,VT65295|0|MEMB007D|-|2925,962,no,AGCAAC,TTCGAGTACGG,CGCCAAGTGTG
518,negative,1728,3.1788392066955566,VT65295|0|MEMB008C|-|2328,610,no,AGCAAT,TTCGAGTTCGG,TGCCAAGCATC
519,negative,1728,3.1788392066955566,VT65295|0|dkik|-|3985,555,no,AGCAAT,TTCGAGTTCGG,TGCCAAGCATC
520,negative,1746,3.2857544422149663,VT65295|0|MEMB002A|+|3572,1601,no,GGCAAG,CACCCGGTTGT,TTTTATATACG
521,negative,1746,3.2857544422149663,VT65295|0|MEMB002B|-|1683,797,no,GGCAAG,ACGCCAGTTGT,TTATATATTCG
522,negative,1746,3.2857544422149663,VT65295|0|MEMB002C|-|3210,1247,no,GGCAAG,CACCCAGTTGT,TTTTATATACG
523,negative,1746,3.2857544422149663,VT65295|0|MEMB002D|+|2569,624,no,AGCAAG,GTGCCAAGCAT,TTATGTACGTG
524,negative,1746,3.2857544422149663,VT65295|0|MEMB002E|-|2184,622,no,AGCAAG,GTGCCAAGCAT,TGATGCACATG
525,negative,1746,3.2857544422149663,VT65295|0|MEMB002F|-|2530,794,no,GGCAAG,ACGCCAAGTAT,CTCTATATATG
526,negative,1746,3.2857544422149663,VT65295|0|MEMB003A|-|2218,573,no,AACAAG,GTGCCAAGCAT,TTATGCACTTG
527,negative,1746,3.2857544422149663,VT65295|0|MEMB003B|-|2439,619,no,AGCAAG,GTGCCAAGCAT,TTATGCACTTG
528,negative,1746,3.2857544422149663,VT65295|0|MEMB003C|+|2464,524,no,GGCAAG,CACCCGGTTGT,TTTTATATACG
529,negative,1746,3.2857544422149663,VT65295|0|MEMB003D|-|2218,573,no,AACAAG,GTGCCAAGCAT,TTATGCACTTG
530,negative,1746,3.2857544422149663,VT65295|0|MEMB003F|-|2339,626,no,AGCAAG,ATGCCAAGCGT,TTGTGCACTTA
531,negative,1746,3.2857544422149663,VT65295|0|MEMB004A|-|1649,792,no,GGCAAG,ACGCCAGTTGT,TTATATATTCG
532,negative,1746,3.2857544422149663,VT65295|0|MEMB004B|+|2160,593,no,AGCAAG,GTGCCAAGCAT,TTATGCACCTG
533,negative,1746,3.2857544422149663,VT65295|0|MEMB004E|-|2307,627,no,AGCAAG,GTGCCAAGCAT,TTGTGCGCATG
534,negative,1746,3.2857544422149663,VT65295|0|MEMB005B|+|2303,608,no,AGCAAG,GTGCCAAGCAT,TTATGCACCTG
535,negative,1746,3.2857544422149663,VT65295|0|MEMB005D|-|2647,604,no,ACCAAG,GTGCCGAGCAT,TTATGCACATG
536,negative,1746,3.2857544422149663,VT65295|0|MEMB006A|-|2731,627,no,ACCAAG,GTGCCGAGCAT,TTATGCACATG
537,negative,1746,3.2857544422149663,VT65295|0|MEMB006B|-|2950,637,no,AGCAAG,GTGCCAAGCGT,TTATGCATCTG
538,negative,1746,0.5938767790794373,VT65295|0|MEMB006C|+|2238,616,no,ACCCAT,GTGCCAAGCAT,TTGTGCACGTG
539,negative,1746,3.2857544422149663,VT65295|0|MEMB007B|-|2640,694,no,GGCAAG,CACCCGGTTGT,TTGTATATACG
540,negative,1746,3.2857544422149663,VT65295|0|MEMB007C|+|2249,585,no,AGCAAG,GTGCCAAGCAT,TTATGCACTTG
541,negative,1746,3.2857544422149663,VT65295|0|MEMB007D|-|2925,980,no,ACCAAG,GCGCCAAGTGT,GTTTGCATTTG
542,negative,1746,3.2857544422149663,VT65295|0|MEMB008C|-|2328,628,no,AGCAAG,GTGCCAAGCAT,TTATGCACATG
543,negative,1746,3.2857544422149663,VT65295|0|dkik|-|3985,573,no,AACAAG,GTGCCAAGCAT,TTATGCACTTG
544,negative,1797,3.1788392066955566,VT65295|0|MEMB002A|+|3572,1652,no,AACAAT,CGGCCCCGGAA,GCCGGATAGTG
545,negative,1797,3.1788392066955566,VT65295|0|MEMB002B|-|1683,848,no,AACAAT,CGGCCCCGGAA,GGCGGATAGTG
546,negative,1797,3.1788392066955566,VT65295|0|MEMB002C|-|3210,1298,no,AACAAT,CGGCCCCGGAA,GCCGGATAGTG
547,negative,1797,3.1788392066955566,VT65295|0|MEMB002D|+|2569,675,no,AACAAT,CGTGCGCGAAA,GGCGAGTAGTC
548,negative,1797,3.1788392066955566,VT65295|0|MEMB002E|-|2184,673,no,AACAAT,CGGGCGCGAAA,GGCGAGTAGTA
549,negative,1797,3.1788392066955566,VT65295|0|MEMB002F|-|2530,845,no,AACAAT,CGGCGCCGGAA,GGCGGATAGTG
550,negative,1797,3.1788392066955566,VT65295|0|MEMB003A|-|2218,624,no,AACAAT,CGGCGACGAAA,GGCGAATAGTC
551,negative,1797,3.1788392066955566,VT65295|0|MEMB003B|-|2439,670,no,AACAAT,CGTCCACGAAA,GGCGAATCGTC
552,negative,1797,3.1788392066955566,VT65295|0|MEMB003C|+|2464,575,no,AACAAT,CGGCCCCGGAA,GCCGGATAGTG
553,negative,1797,3.1788392066955566,VT65295|0|MEMB003D|-|2218,624,no,AACAAT,CGGCGACGAAA,GGCGAATAGTC
554,negative,1797,1.1788393259048462,VT65295|0|MEMB003F|-|2339,677,no,AACAGT,CGGCCACGAAT,GGCGAGTAGTC
555,negative,1797,3.1788392066955566,VT65295|0|MEMB004A|-|1649,843,no,AACAAT,CGGCCCCGGAA,GGCGGATAGTG
556,negative,1797,1.1788393259048462,VT65295|0|MEMB004B|+|2160,644,no,AACAGT,CGGCCACGAAT,GGCGAATAGTC
557,negative,1797,1.1788393259048462,VT65295|0|MEMB004E|-|2307,675,no,AACAGT,CGGCCACGAAT,GGCGGATAGTC
558,negative,1797,1.1788393259048462,VT65295|0|MEMB005B|+|2303,659,no,AACAGT,CGGCCACGAAT,GGCGAATAGTC
559,negative,1797,3.1788392066955566,VT65295|0|MEMB005D|-|2647,655,no,AACAAT,CGGCCACGAAT,GGCGAATAGTC
560,negative,1797,3.1788392066955566,VT65295|0|MEMB006A|-|2731,678,no,AACAAT,CGGCCACGAAT,GGCGAATAGTC
561,negative,1797,3.1788392066955566,VT65295|0|MEMB006B|-|2950,688,no,AACAAT,CGGCCACGAAT,GACGAATAGTC
562,negative,1797,1.1788393259048462,VT65295|0|MEMB006C|+|2238,667,no,AACAGT,CGGCCACGAAT,GGCGAATAGTC
563,negative,1797,3.1788392066955566,VT65295|0|MEMB007B|-|2640,745,no,AACAAT,CGGCCCCGGAA,GCCGGATAGTG
564,negative,1797,3.1788392066955566,VT65295|0|MEMB007C|+|2249,636,no,AACAAT,CGTCCACGAAT,GGCGAATAGTC
565,negative,1797,3.1788392066955566,VT65295|0|MEMB007D|-|2925,1031,no,AACAAT,CGGCGAAGACA,GTCGGAAAGTG
566,negative,1797,1.1788393259048462,VT65295|0|MEMB008C|-|2328,679,no,AACAGT,CGGCCACGAAT,GGCGAATAGTC
567,negative,1797,3.1788392066955566,VT65295|0|dkik|-|3985,624,no,AACAAT,CGGCGACGAAA,GGCGAATAGTC
568,positive,1803,3.1788392066955566,VT65295|0|MEMB002A|+|3572,1658,no,CACTAT,GGCCGATTGTT,CCGGCGGCTGA
569,positive,1803,3.1788392066955566,VT65295|0|MEMB002B|-|1683,854,no,CACTAT,GGCCGATTGTT,CCGCCGGCTGA
570,positive,1803,3.1788392066955566,VT65295|0|MEMB002C|-|3210,1304,no,CACTAT,GGCCGATTGTT,CCGGCGGCTGA
571,positive,1803,1.5938767194747925,VT65295|0|MEMB002D|+|2569,681,no,GACTAC,GCACGATTGTT,TCGCCGGCTAA
572,positive,1803,2.593876838684082,VT65295|0|MEMB002E|-|2184,679,no,TACTAC,GCCCGATTGTT,TCGCCGGCTAA
573,positive,1803,3.1788392066955566,VT65295|0|MEMB002F|-|2530,851,no,CACTAT,CGCCGATTGTT,CCGCCGGCTGA
574,positive,1803,1.5938767194747925,VT65295|0|MEMB003A|-|2218,630,no,GACTAT,CGCCGATTGTT,TCGCCGGCTAA
575,positive,1803,1.7007919549942017,VT65295|0|MEMB003B|-|2439,676,no,GACGAT,GGACGATTGTT,TCGCCCGCTGA
576,positive,1803,3.1788392066955566,VT65295|0|MEMB003C|+|2464,581,no,CACTAT,GGCCGATTGTT,CCGGCGGCTGA
577,positive,1803,1.5938767194747925,VT65295|0|MEMB003D|-|2218,630,no,GACTAT,CGCCGATTGTT,TCGCCGGCTGA
578,positive,1803,1.5938767194747925,VT65295|0|MEMB003F|-|2339,683,no,GACTAC,GGCCGACTGTT,TCGCCGGCTGA
579,positive,1803,3.1788392066955566,VT65295|0|MEMB004A|-|1649,849,no,CACTAT,GGCCGATTGTT,CCGCCGGCTGA
580,positive,1803,1.5938767194747925,VT65295|0|MEMB004B|+|2160,650,no,GACTAT,GGCCGACTGTT,TCGCCTGCTGA
581,positive,1803,1.5938767194747925,VT65295|0|MEMB004E|-|2307,681,no,GACTAT,GGCCGACTGTT,CCGCCGGCTGA
582,positive,1803,1.5938767194747925,VT65295|0|MEMB005B|+|2303,665,no,GACTAT,GGCCGACTGTT,TCGCCGGCTGA
583,positive,1803,1.5938767194747925,VT65295|0|MEMB005D|-|2647,661,no,GACTAT,GGCCGATTGTT,TCGCCGGCTGA
584,positive,1803,1.5938767194747925,VT65295|0|MEMB006A|-|2731,684,no,GACTAT,GGCCGATTGTT,TCGCCGGCTGA
585,positive,1803,1.5938767194747925,VT65295|0|MEMB006B|-|2950,694,no,GACTAT,GGCCGATTGTT,TCGTCCGCTGA
586,positive,1803,1.5938767194747925,VT65295|0|MEMB006C|+|2238,673,no,GACTAT,GGCCGACTGTT,TCGCCGGCTGA
587,positive,1803,3.1788392066955566,VT65295|0|MEMB007B|-|2640,751,no,CACTAT,GGCCGATTGTT,CCGGCGGCTGA
588,positive,1803,1.5938767194747925,VT65295|0|MEMB007C|+|2249,642,no,GACTAT,GGACGATTGTT,TCGCCCGCTGA
589,positive,1803,3.1788392066955566,VT65295|0|MEMB007D|-|2925,1037,no,CACTTT,CGCCGATTGTT,CCGACGGCTAA
590,positive,1803,1.5938767194747925,VT65295|0|MEMB008C|-|2328,685,no,GACTAT,GGCCGACTGTT,TCGCCGGCTGA
591,positive,1803,1.5938767194747925,VT65295|0|dkik|-|3985,630,no,GACTAT,CGCCGATTGTT,TCGCCGGCTGA
592,positive,1840,3.1788392066955566,VT65295|0|MEMB002A|+|3572,1695,no,CACTGG,CCGGCATTCGC,ATCGCCAATAG
593,positive,1840,3.1788392066955566,VT65295|0|MEMB002B|-|1683,891,no,CACTGG,CCGGCATTCGC,ATCGCCAATAG
594,positive,1840,3.1788392066955566,VT65295|0|MEMB002C|-|3210,1341,no,CACTGG,CCGGCATTCGC,ATCGCCAATAG
595,positive,1840,3.1788392066955566,VT65295|0|MEMB002D|+|2569,718,no,CACTGC,CCGGAATCCGC,AATGCCAACAG
596,positive,1840,3.1788392066955566,VT65295|0|MEMB002E|-|2184,716,no,CACTGC,CCGGAATTCGC,AATGCCAACAG
597,positive,1840,3.1788392066955566,VT65295|0|MEMB002F|-|2530,888,no,CACTGA,CCGGCATTCGC,ATCGCCAGTAG
598,positive,1840,3.1788392066955566,VT65295|0|MEMB003A|-|2218,667,no,CACTGC,CCGGTTTTCGC,AGCGCCAAGAG
599,positive,1840,3.1788392066955566,VT65295|0|MEMB003B|-|2439,713,no,CACTGC,CCGGCCTTCGC,ATCGCCAACAG
600,positive,1840,3.1788392066955566,VT65295|0|MEMB003C|+|2464,618,no,CACTGG,CCGGCATTCGC,ATCGCCAATAG
601,positive,1840,3.1788392066955566,VT65295|0|MEMB003D|-|2218,667,no,CACTGC,CCGGTTTCCGC,AGCGCCAAGAG
602,positive,1840,3.1788392066955566,VT65295|0|MEMB003F|-|2339,720,no,CACTGC,CCGGCATGCGC,ATTGCCAACAG
603,positive,1840,3.1788392066955566,VT65295|0|MEMB004A|-|1649,886,no,CACTGG,CCGGCATTCGC,ATCGCCAATAG
604,positive,1840,3.1788392066955566,VT65295|0|MEMB004B|+|2160,687,no,CACTGC,CCGGCATGCGC,ATTGCCAACAG
605,positive,1840,3.1788392066955566,VT65295|0|MEMB004E|-|2307,718,no,CACTGC,CCGGCATGCGC,ATTGCCAACAG
606,positive,1840,3.1788392066955566,VT65295|0|MEMB005B|+|2303,702,no,CACTGC,CCGGCATGCGC,ATTGCCAACAG
607,positive,1840,3.1788392066955566,VT65295|0|MEMB005D|-|2647,698,no,CACTGC,CCGGCATTCGC,ATCGCCAACAG
608,positive,1840,3.1788392066955566,VT65295|0|MEMB006A|-|2731,721,no,CACTGC,CCGGCATGCGC,ATCGCCAATAG
609,positive,1840,3.1788392066955566,VT65295|0|MEMB006B|-|2950,731,no,CACTGC,CCGGCCTTCGC,ATCGCCAACAG
610,positive,1840,3.1788392066955566,VT65295|0|MEMB006C|+|2238,710,no,CACTGT,CCGGCATGCGC,ATTGCCAACAG
611,positive,1840,3.1788392066955566,VT65295|0|MEMB007B|-|2640,788,no,CACTGG,CCGGCATTCGC,ATCGCCAATAG
612,positive,1840,3.1788392066955566,VT65295|0|MEMB007C|+|2249,679,no,CACTGC,CCGGCCTTCGC,ATCGCCAACAG
613,positive,1840,3.1788392066955566,VT65295|0|MEMB007D|-|2925,1074,no,CACTGC,CCGGCATTCGC,ATCGCCAATAG
614,positive,1840,3.1788392066955566,VT65295|0|MEMB008C|-|2328,722,no,CACTGC,CCGGCATGCGC,ATTGCCAACAG
615,positive,1840,3.1788392066955566,VT65295|0|dkik|-|3985,667,no,CACTGC,CCGGTTTTCGC,AGCGCCAAGAG
616,positive,1851,3.1788392066955566,VT65295|0|MEMB002A|+|3572,1706,no,CAATAG,CACTGGATCGC,GAAGAAGAAGT
617,positive,1851,3.1788392066955566,VT65295|0|MEMB002B|-|1683,902,no,CAATAG,CACTGGATCGC,GACGAAGAAGT
618,positive,1851,3.1788392066955566,VT65295|0|MEMB002C|-|3210,1352,no,CAATAG,CACTGGATCGC,GAAGAAGAAGT
619,positive,1851,2.648324489593506,VT65295|0|MEMB002D|+|2569,729,no,CAACAG,CACTGCAATGC,GATGAAGTAGT
620,positive,1851,2.648324489593506,VT65295|0|MEMB002E|-|2184,727,no,CAACAG,CACTGCAATGC,GAGGAAGTAGT
621,positive,1851,1.1788393259048462,VT65295|0|MEMB002F|-|2530,899,no,CAGTAG,CACTGAATCGC,GATCAAGAAGT
622,positive,1851,3.2857544422149663,VT65295|0|MEMB003A|-|2218,678,no,CAAGAG,CACTGCAGCGC,GAAGAAGTAAA
623,positive,1851,2.648324489593506,VT65295|0|MEMB003B|-|2439,724,no,CAACAG,CACTGCATCGC,GATGAAATAGT
624,positive,1851,3.1788392066955566,VT65295|0|MEMB003C|+|2464,629,no,CAATAG,CACTGGATCGC,GAAGAAGAAGT
625,positive,1851,3.2857544422149663,VT65295|0|MEMB003D|-|2218,678,no,CAAGAG,CACTGCAGCGC,GAAGAAGTAAA
626,positive,1851,2.648324489593506,VT65295|0|MEMB003F|-|2339,731,no,CAACAG,CACTGCATTGC,GATGAAGTAGT
627,positive,1851,3.1788392066955566,VT65295|0|MEMB004A|-|1649,897,no,CAATAG,CACTGGATCGC,GACGAAGAAGT
628,positive,1851,2.648324489593506,VT65295|0|MEMB004B|+|2160,698,no,CAACAG,CACTGCATTGC,GAAGAAGTAGT
629,positive,1851,2.648324489593506,VT65295|0|MEMB004E|-|2307,729,no,CAACAG,CACTGCATTGC,GAAGAAGTAGT
630,positive,1851,2.648324489593506,VT65295|0|MEMB005B|+|2303,713,no,CAACAG,CACTGCATTGC,GAAGAAGTAGT
631,positive,1851,2.648324489593506,VT65295|0|MEMB005D|-|2647,709,no,CAACAG,CACTGCATCGC,GATGAAGTAGT
632,positive,1851,3.1788392066955566,VT65295|0|MEMB006A|-|2731,732,no,CAATAG,CACTGCATCGC,GATGAAGTAGT
633,positive,1851,2.648324489593506,VT65295|0|MEMB006B|-|2950,742,no,CAACAG,CACTGCATCGC,GATGAAGTAGT
634,positive,1851,2.648324489593506,VT65295|0|MEMB006C|+|2238,721,no,CAACAG,CACTGTATTGC,TAGGAAGTAGT
635,positive,1851,3.1788392066955566,VT65295|0|MEMB007B|-|2640,799,no,CAATAG,CACTGGATCGC,GAAGAAGAAGT
636,positive,1851,2.648324489593506,VT65295|0|MEMB007C|+|2249,690,no,CAACAG,CACTGCATCGC,GATGAAGTAGT
637,positive,1851,3.1788392066955566,VT65295|0|MEMB007D|-|2925,1085,no,CAATAG,CACTGCATCGC,GACAAAATAGT
638,positive,1851,2.648324489593506,VT65295|0|MEMB008C|-|2328,733,no,CAACAG,CACTGCATTGC,GAAGAAGTAGT
639,positive,1851,3.2857544422149663,VT65295|0|dkik|-|3985,678,no,CAAGAG,CACTGCAGCGC,GAAGAAGTAAA
640,positive,1883,3.1788392066955566,VT65295|0|MEMB002A|+|3572,1738,no,CAATGG,CATGACCGATC,CCGCGGCGAAG
641,positive,1883,0.5938767790794373,VT65295|0|MEMB002B|-|1683,934,no,CGATGG,CAAAATCGATC,CCGCGGTGAAG
642,positive,1883,3.1788392066955566,VT65295|0|MEMB002C|-|3210,1384,no,CAATGG,CATGACCGATC,CCGCGGTGAAG
643,positive,1883,0.5938767790794373,VT65295|0|MEMB002D|+|2569,761,no,CTATGG,TATGCACGATC,CCGAGACGAAG
644,positive,1883,0.5938767790794373,VT65295|0|MEMB002E|-|2184,759,no,CTATGA,CAAGCCCGATC,CCGAGACGAAG
645,positive,1883,0.5938767790794373,VT65295|0|MEMB002F|-|2530,931,no,CTATAG,CAGGGCCGATC,CCGCGGCGAAA
646,positive,1883,0.5938767790794373,VT65295|0|MEMB003A|-|2218,710,no,CTATGA,CAAGGTCGATC,CCGAGGCGAAG
647,positive,1883,0.5938767790794373,VT65295|0|MEMB003B|-|2439,756,no,CTATGA,AATGCCCGATG,CCGAGACGAAG
648,positive,1883,3.1788392066955566,VT65295|0|MEMB003C|+|2464,661,no,CAATGG,CATGACCAATC,CCGCGGTGAAG
649,positive,1883,0.5938767790794373,VT65295|0|MEMB003D|-|2218,710,no,CTATGA,CAAGGTCGATC,CCGAGGCGAAG
650,positive,1883,0.7007919549942017,VT65295|0|MEMB003F|-|2339,763,no,CTAGGA,CAAGGCCGATC,CTGAGACGAAG
651,positive,1883,0.5938767790794373,VT65295|0|MEMB004A|-|1649,929,no,CGATGG,CAAAATCGATC,CCGCGGTGAAG
652,positive,1883,0.5938767790794373,VT65295|0|MEMB004B|+|2160,730,no,CTATGA,CAAGGCCGATC,CCGAGACGAAG
653,positive,1883,0.5938767790794373,VT65295|0|MEMB004E|-|2307,761,no,CTATGA,CAAGGCCGATC,TTGAGACGAAG
654,positive,1883,-0.5216004252433777,VT65295|0|MEMB005B|+|2303,745,no,CCAAGA,CAAGGCCGATC,CCGAGACGAAG
655,positive,1883,0.5938767790794373,VT65295|0|MEMB005D|-|2647,741,no,CTATGA,CAAGGCCGAGC,CCGAGACGAAG
656,positive,1883,0.5938767790794373,VT65295|0|MEMB006A|-|2731,764,no,CTATGG,CAAGGCCGATC,CCGAGACGAAG
657,positive,1883,0.06336206197738647,VT65295|0|MEMB006B|-|2950,774,no,CCACGG,AATGAAGGATG,CCGACACGAAG
658,positive,1883,0.5938767790794373,VT65295|0|MEMB006C|+|2238,753,no,CTATGC,CAGGGCCGATC,CCGAGACGAAG
659,positive,1883,0.5938767790794373,VT65295|0|MEMB007B|-|2640,831,no,CTATGG,CATGACCGATC,CCGCGGTGAAG
660,positive,1883,0.5938767790794373,VT65295|0|MEMB007C|+|2249,722,no,CTATGA,AATGCCCGATG,CAGAGACGAAG
661,positive,1883,0.5938767790794373,VT65295|0|MEMB007D|-|2925,1117,no,CTATGG,CAAGGTCGATC,CCGAGGCGAAA
662,positive,1883,0.5938767790794373,VT65295|0|MEMB008C|-|2328,765,no,CTATCA,CACGGCCGATC,CCGAGACGAAG
663,positive,1883,0.5938767790794373,VT65295|0|dkik|-|3985,710,no,CTATGA,CAAGGTCGATC,CCGAGGCGAAG
664,positive,1913,3.1788392066955566,VT65295|0|MEMB002A|+|3572,1768,no,CAATGG,CACCACATAGT,ATTGAACTATT
665,positive,1913,3.1788392066955566,VT65295|0|MEMB002B|-|1683,964,no,CAATGT,CACCACATAAT,TATAAACTATA
666,positive,1913,3.1788392066955566,VT65295|0|MEMB002C|-|3210,1414,no,CAATGG,CACCACATAGT,ATTGAACTATT
667,positive,1913,-1.4061232805252075,VT65295|0|MEMB002D|+|2569,791,no,CGTTGG,CACCACGAAGT,TTTTAGTGAGT
668,positive,1913,-1.4061232805252075,VT65295|0|MEMB002E|-|2184,789,no,CGTTGG,CACGACGAAGT,TTCTTATAAAA
669,positive,1913,3.1788392066955566,VT65295|0|MEMB002F|-|2530,961,no,CAATGG,CACCACATAAT,TTTTAACTATT
670,positive,1913,1.1788393259048462,VT65295|0|MEMB003A|-|2218,740,no,CATTGG,CACCACGTAAT,TTTGTATGACT
671,positive,1913,0.06336206197738647,VT65295|0|MEMB003B|-|2439,786,no,CGCCGT,CACCACGTAAT,TTTTAATGAGA
672,positive,1913,3.1788392066955566,VT65295|0|MEMB003C|+|2464,691,no,CAATGG,CACCACATAGT,ATTGAACTATT
673,positive,1913,1.1788393259048462,VT65295|0|MEMB003D|-|2218,740,no,CATTGG,CACCACGTAAT,TTTGTATGACT
674,positive,1913,0.6483245491981506,VT65295|0|MEMB003F|-|2339,793,no,CATCTG,CACCACGAAAT,TTTTAATGACT
675,positive,1913,3.1788392066955566,VT65295|0|MEMB004A|-|1649,959,no,CAATGT,CACCACATAAT,TATAAACTATA
676,positive,1913,1.1788393259048462,VT65295|0|MEMB004B|+|2160,760,no,CATTCG,CACCACGAAAT,TTTTAATGAGT
677,positive,1913,1.1788393259048462,VT65295|0|MEMB004E|-|2307,791,no,CATTCG,CACCACGAAAT,GCTTAAGGAGT
678,positive,1913,1.1788393259048462,VT65295|0|MEMB005B|+|2303,775,no,CATTCG,CACCACGAAAT,TTTTAATGAGT
679,positive,1913,1.1788393259048462,VT65295|0|MEMB005D|-|2647,771,no,CATTGG,CACCACGAAAT,TTTTAGTGAGT
680,positive,1913,-1.9366379976272583,VT65295|0|MEMB006A|-|2731,794,no,CGTCGG,CACCACGTAAT,TTTTAACGAAA
681,positive,1913,-1.9366379976272583,VT65295|0|MEMB006B|-|2950,804,no,CGTCCT,CACCACGTAAT,TATTAACGATA
682,positive,1913,0.6483245491981506,VT65295|0|MEMB006C|+|2238,783,no,CATCCA,CACCACGAAAT,TTTTAATGAGA
683,positive,1913,3.1788392066955566,VT65295|0|MEMB007B|-|2640,861,no,CAATGG,CACCACATAGT,ATTGAACTATT
684,positive,1913,0.06336206197738647,VT65295|0|MEMB007C|+|2249,752,no,CCCCCC,CACCACGTAAT,TTCTAATGAGA
685,positive,1913,1.1788393259048462,VT65295|0|MEMB007D|-|2925,1147,no,CATTCT,GACAACGAAAT,TATGTAGGTTA
686,positive,1913,3.1788392066955566,VT65295|0|MEMB008C|-|2328,795,no,CACTCG,CACTACGAAGT,TTTTAATGAGT
687,positive,1913,1.1788393259048462,VT65295|0|dkik|-|3985,740,no,CATTGG,CACCACGTAAT,TTTGTATAACT
688,negative,1919,3.1788392066955566,VT65295|0|MEMB002A|+|3572,1774,no,TTCAAT,CCATTGACTAT,CCCCGAAATAG
689,negative,1919,-0.5216004252433777,VT65295|0|MEMB002B|-|1683,970,no,TTTATA,ACATTGATTAT,CCCCGATATAG
690,negative,1919,3.1788392066955566,VT65295|0|MEMB002C|-|3210,1420,no,TTCAAT,CCATTGACTAT,CCCCGAAATAG
691,negative,1919,0.4783995747566223,VT65295|0|MEMB002D|+|2569,797,no,CTAAAA,CCAACGACTTC,CCCCGAACTCA
692,negative,1919,-2.1065628528594966,VT65295|0|MEMB002E|-|2184,795,no,TAAGAA,CCAACGACTTC,CCCCGATTTTA
693,negative,1919,0.4783995747566223,VT65295|0|MEMB002F|-|2530,967,no,TTAAAA,CCATTGATTAT,CCCCGAAATAG
694,negative,1919,2.0633621215820312,VT65295|0|MEMB003A|-|2218,746,no,TACAAA,CCAATGATTAC,CCCCCAAGTCA
695,negative,1919,0.4783995747566223,VT65295|0|MEMB003B|-|2439,792,no,TTAAAA,ACGGCGATTAC,TCCCGATCTCA
696,negative,1919,3.1788392066955566,VT65295|0|MEMB003C|+|2464,697,no,TTCAAT,CCATTGACTAT,CCCCGAAATAG
697,negative,1919,2.0633621215820312,VT65295|0|MEMB003D|-|2218,746,no,TACAAA,CCAATGATTAC,CCCCCAAGTCA
698,negative,1919,0.4783995747566223,VT65295|0|MEMB003F|-|2339,799,no,TTAAAA,CAGATGATTTC,CCCCGAAGTCA
699,negative,1919,-0.5216004252433777,VT65295|0|MEMB004A|-|1649,965,no,TTTATA,ACATTGATTAT,CCCCGATATAG
700,negative,1919,0.4783995747566223,VT65295|0|MEMB004B|+|2160,766,no,TTAAAA,CGAATGATTTC,CCCTGAACTCA
701,negative,1919,-0.9366379380226136,VT65295|0|MEMB004E|-|2307,797,no,TTAAGC,CGAATGATTTC,CCCCGAACTCC
702,negative,1919,0.4783995747566223,VT65295|0|MEMB005B|+|2303,781,no,TTAAAA,CGAATGATTTC,CCCCGAACTCA
703,negative,1919,0.4783995747566223,VT65295|0|MEMB005D|-|2647,777,no,CTAAAA,CCAATGATTTC,CCCCGAACTCA
704,negative,1919,0.4783995747566223,VT65295|0|MEMB006A|-|2731,800,no,TTAAAA,CCGACGATTAC,CACCGATTTCG
705,negative,1919,-1.5216004848480225,VT65295|0|MEMB006B|-|2950,810,no,TTAATA,AGGACGATTAC,CACCGATATCG
706,negative,1919,0.4783995747566223,VT65295|0|MEMB006C|+|2238,789,no,TTAAAA,TGGATGATTTC,CCCCGATCTCA
707,negative,1919,3.1788392066955566,VT65295|0|MEMB007B|-|2640,867,no,TTCAAT,CCATTGACTAT,CCCCGAAATAG
708,negative,1919,-2.1065628528594966,VT65295|0|MEMB007C|+|2249,758,no,TTAGAA,GGGGGGATTAC,CCCCGATCTCA
709,negative,1919,0.06336206197738647,VT65295|0|MEMB007D|-|2925,1153,no,TACATA,AGAATGATTTC,GCCTGATAACC
710,negative,1919,0.4783995747566223,VT65295|0|MEMB008C|-|2328,801,no,TTAAAA,CGAGTGACTTC,CCCCGAACTCA
711,negative,1919,2.0633621215820312,VT65295|0|dkik|-|3985,746,no,TACAAA,CCAATGATTAC,CCCCCAAGTTA
712,positive,1981,3.1788392066955566,VT65295|0|MEMB002A|+|3572,1836,no,CAATTG,AGAGCAGCTGG,AAGAAGCCAAT
713,positive,1981,3.1788392066955566,VT65295|0|MEMB002B|-|1683,1032,no,CAATTG,AGAGCAGTTGG,AAGAAGCCAAC
714,positive,1981,3.1788392066955566,VT65295|0|MEMB002C|-|3210,1482,no,CAATTG,AGAGCAGCTGG,AAGAAGCCAAC
715,positive,1981,3.1788392066955566,VT65295|0|MEMB002D|+|2569,859,no,CAATTG,ACAGCATCTGG,AAGAAGCTAAC
716,positive,1981,3.1788392066955566,VT65295|0|MEMB002E|-|2184,857,no,CAATTG,AAAGCATCTGG,AAGAAGCTAAC
717,positive,1981,3.1788392066955566,VT65295|0|MEMB002F|-|2530,1029,no,CAATTG,AGAGTATCTGG,AAGAAGCCAAC
718,positive,1981,3.1788392066955566,VT65295|0|MEMB003A|-|2218,808,no,CAATTG,ACAGCATCTGG,AAGAAGCTGAC
719,positive,1981,3.1788392066955566,VT65295|0|MEMB003B|-|2439,854,no,CAATTG,ATAGCATCTGG,AAGAAGCTCAC
720,positive,1981,3.1788392066955566,VT65295|0|MEMB003C|+|2464,759,no,CAATTG,AGAGCAGCTGG,AAGAAGCCAAC
721,positive,1981,3.1788392066955566,VT65295|0|MEMB003D|-|2218,808,no,CAATTG,ACAGCATCTGG,AAGAAGCTGAC
722,positive,1981,1.1788393259048462,VT65295|0|MEMB003F|-|2339,861,no,CAGTTG,AGAGCATCTGG,AAGAAGCTGAC
723,positive,1981,3.1788392066955566,VT65295|0|MEMB004A|-|1649,1027,no,CAATTG,AGAGCAGTTGG,AAGAAGCCGAC
724,positive,1981,1.1788393259048462,VT65295|0|MEMB004B|+|2160,828,no,CAGTTG,ATAGCATCTGG,AAGAAGCTAAC
725,positive,1981,1.1788393259048462,VT65295|0|MEMB004E|-|2307,859,no,CAGTTG,AAAGCATCTGG,AAGAAGCTAAC
726,positive,1981,1.1788393259048462,VT65295|0|MEMB005B|+|2303,843,no,CAGTTG,AAAGCATCTGG,AAGAAGCTAAC
727,positive,1981,1.1788393259048462,VT65295|0|MEMB005D|-|2647,839,no,CAGTTG,ACAGCATCTGG,AAGAAGCTAAC
728,positive,1981,1.1788393259048462,VT65295|0|MEMB006A|-|2731,862,no,CAGTTG,ACAGCATCTGG,AAGAAGCTAAC
729,positive,1981,1.1788393259048462,VT65295|0|MEMB006B|-|2950,872,no,CAGTTG,AAAGCATTTGG,AAGAAGCTCGC
730,positive,1981,1.1788393259048462,VT65295|0|MEMB006C|+|2238,851,no,CAGTTG,ATAGCATCTGG,AAGAAGCTAAC
731,positive,1981,3.1788392066955566,VT65295|0|MEMB007B|-|2640,929,no,CAATTG,AGAGCAGCTGG,AAGAAGCCAAC
732,positive,1981,3.1788392066955566,VT65295|0|MEMB007C|+|2249,820,no,CAATTG,AAAGCATCTGG,AAGAAGCTCAC
733,positive,1981,1.1788393259048462,VT65295|0|MEMB007D|-|2925,1215,no,CAGTTG,ACAGCATCTGG,AAGAAGCTAAC
734,positive,1981,1.1788393259048462,VT65295|0|MEMB008C|-|2328,863,no,CAGTTG,AAAGCATCTGG,AAGAAGCTAAC
735,positive,1981,3.1788392066955566,VT65295|0|dkik|-|3985,808,no,CAATTG,ACAGGATCTGG,AAGAAGCTGAC
736,negative,1983,3.1788392066955566,VT65295|0|MEMB002A|+|3572,1838,no,TTCAAT,TGCCAGCTGCT,TGATTGGCTTC
737,negative,1983,3.1788392066955566,VT65295|0|MEMB002B|-|1683,1034,no,TTCAAT,TGCCAACTGCT,TAGTTGGCTTC
738,negative,1983,3.1788392066955566,VT65295|0|MEMB002C|-|3210,1484,no,TTCAAT,TGCCAGCTGCT,TGGTTGGCTTC
739,negative,1983,3.1788392066955566,VT65295|0|MEMB002D|+|2569,861,no,TTCAAT,TGCCAGATGCT,TAGTTAGCTTC
740,negative,1983,3.1788392066955566,VT65295|0|MEMB002E|-|2184,859,no,TTCAAT,TGCCAGATGCT,TAGTTAGCTTC
741,negative,1983,3.1788392066955566,VT65295|0|MEMB002F|-|2530,1031,no,TTCAAT,TGCCAGATACT,TCGTTGGCTTC
742,negative,1983,3.1788392066955566,VT65295|0|MEMB003A|-|2218,810,no,TTCAAT,TGCCAGATGCT,TAGTCAGCTTC
743,negative,1983,3.1788392066955566,VT65295|0|MEMB003B|-|2439,856,no,TTCAAT,TGCCAGATGCT,TGGTGAGCTTC
744,negative,1983,3.1788392066955566,VT65295|0|MEMB003C|+|2464,761,no,TTCAAT,TGCCAGCTGCT,TGGTTGGCTTC
745,negative,1983,3.1788392066955566,VT65295|0|MEMB003D|-|2218,810,no,TTCAAT,TGCCAGATGCT,TAGTCAGCTTC
746,negative,1983,2.648324489593506,VT65295|0|MEMB003F|-|2339,863,no,TTCAAC,TGCCAGATGCT,TAGTCAGCTTC
747,negative,1983,3.1788392066955566,VT65295|0|MEMB004A|-|1649,1029,no,TTCAAT,TGCCAACTGCT,TGGTCGGCTTC
748,negative,1983,2.648324489593506,VT65295|0|MEMB004B|+|2160,830,no,TTCAAC,TGCCAGATGCT,TAGTTAGCTTC
749,negative,1983,2.648324489593506,VT65295|0|MEMB004E|-|2307,861,no,TTCAAC,TGCCAGATGCT,TAGTTAGCTTC
750,negative,1983,2.648324489593506,VT65295|0|MEMB005B|+|2303,845,no,TTCAAC,TGCCAGATGCT,TAGTTAGCTTC
751,negative,1983,2.648324489593506,VT65295|0|MEMB005D|-|2647,841,no,TTCAAC,TGCCAGATGCT,TAGTTAGCTTC
752,negative,1983,2.648324489593506,VT65295|0|MEMB006A|-|2731,864,no,TTCAAC,TGCCAGATGCT,TAGTTAGCTTC
753,negative,1983,2.648324489593506,VT65295|0|MEMB006B|-|2950,874,no,TTCAAC,TGCCAAATGCT,TAGCGAGCTTC
754,negative,1983,2.648324489593506,VT65295|0|MEMB006C|+|2238,853,no,TTCAAC,TGCCAGATGCT,TAGTTAGCTTC
755,negative,1983,3.1788392066955566,VT65295|0|MEMB007B|-|2640,931,no,TTCAAT,TGCCAGCTGCT,TGGTTGGCTTC
756,negative,1983,3.1788392066955566,VT65295|0|MEMB007C|+|2249,822,no,TTCAAT,TGCCAGATGCT,TAGTGAGCTTC
757,negative,1983,2.648324489593506,VT65295|0|MEMB007D|-|2925,1217,no,TTCAAC,TGCCAGATGCT,TAGTTAGCTTC
758,negative,1983,2.648324489593506,VT65295|0|MEMB008C|-|2328,865,no,TTCAAC,TGCCAGATGCT,TAGTTAGCTTC
759,negative,1983,3.1788392066955566,VT65295|0|dkik|-|3985,810,no,TTCAAT,TGCCAGATCCT,TAGTCAGCTTC
760,positive,1994,3.1788392066955566,VT65295|0|MEMB002A|+|3572,1849,no,CAATCA,ATTGAAGAAGC,GGATGAAGAAG
761,positive,1994,2.648324489593506,VT65295|0|MEMB002B|-|1683,1045,no,CAACTA,ATTGAAGAAGC,GGATAAAGAAG
762,positive,1994,2.648324489593506,VT65295|0|MEMB002C|-|3210,1495,no,CAACCA,ATTGAAGAAGC,GGATGAAGAAG
763,positive,1994,2.0633621215820312,VT65295|0|MEMB002D|+|2569,872,no,TAACTA,ATTGAAGAAGC,GGATGAAGAAG
764,positive,1994,2.0633621215820312,VT65295|0|MEMB002E|-|2184,870,no,TAACTA,ATTGAAGAAGC,GGATAAAGAAG
765,positive,1994,2.648324489593506,VT65295|0|MEMB002F|-|2530,1042,no,CAACGA,ATTGAAGAAGC,GGATAAAGAAG
766,positive,1994,-0.5216004252433777,VT65295|0|MEMB003A|-|2218,821,no,TGACTA,ATTGAAGAAGC,GGATAAAGAAG
767,positive,1994,-0.5216004252433777,VT65295|0|MEMB003B|-|2439,867,no,TCACCA,ATTGAAGAAGC,GGATTAAGAAG
768,positive,1994,2.648324489593506,VT65295|0|MEMB003C|+|2464,772,no,CAACCA,ATTGAAGAAGC,GGATGAAGAAG
769,positive,1994,-0.5216004252433777,VT65295|0|MEMB003D|-|2218,821,no,TGACTA,ATTGAAGAAGC,GGATAAAGAAG
770,positive,1994,-0.5216004252433777,VT65295|0|MEMB003F|-|2339,874,no,TGACTA,GTTGAAGAAGC,GGATAAAGAAG
771,positive,1994,0.06336206197738647,VT65295|0|MEMB004A|-|1649,1040,no,CGACCA,ATTGAAGAAGC,GGATAAAGAAG
772,positive,1994,2.0633621215820312,VT65295|0|MEMB004B|+|2160,841,no,TAACTA,GTTGAAGAAGC,GGATAAAGAAG
773,positive,1994,2.0633621215820312,VT65295|0|MEMB004E|-|2307,872,no,TAACTA,GTTGAAGAAGC,GGATAAAGAAG
774,positive,1994,2.0633621215820312,VT65295|0|MEMB005B|+|2303,856,no,TAACTA,GTTGAAGAAGC,GAATAAAGAAG
775,positive,1994,2.0633621215820312,VT65295|0|MEMB005D|-|2647,852,no,TAACTA,GTTGAAGAAGC,GGATAAAGAAC
776,positive,1994,2.0633621215820312,VT65295|0|MEMB006A|-|2731,875,no,TAACTA,GTTGAAGAAGC,GGATAAAGAAG
777,positive,1994,-2.5216004848480225,VT65295|0|MEMB006B|-|2950,885,no,TCGCTA,GTTGAAGAAGC,GGATTAAGAAG
778,positive,1994,2.0633621215820312,VT65295|0|MEMB006C|+|2238,864,no,TAACTA,GTTGAAGAAGC,GGATAAAGAAG
779,positive,1994,2.648324489593506,VT65295|0|MEMB007B|-|2640,942,no,CAACCA,ATTGAAGAAGC,GGATGAAGAAG
780,positive,1994,-0.5216004252433777,VT65295|0|MEMB007C|+|2249,833,no,TCACTA,ATTGAAGAAGC,GGATTAAGAAG
781,positive,1994,2.0633621215820312,VT65295|0|MEMB007D|-|2925,1228,no,TAACTA,GTTGAAGAAGC,GAATAAAGAAG
782,positive,1994,2.0633621215820312,VT65295|0|MEMB008C|-|2328,876,no,TAACTA,GTTGAAGAAGC,GGATAAAGAAG
783,positive,1994,-0.5216004252433777,VT65295|0|dkik|-|3985,821,no,TGACTA,ATTGAAGAAGC,GGATAAAGAAG
784,negative,2019,3.2857544422149663,VT65295|0|MEMB002A|+|3572,1874,no,CACAAG,TACTATGTCTT,ACTGGGACATC
785,negative,2019,3.2857544422149663,VT65295|0|MEMB002B|-|1683,1070,no,CACAAG,TACTATGTCTT,ACTGGGACATC
786,negative,2019,3.2857544422149663,VT65295|0|MEMB002C|-|3210,1520,no,CACAAG,TACTATGTCTT,ACTGGGACATC
787,negative,2019,3.2857544422149663,VT65295|0|MEMB002D|+|2569,897,no,CACAAG,TACTATGTCTT,ACTGGGACACC
788,negative,2019,2.0633621215820312,VT65295|0|MEMB002E|-|2184,895,no,CACAAA,TACTATGTCTT,ACTGGGACACC
789,negative,2019,3.2857544422149663,VT65295|0|MEMB002F|-|2530,1067,no,CACAAG,TACTATGTCTT,ACTGGGACATC
790,negative,2019,3.2857544422149663,VT65295|0|MEMB003A|-|2218,846,no,CACAAG,TACCATATCTT,ACTGGGACATC
791,negative,2019,3.1788392066955566,VT65295|0|MEMB003B|-|2439,892,no,CACAAT,TACTTTGTCTT,ATTGGGACAAC
792,negative,2019,3.2857544422149663,VT65295|0|MEMB003C|+|2464,797,no,CACAAG,TACTATGTCTT,ACTGGGACATC
793,negative,2019,3.2857544422149663,VT65295|0|MEMB003D|-|2218,846,no,CACAAG,TACCATATCTT,ACTGGGACATC
794,negative,2019,3.2857544422149663,VT65295|0|MEMB003F|-|2339,899,no,CACAAG,TACTACATCTT,ACTGGGACACC
795,negative,2019,3.2857544422149663,VT65295|0|MEMB004A|-|1649,1065,no,CACAAG,TACTATGTCTT,ACTGGGACATC
796,negative,2019,3.2857544422149663,VT65295|0|MEMB004B|+|2160,866,no,CACAAG,TACTACATCTT,ACTGGGACACC
797,negative,2019,0.7007919549942017,VT65295|0|MEMB004E|-|2307,897,no,CACCAG,TACTACATCTT,ACTGGGACACC
798,negative,2019,3.2857544422149663,VT65295|0|MEMB005B|+|2303,881,no,CACAAG,TACTACGTCTT,ACTGGGACACC
799,negative,2019,3.2857544422149663,VT65295|0|MEMB005D|-|2647,877,no,CACAAG,TACTATGTGTT,ACTGGGACACG
800,negative,2019,3.2857544422149663,VT65295|0|MEMB006A|-|2731,900,no,CACAAG,TACCATGTCTT,ACTGGGACAAC
801,negative,2019,3.1788392066955566,VT65295|0|MEMB006B|-|2950,910,no,CGCAAT,TACTTTGTCTT,ACTGGACCACC
802,negative,2019,3.2857544422149663,VT65295|0|MEMB006C|+|2238,889,no,CACAAG,TACTACGTCTT,ACTGGGACACC
803,negative,2019,3.2857544422149663,VT65295|0|MEMB007B|-|2640,967,no,CACAAG,TACTATGTCTT,ACTGGGACATC
804,negative,2019,3.1788392066955566,VT65295|0|MEMB007C|+|2249,858,no,CACAAT,TACTTTATCTT,ACTGGGAGAGC
805,negative,2019,3.2857544422149663,VT65295|0|MEMB007D|-|2925,1253,no,CACAAG,TACTATGTCTT,TCTGGGACATC
806,negative,2019,3.2857544422149663,VT65295|0|MEMB008C|-|2328,901,no,CACAAG,TACCACATCTT,ACTGGGACACC
807,negative,2019,3.2857544422149663,VT65295|0|dkik|-|3985,846,no,CACAAG,TACCATATCTT,ACTGGGACATC
808,negative,2112,3.1788392066955566,VT65295|0|MEMB002A|+|3572,1967,no,GGCAAT,CCCACCAACGC,CCAAGATATTT
809,negative,2112,1.5938767194747925,VT65295|0|MEMB002B|-|1683,1163,no,GGAAAT,CCCACCAACGC,CCAAGATATTT
810,negative,2112,3.1788392066955566,VT65295|0|MEMB002C|-|3210,1613,no,GGCAAT,CCCACCAACGC,CCAAGATATTT
811,negative,2112,2.593876838684082,VT65295|0|MEMB002D|+|2569,990,no,GGTAAT,CCCATCAACGC,CCAAGCTCTTC
812,negative,2112,2.593876838684082,VT65295|0|MEMB002E|-|2184,988,no,GGTAAT,CCCACCAACGC,CCAAGCTATTC
813,negative,2112,3.1788392066955566,VT65295|0|MEMB002F|-|2530,1160,no,GGCAAT,CCCACCAACGC,CCAAGATATTT
814,negative,2112,0.5938767790794373,VT65295|0|MEMB003A|-|2218,939,no,GCCGAT,CCCACCAATGG,CCAAGATATTC
815,negative,2112,3.1788392066955566,VT65295|0|MEMB003B|-|2439,985,no,GGCAAT,CCGACCAACGC,CCAAGCTATTC
816,negative,2112,3.1788392066955566,VT65295|0|MEMB003C|+|2464,890,no,GGCAAT,CCCACCAACGC,CCAAGATATTT
817,negative,2112,0.5938767790794373,VT65295|0|MEMB003D|-|2218,939,no,GCCGAT,CCTACCAATGG,CCAAGATATTC
818,negative,2112,1.5938767194747925,VT65295|0|MEMB003F|-|2339,992,no,GGGAAT,CCAACTAACGC,CCAAGCTATTT
819,negative,2112,1.5938767194747925,VT65295|0|MEMB004A|-|1649,1158,no,GGAAAT,CCCACCAACGC,CCAAGATATTT
820,negative,2112,2.648324489593506,VT65295|0|MEMB004B|+|2160,959,no,GGCAAC,CCAACTAACGC,CCAAGCTATTA
821,negative,2112,3.1788392066955566,VT65295|0|MEMB004E|-|2307,990,no,GGCAAT,CCAGCTAATGC,CCAAGCTGGTA
822,negative,2112,3.1788392066955566,VT65295|0|MEMB005B|+|2303,974,no,GGCAAT,CCAACTAACGC,CCAAGCTTTTA
823,negative,2112,1.5938767194747925,VT65295|0|MEMB005D|-|2647,970,no,GGGAAT,CCCACCAACGC,CCAAGCTATTC
824,negative,2112,2.593876838684082,VT65295|0|MEMB006A|-|2731,993,no,GGTAAT,CCCACCAACGC,CGAAGCTATTC
825,negative,2112,3.1788392066955566,VT65295|0|MEMB006B|-|2950,1003,no,GGCAAT,CCCCCCAATGC,CCAAGCTATTC
826,negative,2112,3.1788392066955566,VT65295|0|MEMB006C|+|2238,982,no,GGCAAT,CCAGTTAACGG,CCAAGATATTA
827,negative,2112,3.1788392066955566,VT65295|0|MEMB007B|-|2640,1060,no,GGCAAT,CCCACCAACGC,CCAAGATATTT
828,negative,2112,3.1788392066955566,VT65295|0|MEMB007C|+|2249,951,no,GGCAAT,TCCACCAACGC,CCAAGCTATTT
829,negative,2112,3.1788392066955566,VT65295|0|MEMB007D|-|2925,1346,no,GGCAAT,CCCACCAACGG,CCAAGCTATTC
830,negative,2112,3.1788392066955566,VT65295|0|MEMB008C|-|2328,994,no,GCCAAT,CCAACTAACGC,CCAAGCTATTG
831,negative,2112,0.5938767790794373,VT65295|0|dkik|-|3985,939,no,GCCGAT,CCTACCAATGG,CCAAGATATTC
832,negative,2124,3.2857544422149663,VT65295|0|MEMB002A|+|3572,1979,no,GCCAAG,ATATTTGGCAA,GAATGGTGGTG
833,negative,2124,3.2857544422149663,VT65295|0|MEMB002B|-|1683,1175,no,GCCAAG,ATATTTGGAAA,GAATGGTGATG
834,negative,2124,3.2857544422149663,VT65295|0|MEMB002C|-|3210,1625,no,GCCAAG,ATATTTGGCAA,GAATGGTGGTG
835,negative,2124,3.2857544422149663,VT65295|0|MEMB002D|+|2569,1002,no,GCCAAG,CTCTTCGGTAA,CATTGGTGGTG
836,negative,2124,3.2857544422149663,VT65295|0|MEMB002E|-|2184,1000,no,GCCAAG,CTATTCGGTAA,CTTTGGTGGTG
837,negative,2124,3.2857544422149663,VT65295|0|MEMB002F|-|2530,1172,no,GCCAAG,ATATTTGGCAA,GAATGGTGGTG
838,negative,2124,3.2857544422149663,VT65295|0|MEMB003A|-|2218,951,no,GCCAAG,ATATTCGCCGA,CAATGGTGGTG
839,negative,2124,3.2857544422149663,VT65295|0|MEMB003B|-|2439,997,no,GCCAAG,CTATTCGGCAA,CATTGGTGGTG
840,negative,2124,3.2857544422149663,VT65295|0|MEMB003C|+|2464,902,no,GCCAAG,ATATTTGGCAA,GAATGGTGGTG
841,negative,2124,3.2857544422149663,VT65295|0|MEMB003D|-|2218,951,no,GCCAAG,ATATTCGCCGA,CAATGGTGGTG
842,negative,2124,3.2857544422149663,VT65295|0|MEMB003F|-|2339,1004,no,GCCAAG,CTATTTGGGAA,CATTGGTGGTG
843,negative,2124,3.2857544422149663,VT65295|0|MEMB004A|-|1649,1170,no,GCCAAG,ATATTTGGAAA,GAATGGTGATG
844,negative,2124,3.2857544422149663,VT65295|0|MEMB004B|+|2160,971,no,GCCAAG,CTATTAGGCAA,CATTGGTGGTG
845,negative,2124,3.2857544422149663,VT65295|0|MEMB004E|-|2307,1002,no,GCCAAG,CTGGTAGGCAA,CATTGGTGGTG
846,negative,2124,3.2857544422149663,VT65295|0|MEMB005B|+|2303,986,no,GCCAAG,CTTTTAGGCAA,CATTGGTGGTG
847,negative,2124,3.2857544422149663,VT65295|0|MEMB005D|-|2647,982,no,GCCAAG,CTATTCGGGAA,CTCTGGTGGTG
848,negative,2124,1.7007919549942017,VT65295|0|MEMB006A|-|2731,1005,no,GCGAAG,CTATTCGGTAA,CTCTGGTGGTG
849,negative,2124,3.2857544422149663,VT65295|0|MEMB006B|-|2950,1015,no,GCCAAG,CTATTCGGCAA,CATTGGTGGTG
850,negative,2124,3.2857544422149663,VT65295|0|MEMB006C|+|2238,994,no,GCCAAG,ATATTAGGCAA,CATTGGTGGTG
851,negative,2124,3.2857544422149663,VT65295|0|MEMB007B|-|2640,1072,no,GCCAAG,ATATTTGGCAA,GAATGGTGGTG
852,negative,2124,3.2857544422149663,VT65295|0|MEMB007C|+|2249,963,no,GCCAAG,CTATTTGGCAA,CATTGGTGGTG
853,negative,2124,3.2857544422149663,VT65295|0|MEMB007D|-|2925,1358,no,GCCAAG,CTATTCGGCAA,CAATGGTGGTG
854,negative,2124,3.2857544422149663,VT65295|0|MEMB008C|-|2328,1006,no,GCCAAG,CTATTGGCCAA,CATTGGTGGTG
855,negative,2124,3.2857544422149663,VT65295|0|dkik|-|3985,951,no,GCCAAG,ATATTCGCCGA,CAATGGTTGTG
856,positive,2147,3.1788392066955566,VT65295|0|MEMB002A|+|3572,2002,no,CAATCA,CATTCCGGTTA,TCTCCACAGTG
857,positive,2147,2.593876838684082,VT65295|0|MEMB002B|-|1683,1198,no,TAATCA,CATTCCGGTTA,TCTGAACAGTG
858,positive,2147,3.1788392066955566,VT65295|0|MEMB002C|-|3210,1648,no,CAATCA,CATTCCGGTTA,TCTCCACAGTG
859,positive,2147,2.593876838684082,VT65295|0|MEMB002D|+|2569,1025,no,TAATTA,CAATGCAGTTA,GCTCCACGGTG
860,positive,2147,0.008914276957511902,VT65295|0|MEMB002E|-|2184,1023,no,TTATAA,CAAAGCAGTTA,GCTCCACAGTG
861,positive,2147,1.5938767194747925,VT65295|0|MEMB002F|-|2530,1195,no,AAATAA,CATTCCGGTTA,GCTCCACAGTG
862,positive,2147,3.1788392066955566,VT65295|0|MEMB003A|-|2218,974,no,CAATAA,CATTGCGGTTA,GCTCCACGGTG
863,positive,2147,0.008914276957511902,VT65295|0|MEMB003B|-|2439,1020,no,TGATAA,CAATGCAGTAA,GCTCCACGGTG
864,positive,2147,3.1788392066955566,VT65295|0|MEMB003C|+|2464,925,no,CAATCA,CATTCCGGTTA,TCTCCACAGTG
865,positive,2147,3.1788392066955566,VT65295|0|MEMB003D|-|2218,974,no,CAATAA,CATTGCGGTTA,GCTCCACGGTG
866,positive,2147,0.008914276957511902,VT65295|0|MEMB003F|-|2339,1027,no,TGATAA,CAATGCAGTTA,GCTCCACGGTA
867,positive,2147,2.593876838684082,VT65295|0|MEMB004A|-|1649,1193,no,TAATCA,CATTCCGGTTA,TCTGCACAGTA
868,positive,2147,-0.9910857081413268,VT65295|0|MEMB004B|+|2160,994,no,AGATAA,CAATGCAGTTA,GCTCCACGGTG
869,positive,2147,-0.9910857081413268,VT65295|0|MEMB004E|-|2307,1025,no,ATATAA,CAATGCAGTTA,GCTCCACGGTG
870,positive,2147,-0.9910857081413268,VT65295|0|MEMB005B|+|2303,1009,no,AGATAA,CAATGCAGTTA,GCTCCACGGTG
871,positive,2147,0.008914276957511902,VT65295|0|MEMB005D|-|2647,1005,no,TGATAA,CAGAGCAGTAA,GCTCCACGGTG
872,positive,2147,0.008914276957511902,VT65295|0|MEMB006A|-|2731,1028,no,TGATGA,CAGAGCAGTAA,GCTCCACGGTG
873,positive,2147,0.008914276957511902,VT65295|0|MEMB006B|-|2950,1038,no,TGATGA,CAATGCAGTCA,GCTCCACGGTG
874,positive,2147,-0.9910857081413268,VT65295|0|MEMB006C|+|2238,1017,no,GTATAA,CAATGCAGTGA,GCTCCACGGTG
875,positive,2147,3.1788392066955566,VT65295|0|MEMB007B|-|2640,1095,no,CAATCA,CATTCCGGTTA,TCTCCACAGTG
876,positive,2147,0.008914276957511902,VT65295|0|MEMB007C|+|2249,986,no,TGATAA,CAATGCAGTTA,GCTCCACGGTG
877,positive,2147,1.5938767194747925,VT65295|0|MEMB007D|-|2925,1381,no,GAATGA,CATTGCGGTTA,TCTCCACGGTG
878,positive,2147,-0.9910857081413268,VT65295|0|MEMB008C|-|2328,1029,no,AGATTA,CAATGCAGTTA,GCTCCACTGTG
879,positive,2147,3.1788392066955566,VT65295|0|dkik|-|3985,974,no,CAATAA,CATTGCGGTTA,GCTCCACGGTG
880,negative,2160,3.1788392066955566,VT65295|0|MEMB002A|+|3572,2015,no,TTCACT,GTGGAGATGAT,TCATTGTGCTG
881,negative,2160,3.1788392066955566,VT65295|0|MEMB002B|-|1683,1211,no,TTCACT,GTTCAGATGAT,TCATTGTGTTG
882,negative,2160,3.1788392066955566,VT65295|0|MEMB002C|-|3210,1661,no,TTCACT,GTGGAGATGAT,TCATTGTGCTG
883,negative,2160,2.648324489593506,VT65295|0|MEMB002D|+|2569,1038,no,TTCACC,GTGGAGCTAAT,TCGTGGTGTTG
884,negative,2160,3.1788392066955566,VT65295|0|MEMB002E|-|2184,1036,no,TTCACT,GTGGAGCTTAT,TCGTGGTGTTG
885,negative,2160,3.1788392066955566,VT65295|0|MEMB002F|-|2530,1208,no,TTCACT,GTGGAGCTTAT,TCATTCTGGTG
886,negative,2160,2.648324489593506,VT65295|0|MEMB003A|-|2218,987,no,TTCACC,GTGGAGCTTAT,TCGTGGTGCTG
887,negative,2160,2.648324489593506,VT65295|0|MEMB003B|-|2439,1033,no,TTCACC,GTGGAGCTTAT,TCGTTATTCTG
888,negative,2160,3.1788392066955566,VT65295|0|MEMB003C|+|2464,938,no,TTCACT,GTGGAGATGAT,TCATTGTGCTG
889,negative,2160,2.648324489593506,VT65295|0|MEMB003D|-|2218,987,no,TTCACC,GTGGAGCTTAT,TCGTGGTGCTG
890,negative,2160,2.0633621215820312,VT65295|0|MEMB003F|-|2339,1040,no,TTTACC,GTGGAGCTTAT,TCGTGGTGTTG
891,negative,2160,2.593876838684082,VT65295|0|MEMB004A|-|1649,1206,no,TTTACT,GTGCAGATGAT,TCATTGTATTG
892,negative,2160,2.648324489593506,VT65295|0|MEMB004B|+|2160,1007,no,TTCACC,GTGGAGCTTAT,TCGTGATTCTG
893,negative,2160,2.648324489593506,VT65295|0|MEMB004E|-|2307,1038,no,TTCACC,GTGGAGCTTAT,TCGTGGTGTTG
894,negative,2160,2.648324489593506,VT65295|0|MEMB005B|+|2303,1022,no,TTCACC,GTGGAGCTTAT,TCGTGGTGTTG
895,negative,2160,2.648324489593506,VT65295|0|MEMB005D|-|2647,1018,no,TTCACC,GTGGAGCTTAT,TTGTGGTGCTG
896,negative,2160,2.648324489593506,VT65295|0|MEMB006A|-|2731,1041,no,TTCACC,GTGGAGCTCAT,TCGTGTTGCTG
897,negative,2160,2.648324489593506,VT65295|0|MEMB006B|-|2950,1051,no,TTCACC,GTGGAGCTCAT,TTGTGGTGCTT
898,negative,2160,2.648324489593506,VT65295|0|MEMB006C|+|2238,1030,no,TTCACC,GTGGAGCTTAT,TCGTGGTGTTG
899,negative,2160,3.1788392066955566,VT65295|0|MEMB007B|-|2640,1108,no,TTCACT,GTGGAGATGAT,TCATTATATTG
900,negative,2160,2.648324489593506,VT65295|0|MEMB007C|+|2249,999,no,TTCACC,GTGGAGCTTAT,TCGTTGTGCTG
901,negative,2160,2.648324489593506,VT65295|0|MEMB007D|-|2925,1394,no,TTCACC,GTGGAGATCAT,TCGTGGTGGTG
902,negative,2160,2.0633621215820312,VT65295|0|MEMB008C|-|2328,1042,no,TTCACA,GTGGAGCTAAT,TCGTGGTGTTG
903,negative,2160,2.648324489593506,VT65295|0|dkik|-|3985,987,no,TTCACC,GTGGAGCTTAT,TCGTGGTGCTG
904,positive,2171,3.1788392066955566,VT65295|0|MEMB002A|+|3572,2026,no,CAATGA,AGTGAACAGCA,AGCCAATAAAG
905,positive,2171,3.1788392066955566,VT65295|0|MEMB002B|-|1683,1222,no,CAATGA,AGTGAACAACA,AGCCGGCAAAA
906,positive,2171,3.1788392066955566,VT65295|0|MEMB002C|-|3210,1672,no,CAATGA,AGTGAACAGCA,AGCCAATAAAG
907,positive,2171,0.06336206197738647,VT65295|0|MEMB002D|+|2569,1049,no,CCACGA,GGTGAACAACA,AACAGATGAAG
908,positive,2171,0.06336206197738647,VT65295|0|MEMB002E|-|2184,1047,no,CCACGA,AGTGAACAACA,AGCAGACGAAG
909,positive,2171,1.5938767194747925,VT65295|0|MEMB002F|-|2530,1219,no,GAATGA,AGTGAACACCA,AGCAGACAAAG
910,positive,2171,0.06336206197738647,VT65295|0|MEMB003A|-|2218,998,no,CCACGA,GGTGAACAGCA,AACAGACGAAG
911,positive,2171,2.0633621215820312,VT65295|0|MEMB003B|-|2439,1044,no,TAACGA,GGTGAACAGAA,AGCAGATGAAG
912,positive,2171,3.1788392066955566,VT65295|0|MEMB003C|+|2464,949,no,CAATGA,AGTGAACAGCA,AGGCAATAAAG
913,positive,2171,0.06336206197738647,VT65295|0|MEMB003D|-|2218,998,no,CCACGA,GGTGAACAGCA,AGCAGACGAAG
914,positive,2171,0.06336206197738647,VT65295|0|MEMB003F|-|2339,1051,no,CCACGA,GGTAAACAACA,AGAAGATGAAG
915,positive,2171,3.1788392066955566,VT65295|0|MEMB004A|-|1649,1217,no,CAATGA,AGTAAACAATA,AGCCGACAAAG
916,positive,2171,-0.5216004252433777,VT65295|0|MEMB004B|+|2160,1018,no,TCACGA,GGTGAACAGAA,ATATTATGAAG
917,positive,2171,0.06336206197738647,VT65295|0|MEMB004E|-|2307,1049,no,CCACGA,GGTGAACAACA,ACAAGATGAAG
918,positive,2171,0.06336206197738647,VT65295|0|MEMB005B|+|2303,1033,no,CCACGA,GGTGAACAACA,AGACGATGAAG
919,positive,2171,0.06336206197738647,VT65295|0|MEMB005D|-|2647,1029,no,CCACAA,GGTGAACAGCA,ATAGGATGAAG
920,positive,2171,-1.5216004848480225,VT65295|0|MEMB006A|-|2731,1052,no,ACACGA,GGTGAACAGCA,ATAAGATGAAG
921,positive,2171,0.06336206197738647,VT65295|0|MEMB006B|-|2950,1062,no,CCACAA,GGTGAAAAGCA,AGCAGATGAAG
922,positive,2171,0.06336206197738647,VT65295|0|MEMB006C|+|2238,1041,no,CCACGA,GGTGAACAACA,AGAAGATGAAG
923,positive,2171,2.593876838684082,VT65295|0|MEMB007B|-|2640,1119,no,TAATGA,AGTGAACAATA,AGCCGATAAAG
924,positive,2171,2.648324489593506,VT65295|0|MEMB007C|+|2249,1010,no,CAACGA,GGTGAACAGCA,AGCAGATGAAA
925,positive,2171,0.06336206197738647,VT65295|0|MEMB007D|-|2925,1405,no,CCACGA,GGTGAACACCA,AGAAGATGAAG
926,positive,2171,0.06336206197738647,VT65295|0|MEMB008C|-|2328,1053,no,CCACGA,TGTGAACAACA,AGATGATGAAT
927,positive,2171,0.06336206197738647,VT65295|0|dkik|-|3985,998,no,CCACGA,GGTGAACAGCA,AGCAGACGAAG
928,positive,2180,3.1788392066955566,VT65295|0|MEMB002A|+|3572,2035,no,CAATAA,CACAATGAAGC,AGGCCGCTAAC
929,positive,2180,-1.9366379976272583,VT65295|0|MEMB002B|-|1683,1231,no,CGGCAA,CACAATGAAGC,AAGCCACTACC
930,positive,2180,3.1788392066955566,VT65295|0|MEMB002C|-|3210,1681,no,CAATAA,CACAATGAAGC,AGGCAGCTACC
931,positive,2180,-0.9910857081413268,VT65295|0|MEMB002D|+|2569,1058,no,AGATGA,CACCACGAAAC,AGGCCAGAATA
932,positive,2180,-1.5216004848480225,VT65295|0|MEMB002E|-|2184,1056,no,AGACGA,CACCACGAAGC,AGGCCAGAATA
933,positive,2180,-1.5216004848480225,VT65295|0|MEMB002F|-|2530,1228,no,AGACAA,CAGAATGAAGC,AGGCCACTACT
934,positive,2180,-1.5216004848480225,VT65295|0|MEMB003A|-|2218,1007,no,AGACGA,CACCACGAAAC,AGGCCAGTATC
935,positive,2180,-0.9910857081413268,VT65295|0|MEMB003B|-|2439,1053,no,AGATGA,AATAACGAAGC,AGGCCAGAACC
936,positive,2180,3.1788392066955566,VT65295|0|MEMB003C|+|2464,958,no,CAATAA,CACAATGAAGG,AGGCCGCTACC
937,positive,2180,-1.5216004848480225,VT65295|0|MEMB003D|-|2218,1007,no,AGACGA,CACCACGAAGC,AGGCCAGTATC
938,positive,2180,-0.9910857081413268,VT65295|0|MEMB003F|-|2339,1060,no,AGATGA,CACCACGAAGA,AGGCCAGAATA
939,positive,2180,0.06336206197738647,VT65295|0|MEMB004A|-|1649,1226,no,CGACAA,TACAATGAAGC,AGGCCACTACC
940,positive,2180,0.008914276957511902,VT65295|0|MEMB004B|+|2160,1027,no,TTATGA,AATCACGAATA,AGGCCAGAATC
941,positive,2180,-0.9910857081413268,VT65295|0|MEMB004E|-|2307,1058,no,AGATGA,CACCACGAACA,AGGCCAGAATC
942,positive,2180,0.5938767790794373,VT65295|0|MEMB005B|+|2303,1042,no,CGATGA,CACCACGAAGA,AGGCCAGAATC
943,positive,2180,-0.9910857081413268,VT65295|0|MEMB005D|-|2647,1038,no,GGATGA,CACCACAAATA,AGGCCCCAATG
944,positive,2180,-0.9910857081413268,VT65295|0|MEMB006A|-|2731,1061,no,AGATGA,CAACACGAATA,AGGCTCCAATC
945,positive,2180,-0.9910857081413268,VT65295|0|MEMB006B|-|2950,1071,no,AGATGA,CACCACAAAGC,AGGCCAGAATC
946,positive,2180,-0.9910857081413268,VT65295|0|MEMB006C|+|2238,1050,no,AGATGA,CACCACGAAGA,AGGCCCCAATC
947,positive,2180,0.5938767790794373,VT65295|0|MEMB007B|-|2640,1128,no,CGATAA,TATAATGAAGC,AGGCCGCTACC
948,positive,2180,-0.9910857081413268,VT65295|0|MEMB007C|+|2249,1019,no,AGATGA,CACAACGAAGC,AAGCTAGAACC
949,positive,2180,-0.9910857081413268,VT65295|0|MEMB007D|-|2925,1414,no,AGATGA,CACCACGAAGA,AGCTCAGTATC
950,positive,2180,0.008914276957511902,VT65295|0|MEMB008C|-|2328,1062,no,TGATGA,CACCACGAAGA,ATGCCAATATC
951,positive,2180,-1.5216004848480225,VT65295|0|dkik|-|3985,1007,no,AGACGA,CACCACGAAGC,AGGCCAGTATC
952,positive,2228,3.2857544422149663,VT65295|0|MEMB002A|+|3572,2083,no,CAAGGG,GGAATTTTCTC,ACCAGAACAAC
953,positive,2228,-0.5216004252433777,VT65295|0|MEMB002B|-|1683,1279,no,CGAAGG,ACTGTTATCTC,ACCAGAACATC
954,positive,2228,3.2857544422149663,VT65295|0|MEMB002C|-|3210,1729,no,CAAGGG,GGAATTTTCTC,ACCAGAACAAC
955,positive,2228,-0.5216004252433777,VT65295|0|MEMB002D|+|2569,1106,no,CTAACA,TTTATGTTCTC,ACCAGAAGCAC
956,positive,2228,2.0633621215820312,VT65295|0|MEMB002E|-|2184,1104,no,CAAACA,GTTATCATCTC,CCCAGAAGCAC
957,positive,2228,-1.1065629720687866,VT65295|0|MEMB002F|-|2530,1276,no,TGAAGG,ATAGTTGTCTC,CCCAAAACAAC
958,positive,2228,-0.5216004252433777,VT65295|0|MEMB003A|-|2218,1055,no,CTAAAA,ATTGTGTTCTC,CCCAGAAGCAC
959,positive,2228,2.0633621215820312,VT65295|0|MEMB003B|-|2439,1101,no,CAAAGG,TTTATATTTTC,CCCAGAAGCAC
960,positive,2228,3.2857544422149663,VT65295|0|MEMB003C|+|2464,1006,no,CAAGGG,GGAATTTTCTC,ACCAGAACAAC
961,positive,2228,-0.5216004252433777,VT65295|0|MEMB003D|-|2218,1055,no,CTAAAA,ATTGTGTTCTC,CCCAGAAGCAC
962,positive,2228,-0.5216004252433777,VT65295|0|MEMB003F|-|2339,1108,no,CCAAGA,CTTATGTTCTC,GCCAGAAGCAC
963,positive,2228,-0.5216004252433777,VT65295|0|MEMB004A|-|1649,1274,no,CGAAGG,ACTGTTATCTC,ACCAGAACATC
964,positive,2228,-0.5216004252433777,VT65295|0|MEMB004B|+|2160,1075,no,CTAAGA,CTTATATTCTC,ACCAGAAGCAC
965,positive,2228,2.0633621215820312,VT65295|0|MEMB004E|-|2307,1106,no,CAAAGA,CTTATATTCGC,CCCAGAAGCAC
966,positive,2228,0.5938767790794373,VT65295|0|MEMB005B|+|2303,1090,no,CTATGA,CCTATTTTCTC,ACCAGTAGCAC
967,positive,2228,0.06336206197738647,VT65295|0|MEMB005D|-|2647,1086,no,CTACGA,GCTATTCTCTC,CCCAGTAGCAC
968,positive,2228,0.5938767790794373,VT65295|0|MEMB006A|-|2731,1109,no,CTATGA,GCTATACTCTC,GCCAGTAGCAC
969,positive,2228,2.0633621215820312,VT65295|0|MEMB006B|-|2950,1119,no,CAAAGA,TTTAGGGCCTC,CCCAAAAGCAC
970,positive,2228,-0.5216004252433777,VT65295|0|MEMB006C|+|2238,1098,no,CTAAGA,CTTATTCTCTC,ACCAGAAGCAC
971,positive,2228,3.2857544422149663,VT65295|0|MEMB007B|-|2640,1176,no,CAAGGG,GGAATTTTCTC,ACCAGAACAGC
972,positive,2228,2.0633621215820312,VT65295|0|MEMB007C|+|2249,1067,no,CAAAGG,TTTATCTTCTC,CCCAGAAGCAC
973,positive,2228,-0.5216004252433777,VT65295|0|MEMB007D|-|2925,1462,no,CGAAGG,CCTGTTATCTC,CCCAGaaacac
974,positive,2228,-0.5216004252433777,VT65295|0|MEMB008C|-|2328,1110,no,CTAAGA,CTTTTGTTCTC,ACCAGAAGCAC
975,positive,2228,-0.5216004252433777,VT65295|0|dkik|-|3985,1055,no,CTAAAA,CTTGTGTTCTC,CCCAGAAGCAC
976,negative,2652,3.1788392066955566,VT65295|0|MEMB002A|+|3572,2213,no,CACAAT,TTATTTAATGA,TTTGGAATACA
977,negative,2652,3.1788392066955566,VT65295|0|MEMB002B|-|1683,1386,no,CACAAT,TTATTTAATGA,TATGGAAAACA
978,negative,2652,3.1788392066955566,VT65295|0|MEMB002C|-|3210,1859,no,CACAAT,TTATTTAATGA,TTTGGAATACA
979,negative,2652,1.1788393259048462,VT65295|0|MEMB002D|+|2569,1226,no,ATCAGT,AGTAAAATTAT,TTAGGCCCCTA
980,negative,2652,1.5938767194747925,VT65295|0|MEMB002F|-|2530,1334,no,CTGAAT,CCATTAATTAT,TTGATTTTGTA
981,negative,2652,0.1158294826745987,VT65295|0|MEMB003B|-|2439,1162,no,CTTTAG,ATTACAATTGT,AAACTGATTAT
982,negative,2652,3.1788392066955566,VT65295|0|MEMB003C|+|2464,1136,no,CACAAT,TTAATTAATGA,TTTGGAATACA
983,negative,2652,0.1158294826745987,VT65295|0|MEMB003F|-|2339,1204,no,CTTTAG,ATTACAATTGT,AACTCATATAT
984,negative,2652,3.1788392066955566,VT65295|0|MEMB004A|-|1649,1380,no,CACAAT,TTATCTAATGA,TATGGAAAACA
985,negative,2652,0.008914276957511902,VT65295|0|MEMB004B|+|2160,1177,no,CCTTAT,ATTACATTTGT,AGCACACAAAT
986,negative,2652,0.1158294826745987,VT65295|0|MEMB004E|-|2307,1212,no,ATTTAG,ATTACAATTGT,AGCACAAATAA
987,negative,2652,0.008914276957511902,VT65295|0|MEMB005B|+|2303,1192,no,CTTTAT,ATTACATTTGT,AGCACACATAT
988,negative,2652,0.1158294826745987,VT65295|0|MEMB005D|-|2647,1401,no,CTTTAG,ATTATAATTGT,AGCACACATAT
989,negative,2652,0.1158294826745987,VT65295|0|MEMB006A|-|2731,1432,no,CCTTAG,ATTGCAATTGT,AGCACACATAT
990,negative,2652,0.1158294826745987,VT65295|0|MEMB006C|+|2238,1204,no,CTTTAG,ATTACATTTGT,AGCACACATAT
991,negative,2652,0.1158294826745987,VT65295|0|MEMB007C|+|2249,1128,no,CTTTAG,ATTACCATTGT,AACGCTCTTAC
992,negative,2652,-0.9910857081413268,VT65295|0|MEMB007D|-|2925,1643,no,AAATAT,AAACGTAATAA,GTAATTAAATA
993,negative,2652,-1.8841705322265625,VT65295|0|MEMB008C|-|2328,1213,no,CTTTGG,AACACATTTGT,AGCACACATGT
994,negative,2695,3.2857544422149663,VT65295|0|MEMB002A|+|3572,2253,no,AACAAG,AAAAATAGTTA,AATATATGTAT
995,negative,2695,0.4783995747566223,VT65295|0|MEMB002B|-|1683,1429,no,ATAAAA,ATAAATTCTTT,ATAGCAAAAAT
996,negative,2695,3.2857544422149663,VT65295|0|MEMB002C|-|3210,1899,no,AACAAG,ACAAATAGTTA,AAGAAATATAT
997,negative,2695,-2.1065628528594966,VT65295|0|MEMB002E|-|2184,1154,no,AAAGAA,ATAATCGATAA,AAGTACAGTAT
998,negative,2695,-4.106563091278076,VT65295|0|MEMB002F|-|2530,1363,no,TTAGGA,AAAAGTTTACA,TTATTACATTT
999,negative,2695,3.2857544422149663,VT65295|0|MEMB003C|+|2464,1176,no,AACACG,AAAAATAGTTC,ATGAAATATAT
1000,negative,2695,-0.8841705322265625,VT65295|0|MEMB003F|-|2339,1226,no,CGAGAG,TCGATAACTCA,TGTGTCCAAAT
1001,negative,2695,0.4783995747566223,VT65295|0|MEMB004A|-|1649,1423,no,ATAAAA,ATAAATTCTTT,ATAGCAAAAAT
1002,negative,2695,2.0633621215820312,VT65295|0|MEMB004B|+|2160,1199,no,TCCAAA,TTGAGAGCACA,GGCTAACTTTG
1003,negative,2695,1.7007919549942017,VT65295|0|MEMB004E|-|2307,1234,no,AAGAAG,TCGAGAGCACA,AAAAACAAAAC
1004,negative,2695,0.4783995747566223,VT65295|0|MEMB005B|+|2303,1214,no,TTGAAA,TCGAGAGCACA,ATACTTGATAA
1005,negative,2695,-3.5216004848480225,VT65295|0|MEMB005D|-|2647,1423,no,CGAGTC,TCGAGAGCACA,TTCAAATAAAT
1006,negative,2695,-3.5216004848480225,VT65295|0|MEMB006A|-|2731,1454,no,CGAGGC,TGAAAAGCACA,TCCAAATAAAT
1007,negative,2695,-0.5216004252433777,VT65295|0|MEMB006B|-|2950,1165,no,AATATA,TCCGACCCCTA,AATATATATAA
1008,negative,2695,-0.8841705322265625,VT65295|0|MEMB006C|+|2238,1226,no,CGAGAG,TCATGAGCACA,TTTCTCCAAAT
1009,negative,2695,3.2857544422149663,VT65295|0|MEMB007B|-|2640,1306,no,AACAAG,AAAAATAGTTA,TAACAAAATAT
1010,negative,2695,-1.5216004848480225,VT65295|0|MEMB007C|+|2249,1150,no,CGAGAC,TTGAGAACGCT,TCCAAATATAT
1011,negative,2695,2.0633621215820312,VT65295|0|MEMB007D|-|2925,1686,no,TATACC,TCAAAAACATT,TTTAAAGCTGC
1012,negative,2695,1.7007919549942017,VT65295|0|MEMB008C|-|2328,1235,no,TGAAAG,TCGAGAGCACA,TTTCTCCCACT
1013,positive,2989,3.1788392066955566,VT65295|0|MEMB002A|+|3572,2276,no,CAATAA,ATATTTAATAT,GATCATAATTT
1014,positive,2989,2.593876838684082,VT65295|0|MEMB002B|-|1683,1488,no,taataA,atatttaatat,GAGCATATTTA
1015,positive,2989,3.1788392066955566,VT65295|0|MEMB002C|-|3210,1933,no,CAATAA,ATATTTAATAT,GATCATAATTT
1016,positive,2989,1.5938767194747925,VT65295|0|MEMB002D|+|2569,1315,no,AAATAT,ATTGTACTTTT,GTTACAGTACT
1017,positive,2989,-0.9910857081413268,VT65295|0|MEMB002E|-|2184,1173,no,AGATAA,ACTGTACTTTT,ATTCCTATAGG
1018,positive,2989,-0.4061232209205627,VT65295|0|MEMB002F|-|2530,1398,no,GATTAT,GTGGTTTTTTT,ATAGCACAATT
1019,positive,2989,-0.8841705322265625,VT65295|0|MEMB003A|-|2218,1183,no,ACCGAT,TTTTGTTGGAG,TTGGTTAATGT
1020,positive,2989,1.5938767194747925,VT65295|0|MEMB003B|-|2439,1224,no,AAATAA,ATTGTTTTTTT,CGTGTTAAATA
1021,positive,2989,3.1788392066955566,VT65295|0|MEMB003C|+|2464,1210,no,CAATAA,ATATTTAATAT,GATCATAATTT
1022,positive,2989,-0.8841705322265625,VT65295|0|MEMB003D|-|2218,1183,no,ACCGAT,TTTTGTTGGAG,TTGGGTAATGT
1023,positive,2989,1.5938767194747925,VT65295|0|MEMB003F|-|2339,1283,no,AAATAT,ATTCTACTTTT,TTCTTTATAGT
1024,positive,2989,2.593876838684082,VT65295|0|MEMB004A|-|1649,1482,no,TAATAA,ATATTTAATAT,GAGCATATTTA
1025,positive,2989,1.5938767194747925,VT65295|0|MEMB004B|+|2160,1227,no,AAATGT,TAATCGATTAA,TGTATATTTCT
1026,positive,2989,1.5938767194747925,VT65295|0|MEMB004E|-|2307,1261,no,AAATAT,TTTTTTTGTTT,TTTCGTATAGT
1027,positive,2989,-0.9366379380226136,VT65295|0|MEMB005B|+|2303,1243,no,AATCAT,TTTCTACTTTG,TTTGTTATAGT
1028,positive,2989,1.5938767194747925,VT65295|0|MEMB005D|-|2647,1453,no,aaatat,aaataataaat,ataGCTTACCA
1029,positive,2989,1.5938767194747925,VT65295|0|MEMB006A|-|2731,1513,no,AAATAT,TTCGTGTTTTC,GTTATTATAGT
1030,positive,2989,0.4783995747566223,VT65295|0|MEMB006B|-|2950,1191,no,AAAAAA,TTGTATTTTTA,TGTGTTATGGT
1031,positive,2989,-0.9910857081413268,VT65295|0|MEMB006C|+|2238,1279,no,ATATAT,ATATATTCTAT,TTTGCTATAGT
1032,positive,2989,3.1788392066955566,VT65295|0|MEMB007B|-|2640,1364,no,CAATAA,ATATTTAATAT,GATCATAATTT
1033,positive,2989,1.5938767194747925,VT65295|0|MEMB007C|+|2249,1195,no,AAATAA,ATTGTCTTTTT,CGTCTTAAATA
1034,positive,2989,1.1788393259048462,VT65295|0|MEMB007D|-|2925,1980,no,CATTAT,TGCAGCAATAC,TTTGTTTTGTT
1035,positive,2989,1.5938767194747925,VT65295|0|MEMB008C|-|2328,1277,no,AAATAT,ATTCTACCTTT,TTTGTTATAGT
1036,positive,2989,-0.8841705322265625,VT65295|0|dkik|-|3985,1185,no,ACCGAT,TTTTGTTGGAG,TTGGTTAATGT
1037,positive,3049,3.1788392066955566,VT65295|0|MEMB002A|+|3572,2307,no,CAATAA,GCTTACCGCAA,ATACAAAAATG
1038,positive,3049,3.1788392066955566,VT65295|0|MEMB002B|-|1683,1519,no,CAATCA,GCTTACCACAA,ATACAAAAAGG
1039,positive,3049,3.1788392066955566,VT65295|0|MEMB002C|-|3210,1964,no,CAATAA,GCTTACCGCAA,ATACAAAAATG
1040,positive,3049,3.1788392066955566,VT65295|0|MEMB002D|+|2569,1346,no,CAATCA,ACTTACCACAA,ATATAAAAATG
1041,positive,3049,2.593876838684082,VT65295|0|MEMB002E|-|2184,1206,no,TAATCA,ACTTACCACAA,AAATGAAAATG
1042,positive,3049,3.1788392066955566,VT65295|0|MEMB002F|-|2530,1430,no,CAATTA,GCTTACCACAA,TTACAAAAATA
1043,positive,3049,0.008914276957511902,VT65295|0|MEMB003A|-|2218,1221,no,TTATAA,GCTTACCACAA,GTATAAAAATG
1044,positive,3049,2.593876838684082,VT65295|0|MEMB003B|-|2439,1258,no,TAATAA,CCTTACCACTA,TTATAAAAATG
1045,positive,3049,3.1788392066955566,VT65295|0|MEMB003C|+|2464,1241,no,CAATAA,GCTTACCGCAA,ATACAAAAATG
1046,positive,3049,0.008914276957511902,VT65295|0|MEMB003D|-|2218,1221,no,TTATAA,GCTTACCACAA,GTATAAAAATG
1047,positive,3049,2.593876838684082,VT65295|0|MEMB003F|-|2339,1321,no,TAATAA,GCTTACCACAA,GTATAAAAATG
1048,positive,3049,3.1788392066955566,VT65295|0|MEMB004A|-|1649,1505,no,CAATCA,ATTTACCACAA,ATACAAAAAGG
1049,positive,3049,0.008914276957511902,VT65295|0|MEMB004B|+|2160,1255,no,TCATCA,GCTTACCAAAA,ATATAAAAATT
1050,positive,3049,2.593876838684082,VT65295|0|MEMB004E|-|2307,1299,no,TAATTA,GCTTACCAAAA,TTATAAAAATG
1051,positive,3049,0.008914276957511902,VT65295|0|MEMB005B|+|2303,1283,no,TCATCA,GCTTACCAAAA,CTATAAAAATT
1052,positive,3049,0.008914276957511902,VT65295|0|MEMB005D|-|2647,1473,no,TCATGA,GCTTACCACAA,ATATAAAAATG
1053,positive,3049,0.008914276957511902,VT65295|0|MEMB006A|-|2731,1551,no,TCATAA,GCTTACCAAAA,ATATAAAAATG
1054,positive,3049,3.1788392066955566,VT65295|0|MEMB006B|-|2950,1229,no,CAATAA,ACTTACCACAA,TTATAAAAATA
1055,positive,3049,0.008914276957511902,VT65295|0|MEMB006C|+|2238,1317,no,TGATCA,GCTTACCACTA,ATATAAAAATG
1056,positive,3049,3.1788392066955566,VT65295|0|MEMB007B|-|2640,1395,no,CAATCA,GCTTACCGCAA,ATACAAAAATG
1057,positive,3049,2.593876838684082,VT65295|0|MEMB007C|+|2249,1229,no,TAATAA,GCTTACCACAA,TTATAAAAATG
1058,positive,3049,3.1788392066955566,VT65295|0|MEMB007D|-|2925,2040,no,CAATAC,GCTTACCAAAA,CCACAAAAATG
1059,positive,3049,0.008914276957511902,VT65295|0|MEMB008C|-|2328,1305,no,TCATCA,GCTTACCAAAA,ATATAAAAATA
1060,positive,3049,0.008914276957511902,VT65295|0|dkik|-|3985,1223,no,TTATAA,GCTTACCACAA,GTATAAAAATG
1061,positive,3076,3.1788392066955566,VT65295|0|MEMB002A|+|3572,2334,no,CAATTA,GGCGCTCAGCC,ATCGCAGAAAT
1062,positive,3076,3.2857544422149663,VT65295|0|MEMB002B|-|1683,1546,no,CAAGCA,GGCGCCAAGCG,ATCGCAAAAAA
1063,positive,3076,3.1788392066955566,VT65295|0|MEMB002C|-|3210,1991,no,CAATTA,GGCGCTCAGCG,ATCGCAGAAAT
1064,positive,3076,2.593876838684082,VT65295|0|MEMB002D|+|2569,1373,no,TAATCA,GGCACCAAGTA,ATCGCAAAAAT
1065,positive,3076,2.593876838684082,VT65295|0|MEMB002E|-|2184,1233,no,TAATCA,GGCACCAAGTA,ATCTAAAAAAT
1066,positive,3076,3.2857544422149663,VT65295|0|MEMB002F|-|2530,1457,no,CAAGCA,AGCGCCAAGCG,TTCGCAAAAAT
1067,positive,3076,2.593876838684082,VT65295|0|MEMB003A|-|2218,1248,no,TAATCA,GGCACCAAGTA,ATCGCAAAAAT
1068,positive,3076,0.5938767790794373,VT65295|0|MEMB003B|-|2439,1285,no,CGATCA,GGCGGCAAGAA,GTCGCAAAAAT
1069,positive,3076,3.1788392066955566,VT65295|0|MEMB003C|+|2464,1268,no,CAATTA,GGCGCTCAGCC,ATCGCAGAAAT
1070,positive,3076,2.593876838684082,VT65295|0|MEMB003D|-|2218,1248,no,TAATCA,GGCACCAAGTA,ATCGCAAAAAT
1071,positive,3076,2.593876838684082,VT65295|0|MEMB003F|-|2339,1348,no,TAATCA,GGCTCCAAGTA,ATCGCAAAAAT
1072,positive,3076,3.2857544422149663,VT65295|0|MEMB004A|-|1649,1532,no,CAAGCA,GGCGCCAAGCG,ATCGCAAAAAA
1073,positive,3076,2.593876838684082,VT65295|0|MEMB004B|+|2160,1282,no,TAATCA,TGCTCCAAGTA,ATCGCAAAAAT
1074,positive,3076,2.593876838684082,VT65295|0|MEMB004E|-|2307,1326,no,TAATCA,GGCTCCAAGTA,ATCGCAAAAAT
1075,positive,3076,1.5938767194747925,VT65295|0|MEMB005B|+|2303,1310,no,GAATCA,TGCTCCAAGTA,ATCGCAAAAAT
1076,positive,3076,2.593876838684082,VT65295|0|MEMB005D|-|2647,1500,no,TAATCA,GACGCCAAGAA,ATCGCAAAAAT
1077,positive,3076,2.593876838684082,VT65295|0|MEMB006A|-|2731,1578,no,TAATCA,GAGGCCAAGTA,ATCGCAAAAAT
1078,positive,3076,-1.1065629720687866,VT65295|0|MEMB006B|-|2950,1256,no,TCAACA,AGCCCCAAGTA,ATCTCATAAAT
1079,positive,3076,2.593876838684082,VT65295|0|MEMB006C|+|2238,1344,no,TAATCA,GACTCCAAGTA,ATCGCAAAAAT
1080,positive,3076,3.2857544422149663,VT65295|0|MEMB007B|-|2640,1422,no,CAAGCA,GGCGCCAAGCG,ATCGCAGAAAT
1081,positive,3076,3.1788392066955566,VT65295|0|MEMB007C|+|2249,1256,no,CAATCA,GGCGCCAAGAA,GTCGCAAAAAT
1082,positive,3076,1.5938767194747925,VT65295|0|MEMB007D|-|2925,2067,no,AAATCA,GATGCCAAGCA,AGCGTAAATAC
1083,positive,3076,2.593876838684082,VT65295|0|MEMB008C|-|2328,1332,no,TAATCA,AATTCCAAGTA,ATCGCAAAAAT
1084,positive,3076,2.593876838684082,VT65295|0|dkik|-|3985,1250,no,TAATCA,GGCACCAAGTA,ATCGCAAAAAT
1085,negative,3104,3.2857544422149663,VT65295|0|MEMB002A|+|3572,2362,no,CTCAAG,TTTTTGGTGCT,CGCAGTGGGCC
1086,negative,3104,3.2857544422149663,VT65295|0|MEMB002B|-|1683,1574,no,CTCAAG,TTTTTTGTGCT,CGCAGTGGGCC
1087,negative,3104,3.2857544422149663,VT65295|0|MEMB002C|-|3210,2019,no,CTCAAG,TTTTTGGTGCT,CGCAGTGGGCC
1088,negative,3104,2.0633621215820312,VT65295|0|MEMB002D|+|2569,1401,no,ATCAAA,TTTTGTGTGTT,CACAATGGGCC
1089,negative,3104,0.4783995747566223,VT65295|0|MEMB002E|-|2184,1261,no,ATAAAA,TTTTGTGTGTT,CGCAATGGGCT
1090,negative,3104,1.7007919549942017,VT65295|0|MEMB002F|-|2530,1485,no,CTAAAG,TTTGTGGTGCT,CGCAATGGGCT
1091,negative,3104,2.0633621215820312,VT65295|0|MEMB003A|-|2218,1276,no,CTCAAA,TTTTTGGTGCT,CGCAATGGGCT
1092,negative,3104,2.0633621215820312,VT65295|0|MEMB003B|-|2439,1313,no,ATCAAA,TTTTGTGTGTT,CTCAATGGGCC
1093,negative,3104,3.2857544422149663,VT65295|0|MEMB003C|+|2464,1296,no,CTCAAG,TTTTTGGTGCT,CGCAGTGGGCC
1094,negative,3104,2.0633621215820312,VT65295|0|MEMB003D|-|2218,1276,no,CTCAAA,TTTTTGGTGCT,CACAATGGGCT
1095,negative,3104,3.2857544422149663,VT65295|0|MEMB003F|-|2339,1376,no,ATCAAG,TTTTGTGTGCT,CGCAATGGGCC
1096,negative,3104,3.2857544422149663,VT65295|0|MEMB004A|-|1649,1560,no,CTCAAG,TTTTTTGTGCT,CGCAGTGGGCC
1097,negative,3104,3.2857544422149663,VT65295|0|MEMB004B|+|2160,1310,no,ACCAAG,TTTTGCGTGCT,CGCAATGGGCC
1098,negative,3104,3.2857544422149663,VT65295|0|MEMB004E|-|2307,1354,no,ATCAAG,TTTTGTGTGCT,TGCAGTGGGCC
1099,negative,3104,3.2857544422149663,VT65295|0|MEMB005B|+|2303,1338,no,ATCAAG,TTTTGTGTGCT,CGCAATGGGCC
1100,negative,3104,3.2857544422149663,VT65295|0|MEMB005D|-|2647,1528,no,ATCAAG,TTTTCTGTATT,CGCAATGGATC
1101,negative,3104,3.2857544422149663,VT65295|0|MEMB006A|-|2731,1606,no,ATCAAG,TTTTGTGTAAT,CGCAATGGTTC
1102,negative,3104,2.0633621215820312,VT65295|0|MEMB006B|-|2950,1284,no,ATCAAA,TTTTCTGTGTT,CTCAATGGCTC
1103,negative,3104,3.2857544422149663,VT65295|0|MEMB006C|+|2238,1372,no,GTCAAG,TTTTGTGTGTT,CGCAATGGGCC
1104,negative,3104,3.2857544422149663,VT65295|0|MEMB007B|-|2640,1450,no,CTCAAG,TTTTTGGTGCT,CTCAGTGGGCC
1105,negative,3104,1.4783995151519775,VT65295|0|MEMB007C|+|2249,1284,no,CTTAAA,TTTTGTGTGTT,CTCAATGGGCC
1106,negative,3104,3.2857544422149663,VT65295|0|MEMB007D|-|2925,2095,no,ATCAAG,TTTTGTGTGCT,CTCAATGGGCG
1107,negative,3104,2.0633621215820312,VT65295|0|MEMB008C|-|2328,1360,no,ATCAAA,TTTTGTGTGCT,CGCAATGGTTC
1108,negative,3104,2.0633621215820312,VT65295|0|dkik|-|3985,1278,no,CTCAAA,TTTTTGGTGCT,CGCAATGGGCT
1109,positive,3114,3.1788392066955566,VT65295|0|MEMB002A|+|3572,2372,no,CACTGC,ACTTGAGGGCC,GTTCCAAACGA
1110,positive,3114,3.1788392066955566,VT65295|0|MEMB002B|-|1683,1584,no,CACTGC,ACTTGAGGGCC,GTTCCAAACGA
1111,positive,3114,3.1788392066955566,VT65295|0|MEMB002C|-|3210,2029,no,CACTGC,ACTTGAGGGCC,GTTCCAAACGA
1112,positive,3114,1.1788393259048462,VT65295|0|MEMB002D|+|2569,1411,no,CATTGT,ATTTGATGGCC,GTTCCAAAAGA
1113,positive,3114,1.1788393259048462,VT65295|0|MEMB002E|-|2184,1271,no,CATTGC,ATTTTATAGCC,GTTCCGAAAGA
1114,positive,3114,1.1788393259048462,VT65295|0|MEMB002F|-|2530,1495,no,CATTGC,ACTTTAGAGCC,GTTCCAAACGA
1115,positive,3114,1.1788393259048462,VT65295|0|MEMB003A|-|2218,1286,no,CATTGC,ATTTGAGAGCC,GTTCCAAACGA
1116,positive,3114,1.1788393259048462,VT65295|0|MEMB003B|-|2439,1323,no,CATTGA,ATTTGATGGCC,GTTCCAAAAGA
1117,positive,3114,3.1788392066955566,VT65295|0|MEMB003C|+|2464,1306,no,CACTGC,ACTTGAGGGCC,GTTCCAAACGA
1118,positive,3114,1.1788393259048462,VT65295|0|MEMB003D|-|2218,1286,no,CATTGT,ATTTGAGAGCC,GTTCCAAACGA
1119,positive,3114,1.1788393259048462,VT65295|0|MEMB003F|-|2339,1386,no,CATTGC,ACTTGATGGCC,GTTCCGAAAGT
1120,positive,3114,3.1788392066955566,VT65295|0|MEMB004A|-|1649,1570,no,CACTGC,ACTTGAGGGCC,GTTCCAAACGA
1121,positive,3114,1.1788393259048462,VT65295|0|MEMB004B|+|2160,1320,no,CATTGC,ACTTGGTGGCC,GTTCCGAACGT
1122,positive,3114,3.1788392066955566,VT65295|0|MEMB004E|-|2307,1364,no,CACTGC,ACTTGATGGCC,ATTCCAAAAGT
1123,positive,3114,1.1788393259048462,VT65295|0|MEMB005B|+|2303,1348,no,CATTGC,ACTTGATGGCC,GTTCCGAACGT
1124,positive,3114,1.1788393259048462,VT65295|0|MEMB005D|-|2647,1538,no,CATTGC,ACTTGATGATC,GTTCCAAACGA
1125,positive,3114,1.1788393259048462,VT65295|0|MEMB006A|-|2731,1616,no,CATTGC,ACTTGATGAAC,GTTCCAAAAGA
1126,positive,3114,1.1788393259048462,VT65295|0|MEMB006B|-|2950,1294,no,CATTGA,ATTTGATGAGC,GTTCCAAAGTT
1127,positive,3114,1.1788393259048462,VT65295|0|MEMB006C|+|2238,1382,no,CATTGC,ACTTGACGGCC,GTTCCAAAGGT
1128,positive,3114,3.1788392066955566,VT65295|0|MEMB007B|-|2640,1460,no,CACTGA,ACTTGAGGGCC,GTTCCAAACGA
1129,positive,3114,1.1788393259048462,VT65295|0|MEMB007C|+|2249,1294,no,CATTGA,ATTTAAGGGCC,GTTCCAAAAGA
1130,positive,3114,1.1788393259048462,VT65295|0|MEMB007D|-|2925,2105,no,CATTGA,ACTTGATCGCC,GTTCCAAACGC
1131,positive,3114,1.1788393259048462,VT65295|0|MEMB008C|-|2328,1370,no,CATTGC,ATTTGATGAAC,GTTCCAAACTT
1132,positive,3114,1.1788393259048462,VT65295|0|dkik|-|3985,1288,no,CATTGC,ATTTGAGAGCC,GTTCCAAACGA
1133,positive,3144,3.1788392066955566,VT65295|0|MEMB002A|+|3572,2402,no,CACTGA,AACCGTAATAC,TGGACCATGAC
1134,positive,3144,3.1788392066955566,VT65295|0|MEMB002B|-|1683,1614,yes,CACTGA,AGCCGTAATAC,TGGACCATGAC
1135,positive,3144,3.1788392066955566,VT65295|0|MEMB002C|-|3210,2059,no,CACTGA,AACCGTAATAC,TGGACCATGAC
1136,positive,3144,3.1788392066955566,VT65295|0|MEMB002D|+|2569,1441,no,CACTGA,ATCCGTAGTAC,TGGACCATGAC
1137,positive,3144,3.1788392066955566,VT65295|0|MEMB002E|-|2184,1301,no,CACTGA,AACCATAATAC,TGGACCATGAC
1138,positive,3144,3.1788392066955566,VT65295|0|MEMB002F|-|2530,1525,no,CACTGA,AGCCATAATAC,TGGACCATGAC
1139,positive,3144,3.1788392066955566,VT65295|0|MEMB003A|-|2218,1316,no,CACTGA,AACCATAATAC,TGGACCATGAC
1140,positive,3144,3.1788392066955566,VT65295|0|MEMB003B|-|2439,1353,no,CACTGA,ATCCATAATAC,TGGACCATGAC
1141,positive,3144,3.1788392066955566,VT65295|0|MEMB003C|+|2464,1336,no,CACTGA,AACCGTAATAC,TGGACCATGAC
1142,positive,3144,3.1788392066955566,VT65295|0|MEMB003D|-|2218,1316,no,CACTGA,AACCATAATAC,TGGACCATGAC
1143,positive,3144,1.1788393259048462,VT65295|0|MEMB003F|-|2339,1416,no,CATTGA,AACCATAGTAC,TGGACCATGAC
1144,positive,3144,3.1788392066955566,VT65295|0|MEMB004A|-|1649,1600,yes,CACTGA,AGCCGTAATAC,TGGACCATGAC
1145,positive,3144,1.1788393259048462,VT65295|0|MEMB004B|+|2160,1350,no,CATTGA,ACCCATAATAC,TGGACCATGAC
1146,positive,3144,1.1788393259048462,VT65295|0|MEMB004E|-|2307,1394,no,CATTGA,AACCGTAATAC,TGGACCATGAC
1147,positive,3144,1.1788393259048462,VT65295|0|MEMB005B|+|2303,1378,no,CATTGA,AGCCATAATAC,TGGACCATGAC
1148,positive,3144,3.1788392066955566,VT65295|0|MEMB005D|-|2647,1568,no,CACTGA,AACCATAATAC,TGGACCATGAC
1149,positive,3144,3.1788392066955566,VT65295|0|MEMB006A|-|2731,1646,no,CACTGA,AACCATAATAC,TGGACCATGAC
1150,positive,3144,3.1788392066955566,VT65295|0|MEMB006B|-|2950,1324,no,CACTGA,AACCATAATAC,TGGACCATGAC
1151,positive,3144,3.1788392066955566,VT65295|0|MEMB006C|+|2238,1412,no,CACTGA,AACCATAATAC,TGGACCATGAC
1152,positive,3144,3.1788392066955566,VT65295|0|MEMB007B|-|2640,1490,no,CACTGA,AACCGTAATAC,TGGACCATGAC
1153,positive,3144,3.1788392066955566,VT65295|0|MEMB007C|+|2249,1324,no,CACTGA,ATCCATAATAC,TGGACCATGAC
1154,positive,3144,3.1788392066955566,VT65295|0|MEMB007D|-|2925,2135,no,CACTGA,AACCATAATAC,TGGACCATGAC
1155,positive,3144,1.1788393259048462,VT65295|0|MEMB008C|-|2328,1400,no,CATTGA,AACCATAATAC,TGGACCATGAC
1156,positive,3144,3.1788392066955566,VT65295|0|dkik|-|3985,1318,no,CACTGA,AACCATAATAC,TGGACCATGAC
1157,positive,3182,3.2857544422149663,VT65295|0|MEMB002A|+|3572,2440,no,CACGTT,ACCTGGGAAGC,CTGAGGGATAT
1158,positive,3182,2.0633621215820312,VT65295|0|MEMB002B|-|1683,1652,no,CACATT,ACCTGGGAAGC,CTGAGGGAGAG
1159,positive,3182,3.2857544422149663,VT65295|0|MEMB002C|-|3210,2097,no,CACGTT,ACCTGGGAAGC,CTGAAGGAGAT
1160,positive,3182,3.2857544422149663,VT65295|0|MEMB002D|+|2569,1479,no,CACGTT,ACCTGAGACGC,CTAAGGGAGTT
1161,positive,3182,3.2857544422149663,VT65295|0|MEMB002E|-|2184,1339,no,CACGTT,ACCTGGGACGC,CTAAGGGAGTT
1162,positive,3182,3.2857544422149663,VT65295|0|MEMB002F|-|2530,1563,no,CACGTT,ACTTGGGAAGC,CTAAGGGAGAT
1163,positive,3182,3.2857544422149663,VT65295|0|MEMB003A|-|2218,1354,no,CACGTT,ACCTGGGACGC,CTAAGGGAGAT
1164,positive,3182,3.2857544422149663,VT65295|0|MEMB003B|-|2439,1391,no,CACGTT,ACCTGTGACGC,CTAAGGAAGAT
1165,positive,3182,3.2857544422149663,VT65295|0|MEMB003C|+|2464,1374,no,CACGTT,ACCTGGGAAGC,CTGAGGGAGAT
1166,positive,3182,3.2857544422149663,VT65295|0|MEMB003D|-|2218,1354,no,CACGTT,ACCTGGGACGC,CTAAGGGAGAT
1167,positive,3182,3.2857544422149663,VT65295|0|MEMB003F|-|2339,1454,no,CACGTT,ACCTGGGACGC,CTAAGGAGATT
1168,positive,3182,2.0633621215820312,VT65295|0|MEMB004A|-|1649,1638,no,CACATT,ACCTGGGAAGC,CTGAG
1169,positive,3182,3.2857544422149663,VT65295|0|MEMB004B|+|2160,1388,no,CACGTT,ACCTGGGAGGC,CTAAGGGAGAT
1170,positive,3182,3.2857544422149663,VT65295|0|MEMB004E|-|2307,1432,no,CACGTT,ACCTGCGACGC,CTAAGGGAGAT
1171,positive,3182,3.2857544422149663,VT65295|0|MEMB005B|+|2303,1416,no,CACGTT,ACCTGCGAGGC,CTAAGGGAGAT
1172,positive,3182,2.0633621215820312,VT65295|0|MEMB005D|-|2647,1606,no,CACATT,ACCTGGGACGC,CTAAAGAAGAA
1173,positive,3182,3.2857544422149663,VT65295|0|MEMB006A|-|2731,1684,no,CACGTT,ACCTGGGACGC,CTAAAGAAGAA
1174,positive,3182,1.4783995151519775,VT65295|0|MEMB006B|-|2950,1362,no,TACATT,ACCTGGGACGC,CTAAGGGAGAT
1175,positive,3182,3.2857544422149663,VT65295|0|MEMB006C|+|2238,1450,no,CACGTT,ACCTGGGACGC,CTAAGGGAGAT
1176,positive,3182,3.2857544422149663,VT65295|0|MEMB007B|-|2640,1528,no,CACGTT,ACCTGGGAAGC,CTGAGGGAGAT
1177,positive,3182,2.0633621215820312,VT65295|0|MEMB007C|+|2249,1362,no,CACATT,ACCTGTGACGC,CTAAGGAAGAT
1178,positive,3182,3.2857544422149663,VT65295|0|MEMB007D|-|2925,2173,no,CACGTT,ACCTGTGAAGC,CTAAGGAATAT
1179,positive,3182,3.2857544422149663,VT65295|0|MEMB008C|-|2328,1438,no,CACGTT,ACCTGGGACGC,CTAAGGGAGAT
1180,positive,3182,3.2857544422149663,VT65295|0|dkik|-|3985,1356,no,CACGTT,ACCTGGGACGC,CTAAGGGAGAT
1181,negative,3396,3.1788392066955566,VT65295|0|MEMB002A|+|3572,2519,no,TTCACT,TTTTCTAAGAT,AAGGAAAATTC
1182,negative,3396,3.1788392066955566,VT65295|0|MEMB002C|-|3210,2176,no,TTCACT,TTCTCTAAGAT,AATAAAAATTC
1183,negative,3396,3.1788392066955566,VT65295|0|MEMB002D|+|2569,1580,no,ACCACT,ACACCTTGAAT,ATACAAAATTG
1184,negative,3396,1.5938767194747925,VT65295|0|MEMB002F|-|2530,1642,no,ATGACT,TTCTTTGGCGT,AAAAGAAAGTC
1185,negative,3396,3.1788392066955566,VT65295|0|MEMB003C|+|2464,1431,no,TTCACT,TTCTCTAAGAT,AATGAAAATTC
1186,negative,3396,0.5938767790794373,VT65295|0|MEMB005D|-|2647,1673,no,GGCTAT,TCCTTGGGGAT,TTATATAACTA
1187,negative,3396,-2.991085767745972,VT65295|0|MEMB006A|-|2731,1760,no,ACATTT,TGCTTTGGAAT,CGACAAAAGAT
1188,negative,3396,-2.991085767745972,VT65295|0|MEMB006B|-|2950,1478,no,ATAGGT,TCGGAAAAGAT,AGTAGTAACCT
1189,negative,3396,1.5938767194747925,VT65295|0|MEMB007B|-|2640,1607,no,CTGACT,TTCTCTAAGAT,AGAAAGTCTCT
1190,negative,3396,-2.1065628528594966,VT65295|0|MEMB008C|-|2328,1514,no,TTGTAA,AACTTCTGGAT,TAACGTACACT
1191,negative,3396,-0.9910857081413268,VT65295|0|dkik|-|3985,1558,no,AAAGCT,GCCGTACGAAT,ATACGAGTAAA
1192,positive,3526,3.2857544422149663,VT65295|0|MEMB002A|+|3572,2558,no,CAAGTA,AGTAAACTAAA,GGAAAGCTACA
1193,positive,3526,3.2857544422149663,VT65295|0|MEMB002C|-|3210,2215,no,CAAGTA,AATAAACTAAA,GGAAAGCTACA
1194,positive,3526,-0.5216004252433777,VT65295|0|MEMB002D|+|2569,1625,no,TATATA,TGTATATTACA,cccactgtaga
1195,positive,3526,3.2857544422149663,VT65295|0|MEMB003C|+|2464,1470,no,CAAGTA,AATAAACTAAA,GGAAAGCTACT
1196,positive,3526,-1.2992080450057983,VT65295|0|MEMB006B|-|2950,1608,no,cttgat,gtacatatatt,cagaatcaaca
1197,positive,3526,0.7007919549942017,VT65295|0|MEMB007B|-|2640,1648,no,CGAGTA,AATAAACTAAA,GGAAAGCTACA
1198,positive,3526,-1.9366379976272583,VT65295|0|dkik|-|3985,1687,no,cttcga,aatttattgta,caacaacaaca
1199,negative,3547,3.1788392066955566,VT65295|0|MEMB002A|+|3572,2579,no,CACACT,CGACTGTAGCT,ACACGGTCAGT
1200,negative,3547,3.1788392066955566,VT65295|0|MEMB002C|-|3210,2236,no,CACACT,CGACTGTAGCT,GGTCAGTCAGT
1201,negative,3547,-0.29920801520347595,VT65295|0|MEMB002D|+|2569,1646,no,CAAAGG,AGGTTCTACAG,TTCATGGGATT
1202,negative,3547,3.1788392066955566,VT65295|0|MEMB003C|+|2464,1491,no,CACACT,CGACAGTAGCT,GGTCGGTCAGT
1203,negative,3547,1.5938767194747925,VT65295|0|MEMB006B|-|2950,1629,no,TCGACT,CGGCTGTTGAT,ACATGGCTAGA
1204,negative,3547,3.1788392066955566,VT65295|0|MEMB007B|-|2640,1669,no,CACACT,CGACTGTAGCT,ACACGGTCGGT
1205,negative,3547,0.4783995747566223,VT65295|0|dkik|-|3985,1708,no,TAAACA,CTATTGTTGTT,ATTAAAATAAA
1206,negative,3563,3.2857544422149663,VT65295|0|MEMB002A|+|3572,2591,no,CACACG,GTCAGTCACAC,ACCGGGTATCT
1207,negative,3563,3.2857544422149663,VT65295|0|MEMB002C|-|3210,2252,no,CACACG,GTCAGTCAGTC,ACCGGGTATCT
1208,negative,3563,3.2857544422149663,VT65295|0|MEMB003C|+|2464,1507,no,CACACG,GTCGGTCAGTC,ACCGGGTATCT
1209,negative,3563,-3.106562852859497,VT65295|0|MEMB003F|-|2339,1530,no,AATGTA,AAACTTGAGGA,TTGGGCGAGCC
1210,negative,3563,-3.106562852859497,VT65295|0|MEMB004E|-|2307,1509,no,AATGTA,AAACTTAAGGC,TTGGGCCACAC
1211,negative,3563,1.2857544422149658,VT65295|0|MEMB006B|-|2950,1641,no,GACATG,GCTAGATCGAC,TTGCGTAATCG
1212,negative,3563,3.2857544422149663,VT65295|0|MEMB007B|-|2640,1681,no,CACACG,GTCGGTCACAC,ACCGGGTATCT
1213,negative,3563,2.0633621215820312,VT65295|0|dkik|-|3985,1724,no,GACACA,TTAAAATAAAT,ATCAGTTTAAT
1214,negative,3616,3.1788392066955566,VT65295|0|MEMB002A|+|3572,2617,no,CACAAT,GCTTTGGGTAC,TTAGATTCACC
1215,negative,3616,3.1788392066955566,VT65295|0|MEMB002C|-|3210,2278,no,CACAAT,GCTTTGGGTAC,TTAGATTCATC
1216,negative,3616,2.7007920742034908,VT65295|0|MEMB002D|+|2569,1664,no,TATAAG,GTTCATGGGAT,GTACAAATTAT
1217,negative,3616,2.0633621215820312,VT65295|0|MEMB002E|-|2184,1421,no,CATAAC,CTTTATAGTAT,CTAAGTTGTAA
1218,negative,3616,1.5938767194747925,VT65295|0|MEMB002F|-|2530,1689,no,GAAAAT,TTTTAGTTTAT,GTTAGGATCTT
1219,negative,3616,3.1788392066955566,VT65295|0|MEMB003A|-|2218,1411,no,TGCAAT,TCTTGAAAATA,ATTTCATCAAT
1220,negative,3616,1.4783995151519775,VT65295|0|MEMB003B|-|2439,1506,no,TGTAAA,CTTTATCAGTT,CCAAATTGTAA
1221,negative,3616,3.1788392066955566,VT65295|0|MEMB003C|+|2464,1533,no,CACAAT,GCTTTGGGTAC,TTAGATTTACC
1222,negative,3616,3.1788392066955566,VT65295|0|MEMB003D|-|2218,1411,no,TGCAAT,TCGTGAAAATA,CTTTCATCAAT
1223,negative,3616,1.4783995151519775,VT65295|0|MEMB003F|-|2339,1556,no,ATTACA,CTTTATAGTTT,ACAAGTTGTAA
1224,negative,3616,1.4783995151519775,VT65295|0|MEMB004E|-|2307,1535,no,AGTACA,CTTTATAGTTT,ACAAGTTGTAC
1225,negative,3616,2.593876838684082,VT65295|0|MEMB005B|+|2303,1509,no,CGTACT,CTTTATAGTGA,ACAAGTTGTAA
1226,negative,3616,-0.5216004252433777,VT65295|0|MEMB005D|-|2647,1703,no,CCTGAC,CTTTATAGTTA,TATAAGATGTG
1227,negative,3616,2.0633621215820312,VT65295|0|MEMB006A|-|2731,1805,no,CCTAAC,ATTTATAGTTA,ATGAGCAGTAA
1228,negative,3616,2.0633621215820312,VT65295|0|MEMB006B|-|2950,1694,no,TGCAAA,GTTTCATTCAG,AGAAGACTACC
1229,negative,3616,3.1788392066955566,VT65295|0|MEMB007B|-|2640,1707,no,CACAAT,GCTTTGGGTAC,TTAGATTCACC
1230,negative,3616,1.4783995151519775,VT65295|0|MEMB007C|+|2249,1429,no,TGTAAA,ATTTATGTTTT,TGGTGATACAA
1231,negative,3616,-1.1065629720687866,VT65295|0|MEMB007D|-|2925,2215,no,CATTCA,CTTCGTAATCC,ATACATATATT
1232,negative,3616,1.4783995151519775,VT65295|0|MEMB008C|-|2328,1522,no,CGTACA,CTTTGTAAAAC,ACAAGTTGTAA
1233,negative,3616,-1.991085767745972,VT65295|0|dkik|-|3985,1750,no,GGTCGT,ATTTATATCAT,GAATTAATAGT
1234,negative,3759,3.1788392066955566,VT65295|0|MEMB002A|+|3572,2663,no,GTCAAT,ATTTTTTATTT,TGTCATCATTT
1235,negative,3759,3.1788392066955566,VT65295|0|MEMB002C|-|3210,2324,no,GTCAAT,ATTTTTTATTT,TGACATAATTT
1236,negative,3759,3.1788392066955566,VT65295|0|MEMB003C|+|2464,1579,no,GTCAAT,ATTTTTTATTT,TCTTATCATTT
1237,negative,3759,0.4783995747566223,VT65295|0|MEMB006B|-|2950,1834,no,GTGAAA,ATATATTGTAA,TATCAAAATTG
1238,negative,3759,2.0633621215820312,VT65295|0|dkik|-|3985,1893,no,GCCAAA,ATTTATTAAAA,AAGAGAGCAAT
1239,positive,3799,3.1788392066955566,VT65295|0|MEMB002A|+|3572,2703,no,CAATAC,AACATGTTGAG,ACAAAGAAAAA
1240,positive,3799,3.1788392066955566,VT65295|0|MEMB002C|-|3210,2364,no,CAATAC,AACAAGTTGAG,ACAAAGAAAAT
1241,positive,3799,2.593876838684082,VT65295|0|MEMB002D|+|2569,1712,no,tactaa,tagtcttccca,aaactttaatt
1242,positive,3799,-1.991085767745972,VT65295|0|MEMB002F|-|2530,1737,no,TGTTAT,TAATAACTCCT,AGCCTAAACCA
1243,positive,3799,3.1788392066955566,VT65295|0|MEMB003C|+|2464,1619,no,CAATAC,AACTTGTTGAG,ACAAAGAAAAA
1244,positive,3799,1.5938767194747925,VT65295|0|MEMB006B|-|2950,1874,no,gaattt,tcattattcca,cgatttaaatt
1245,positive,3799,1.5938767194747925,VT65295|0|MEMB007B|-|2640,1783,no,AAATAC,AACATGTTGAG,ACAATTGTAGC
1246,positive,3799,-1.1065629720687866,VT65295|0|MEMB007C|+|2249,1464,no,TGAAAA,AATAAATTAAC,GTAATTGAAAA
1247,positive,3799,-0.4061232209205627,VT65295|0|dkik|-|3985,1933,no,gatttt,caaacctcttg,aagttttaatt
1248,positive,4100,3.1788392066955566,VT65295|0|MEMB002A|+|3572,2750,no,CAATGT,GTTGCAGGAAC,AGAGAGCCCTT
1249,positive,4100,0.5938767790794373,VT65295|0|MEMB002C|-|3210,2411,no,CGATGT,GTTGCAGGAAC,AGAGGACAATT
1250,positive,4100,3.1788392066955566,VT65295|0|MEMB002D|+|2569,1758,no,caatct,atgcaagcaaa,tgcactatgcc
1251,positive,4100,1.1788393259048462,VT65295|0|MEMB002F|-|2530,1786,no,CAGTAT,GCTTCAACATT,GTTAATGTTTG
1252,positive,4100,2.0633621215820312,VT65295|0|MEMB003A|-|2218,1461,no,CAAAGT,GCTCAAGTGGA,AGCGGAAAATA
1253,positive,4100,3.2857544422149663,VT65295|0|MEMB003B|-|2439,1553,no,caagaa,GCTCAAGTGGC,agatagataac
1254,positive,4100,3.1788392066955566,VT65295|0|MEMB003C|+|2464,1666,no,CAATGT,GTTGCAGGAAC,AGATTACAATT
1255,positive,4100,2.0633621215820312,VT65295|0|MEMB003D|-|2218,1461,no,CAAAAT,GCTAAAGTGGA,AGGGGAAAATA
1256,positive,4100,3.1788392066955566,VT65295|0|MEMB003F|-|2339,1598,no,CAATTC,ACACAAGTCAC,GAAAATCATAC
1257,positive,4100,3.1788392066955566,VT65295|0|MEMB005B|+|2303,1555,no,CAATTT,GCTCAAACCAC,GTAAGTCAGAA
1258,positive,4100,1.1788393259048462,VT65295|0|MEMB005D|-|2647,1748,no,CAGTTT,GCTTAAGTTGC,GGTAATCATAT
1259,positive,4100,0.06336206197738647,VT65295|0|MEMB006A|-|2731,1851,no,CAGAAa,GCTCAAGTTGC,agaagaaaagc
1260,positive,4100,2.593876838684082,VT65295|0|MEMB006B|-|2950,1945,no,taatag,aatcagggaaa,aaaaaatcata
1261,positive,4100,0.5938767790794373,VT65295|0|MEMB007B|-|2640,1820,no,CGATGT,GTTGCAGGAAC,TGGAGTTGGAG
1262,positive,4100,3.2857544422149663,VT65295|0|MEMB007C|+|2249,1507,no,CAAGAA,GCTCAAGTGGC,AGAGTGTTAAC
1263,positive,4100,2.0633621215820312,VT65295|0|MEMB008C|-|2328,1568,no,CAAAAC,GCTTAAGCCAC,CATACATACGT
1264,positive,4100,-0.5216004252433777,VT65295|0|dkik|-|3985,2234,no,cccact,agtgcagctgc,cctttggcaga
1265,negative,4278,3.2857544422149663,VT65295|0|MEMB002A|+|3572,2779,no,CACACG,GAACAAACTCC,GTAGAAATTGT
1266,negative,4278,-0.8841705322265625,VT65295|0|MEMB002D|+|2569,1774,no,CCACCG,GCATAGTGCAA,GAGGAAATTAA
1267,negative,4278,-2.5216004848480225,VT65295|0|MEMB005D|-|2647,1777,no,CTTTTC,TTCTTTTTAGA,GCAGAAAATAG
1268,negative,4278,-2.5216004848480225,VT65295|0|MEMB006A|-|2731,1861,no,CTTTTC,TTCTTTTCTGG,GCAGAAGATAG
1269,negative,4278,0.1158294826745987,VT65295|0|MEMB006B|-|2950,1974,no,GTTGAG,AAACAGCAAAG,GATGAAAATAT
1270,negative,4278,3.2857544422149663,VT65295|0|MEMB007B|-|2640,1844,no,AACACG,GAACAAACTCC,GTAGAAATTGT
1271,negative,4278,0.5938767790794373,VT65295|0|MEMB007C|+|2249,1513,no,CACTCT,TTCTTGGCCAC,GTGGCAGTTAA
1272,negative,4278,-3.106562852859497,VT65295|0|dkik|-|3985,2412,no,CCTGGA,CTCAAAGGCAA,GGAAAGGATGT
1273,positive,4285,3.1788392066955566,VT65295|0|MEMB002A|+|3572,2786,no,CAATTT,GTTCCGTGTGA,CTACATTTTGA
1274,positive,4285,3.1788392066955566,VT65295|0|MEMB002C|-|3210,2423,no,CAATTT,GATGTAGAGGA,CTACATTTTGT
1275,positive,4285,2.593876838684082,VT65295|0|MEMB002D|+|2569,1781,no,taattt,atgccggtggt,cctcgtattct
1276,positive,4285,2.0633621215820312,VT65295|0|MEMB003B|-|2439,1566,no,taactg,agaaagataga,ccgcacaccga
1277,positive,4285,3.1788392066955566,VT65295|0|MEMB003C|+|2464,1678,no,CAATTT,AATGTAGATTA,CTACATTTTGT
1278,positive,4285,0.5938767790794373,VT65295|0|MEMB005D|-|2647,1784,no,tatttt,agaagaaaagc,ctgcacgccga
1279,positive,4285,0.06336206197738647,VT65295|0|MEMB006A|-|2731,1868,no,tatctt,agaagaaaagc,ctgcacgccga
1280,positive,4285,0.5938767790794373,VT65295|0|MEMB006B|-|2950,1981,no,tatttt,gtttctcaaca,catcaaacttg
1281,positive,4285,3.1788392066955566,VT65295|0|MEMB007B|-|2640,1851,no,CAATTT,GTTCCGTGTTA,CTACATTTTTT
1282,positive,4285,2.0633621215820312,VT65295|0|MEMB007C|+|2249,1520,no,TAACTG,AGAAAGAGTGT,CCACACACCGG
1283,positive,4285,0.6483245491981506,VT65295|0|dkik|-|3985,2419,no,catcct,tgagtccagga,ttcccgtgacc
1284,positive,4485,3.2857544422149663,VT65295|0|MEMB002A|+|3572,2834,no,CAAGTT,TGTTTTAAAAT,CAAAACCAAAT
1285,positive,4485,3.2857544422149663,VT65295|0|MEMB002C|-|3210,2471,no,CAAGTT,TGTTTTAAAAT,CAAAACCAAAT
1286,positive,4485,1.7007919549942017,VT65295|0|MEMB002D|+|2569,1852,no,AACGGT,ggtagtgcaTC,CATTACTTAAT
1287,positive,4485,2.648324489593506,VT65295|0|MEMB002E|-|2184,1459,no,CAACTG,ATTTTTAAGCT,GCTtattaggt
1288,positive,4485,2.0633621215820312,VT65295|0|MEMB002F|-|2530,1808,no,CAAATT,TGTTTGATACT,TGTTCGTAATT
1289,positive,4485,0.7007919549942017,VT65295|0|MEMB003A|-|2218,1476,no,TATGTT,GTAGCGGAAAA,AAAAATCGGAA
1290,positive,4485,1.4783995151519775,VT65295|0|MEMB003B|-|2439,1675,no,taaacg,tcgagaaaaca,cagtggaacct
1291,positive,4485,3.2857544422149663,VT65295|0|MEMB003C|+|2464,1726,no,CAAGTT,TGTTTTAAAAT,CAAAACCAAAT
1292,positive,4485,0.7007919549942017,VT65295|0|MEMB003D|-|2218,1476,no,TATGTT,ATAGGGGAAAA,GAAAATCGGAA
1293,positive,4485,0.06336206197738647,VT65295|0|MEMB003F|-|2339,1614,no,CATATA,CGAAAATCATA,TATAACAAGAA
1294,positive,4485,-1.5216004848480225,VT65295|0|MEMB004E|-|2307,1574,no,Gcactg,TTTTTAAGAAA,cgttgcaatct
1295,positive,4485,-1.5216004848480225,VT65295|0|MEMB005B|+|2303,1573,no,Gcactg,TAAGTCAGAAA,ctttgctaact
1296,positive,4485,-1.5216004848480225,VT65295|0|MEMB005D|-|2647,1914,no,accctt,ggtcggaaaaa,cactgcaaact
1297,positive,4485,-1.5216004848480225,VT65295|0|MEMB006A|-|2731,1998,no,accctt,ggtcggaaaga,cactgcaaact
1298,positive,4485,-0.5216004252433777,VT65295|0|MEMB006B|-|2950,2109,no,ttactt,tagaaaaaaca,cgctgtttctc
1299,positive,4485,-0.5216004252433777,VT65295|0|MEMB006C|+|2238,1506,no,tcactg,AAGCCTAGAAA,cgttgaaaact
1300,positive,4485,3.2857544422149663,VT65295|0|MEMB007B|-|2640,1902,no,CAAGTT,TGTTTTAAAAT,CAAAACCAAAT
1301,positive,4485,-0.5216004252433777,VT65295|0|MEMB008C|-|2328,1596,no,tcactt,TAGTCAAGAAA,cgttgctaact
1302,positive,4485,0.06336206197738647,VT65295|0|dkik|-|3985,2619,no,ccactc,attttatcaga,agatgctatat
1303,positive,4504,3.1788392066955566,VT65295|0|MEMB002A|+|3572,2853,no,CAATAA,AAACCAAATTT,TAATGTTTTTT
1304,positive,4504,3.1788392066955566,VT65295|0|MEMB002C|-|3210,2490,no,CAATAA,AAACCAAATTT,TAATGTTTTTT
1305,positive,4504,-4.106563091278076,VT65295|0|MEMB002D|+|2569,1871,no,ATTAAA,TTACTTAATTC,TTATATATTGG
1306,positive,4504,-2.991085767745972,VT65295|0|MEMB002E|-|2184,1478,no,atgtat,Ttattaggtat,attatatattg
1307,positive,4504,-1.1065629720687866,VT65295|0|MEMB002F|-|2530,1827,no,TGCAAC,TTCGTAATTAC,GTATATTATAT
1308,positive,4504,-2.1065628528594966,VT65295|0|MEMB003B|-|2439,1694,no,agaata,gtggaacctat,cgactcttttc
1309,positive,4504,3.1788392066955566,VT65295|0|MEMB003C|+|2464,1745,no,CAATAA,AAACCAAATTT,TAATGTTTTTT
1310,positive,4504,-0.5216004252433777,VT65295|0|MEMB003F|-|2339,1633,no,TAGAAT,TAACAAGAAAC,TAGAATACCCT
1311,positive,4504,-1.5216004848480225,VT65295|0|MEMB004E|-|2307,1593,no,agacta,ttgcaatcttc,gaattagaata
1312,positive,4504,-0.5216004252433777,VT65295|0|MEMB005B|+|2303,1592,no,tgacta,ttgctaacttc,gaattattata
1313,positive,4504,-0.5216004252433777,VT65295|0|MEMB005D|-|2647,1933,no,tgacta,ctgcaaacttc,aaatgaataca
1314,positive,4504,-0.5216004252433777,VT65295|0|MEMB006A|-|2731,2017,no,tgacta,ctgcaaacttc,aaattaatgca
1315,positive,4504,2.0633621215820312,VT65295|0|MEMB006B|-|2950,2128,no,caaatt,ctgtttctcat,tgagattcggc
1316,positive,4504,-0.5216004252433777,VT65295|0|MEMB006C|+|2238,1525,no,tgacta,ttgaaaacttc,gaactagaata
1317,positive,4504,3.1788392066955566,VT65295|0|MEMB007B|-|2640,1921,no,CAATAA,AAACCAAATTT,TAATGTTTTTT
1318,positive,4504,-0.5216004252433777,VT65295|0|MEMB008C|-|2328,1615,no,tgacta,ttgctaacttc,cacttcgaata
1319,positive,4504,0.06336206197738647,VT65295|0|dkik|-|3985,2638,no,cgacaa,atgctatattt,ttttgacgacg
1320,positive,5187,3.1788392066955566,VT65295|0|MEMB002A|+|3572,2903,no,CACTCA,TATTATTAAAA,CCCGAATAATG
1321,positive,5187,3.1788392066955566,VT65295|0|MEMB002C|-|3210,2541,no,CACTCA,TATTATTAAAA,CCCGAATAATG
1322,positive,5187,1.5938767194747925,VT65295|0|MEMB002D|+|2569,1910,no,GACTCA,TATTACGATTA,CTCGGATAATG
1323,positive,5187,1.5938767194747925,VT65295|0|MEMB002E|-|2184,1518,no,GACTCA,tattatGATTA,CTCGGATAATG
1324,positive,5187,1.5938767194747925,VT65295|0|MEMB002F|-|2530,1854,no,GACTCA,TATTCTGGAAA,CTCGAATAATG
1325,positive,5187,1.5938767194747925,VT65295|0|MEMB003A|-|2218,1554,no,AACTCA,aaatatttaAA,CTCGGATAATG
1326,positive,5187,1.5938767194747925,VT65295|0|MEMB003B|-|2439,1785,no,GACTCA,TATTACGATAA,CTCGGATAATG
1327,positive,5187,3.1788392066955566,VT65295|0|MEMB003C|+|2464,1795,no,CACTCA,TATTATTAAAA,CCCGAATAACG
1328,positive,5187,1.5938767194747925,VT65295|0|MEMB003D|-|2218,1554,no,AACTCA,aaatatttaAA,CTCGGATAATG
1329,positive,5187,1.5938767194747925,VT65295|0|MEMB003F|-|2339,1679,no,GACTCA,GATTATGATAA,CTCGAATAATG
1330,positive,5187,1.5938767194747925,VT65295|0|MEMB004B|+|2160,1499,no,GACTTA,TCATTCGAAGA,CTCGAATTATG
1331,positive,5187,1.5938767194747925,VT65295|0|MEMB004E|-|2307,1643,no,GACTCA,TAATACGATAA,CTCGAATAATG
1332,positive,5187,1.5938767194747925,VT65295|0|MEMB005B|+|2303,1642,no,GACTCA,TAATATGATGG,CTCGAATAATG
1333,positive,5187,1.5938767194747925,VT65295|0|MEMB005D|-|2647,1987,no,GACTCA,TATTACGACAG,CTCGGATAATG
1334,positive,5187,1.5938767194747925,VT65295|0|MEMB006A|-|2731,2071,no,GACTCA,TATTACGACAG,CTCGGATAATG
1335,positive,5187,1.5938767194747925,VT65295|0|MEMB006B|-|2950,2299,no,GACTCA,TATTACAATAA,CTCGGATAATG
1336,positive,5187,1.5938767194747925,VT65295|0|MEMB006C|+|2238,1575,no,GACTCA,AAATACCATGG,CTCGAATAATG
1337,positive,5187,3.1788392066955566,VT65295|0|MEMB007B|-|2640,1971,no,CACTCA,TATTATTAAAA,CCCGTATAATG
1338,positive,5187,2.593876838684082,VT65295|0|MEMB007C|+|2249,1596,no,TACTCA,TATTACGATAT,CTCGGATAATG
1339,positive,5187,1.5938767194747925,VT65295|0|MEMB007D|-|2925,2264,no,AACTCA,TTTTACGTAGA,CTCGAATTATG
1340,positive,5187,1.5938767194747925,VT65295|0|MEMB008C|-|2328,1665,no,GACTCA,TTATACGAAGA,CTCGAACAATG
1341,positive,5187,1.5938767194747925,VT65295|0|dkik|-|3985,3321,no,AACTCA,aaatatttaAA,CTCGGATAATG
1342,negative,5242,3.2857544422149663,VT65295|0|MEMB002A|+|3572,2958,no,CCCACG,TTCCTGTACTA,TGGCCCGGCTG
1343,negative,5242,3.2857544422149663,VT65295|0|MEMB002C|-|3210,2596,no,CCCACG,TTCCTGTACTA,TGGCCCGGCTG
1344,negative,5242,1.2857544422149658,VT65295|0|MEMB002D|+|2569,1965,no,CCCATG,TTCTTGTATTA,TTGCCCGGCTG
1345,negative,5242,3.2857544422149663,VT65295|0|MEMB002E|-|2184,1573,no,CCCACG,TTCTTGTATTA,TTGCCCGGCTG
1346,negative,5242,3.2857544422149663,VT65295|0|MEMB002F|-|2530,1909,no,CCCACG,TTCCTGTATTA,TGGCCCGGCTG
1347,negative,5242,3.2857544422149663,VT65295|0|MEMB003A|-|2218,1609,no,CCCACG,TTCCTGTATTA,TGGCCCGGCTG
1348,negative,5242,0.4783995747566223,VT65295|0|MEMB003B|-|2439,1840,no,CCAACA,TTCTTGTATTA,TTGTTCGTCTG
1349,negative,5242,3.2857544422149663,VT65295|0|MEMB003C|+|2464,1850,no,CCCACG,TTCCTGTACTA,TGGCCCGGCTG
1350,negative,5242,1.7007919549942017,VT65295|0|MEMB003D|-|2218,1609,no,CCAACG,TTCCTGTATTA,TGGCCCGGCTT
1351,negative,5242,3.2857544422149663,VT65295|0|MEMB003F|-|2339,1734,no,CCCACG,TTCCTGTATTA,TGGCCCGGCTG
1352,negative,5242,3.2857544422149663,VT65295|0|MEMB004B|+|2160,1554,no,CCCACG,TTCCTGTATTA,TGGAACGGCTG
1353,negative,5242,1.7007919549942017,VT65295|0|MEMB004E|-|2307,1698,no,CCGACG,TTCCTGTATTA,TGGCCCGGCTT
1354,negative,5242,3.2857544422149663,VT65295|0|MEMB005B|+|2303,1697,no,CCCACG,TTCCTGTATTA,TGGCCCGACTG
1355,negative,5242,1.7007919549942017,VT65295|0|MEMB005D|-|2647,2042,no,CCGACG,TTCCTGTATTA,TGAACCGGCTG
1356,negative,5242,1.7007919549942017,VT65295|0|MEMB006A|-|2731,2126,no,CCGACG,TTCTTGTATTA,TTAACCGGTTG
1357,negative,5242,3.2857544422149663,VT65295|0|MEMB006B|-|2950,2354,no,CCCACG,TTCCTGTATTA,TTACCCGGCTT
1358,negative,5242,3.2857544422149663,VT65295|0|MEMB006C|+|2238,1630,no,CCCACG,TTCCTGTATTA,TGGCCCGGCTG
1359,negative,5242,3.2857544422149663,VT65295|0|MEMB007B|-|2640,2026,no,CCCACG,TTCCTGTACTA,TGGCCCGGCTG
1360,negative,5242,0.4783995747566223,VT65295|0|MEMB007C|+|2249,1651,no,CCAACA,TTCTTGTATTA,TTACTCGTCTG
1361,negative,5242,1.2857544422149658,VT65295|0|MEMB007D|-|2925,2319,no,CCCATG,TTCCTGTATTA,TTGCCAGGCTT
1362,negative,5242,3.2857544422149663,VT65295|0|MEMB008C|-|2328,1720,no,CCCACG,TTCCTGTATTA,TGGCCCGGCTG
1363,negative,5242,3.2857544422149663,VT65295|0|dkik|-|3985,3376,no,CCCACG,TTCCTGTATTA,TGGCCCGGCTG
1364,negative,5343,3.1788392066955566,VT65295|0|MEMB002A|+|3572,3059,no,CCCAAT,GGGTCACCACC,TCTAATGCGCG
1365,negative,5343,3.1788392066955566,VT65295|0|MEMB002C|-|3210,2697,no,CCCAAT,GGGTCACCACC,TCTAATGCGCG
1366,negative,5343,-2.1065628528594966,VT65295|0|MEMB002D|+|2569,2066,no,CCGCAA,CTGATAGCGAA,TCTATTGCGCG
1367,negative,5343,1.5938767194747925,VT65295|0|MEMB002E|-|2184,1674,no,AAAAAT,TCAACAGCGAA,TCGATTGCTTG
1368,negative,5343,3.1788392066955566,VT65295|0|MEMB002F|-|2530,2010,no,CCCAAT,TGGTCTCTAAC,TCTACTGCAGG
1369,negative,5343,3.1788392066955566,VT65295|0|MEMB003A|-|2218,1710,no,AGCAAT,TTGAAAGCGAC,TCTATTGCGCG
1370,negative,5343,0.5938767790794373,VT65295|0|MEMB003B|-|2439,1941,no,CTCTAT,TTGAAAGCAAT,TCAATTGTCCA
1371,negative,5343,3.1788392066955566,VT65295|0|MEMB003C|+|2464,1951,no,CCCAAT,GGGTCACCACC,TCTAATGCGCG
1372,negative,5343,3.1788392066955566,VT65295|0|MEMB003D|-|2218,1710,no,ACCAAT,TTGAAAGCGAC,TCTATTGCGCG
1373,negative,5343,1.5938767194747925,VT65295|0|MEMB003F|-|2339,1835,no,CCAAAT,TCGCCAGCAAC,ACTACTGCGCG
1374,negative,5343,1.7007919549942017,VT65295|0|MEMB004B|+|2160,1655,no,AAAAAG,TTAAAAGCGAC,TGAGTTGCGCA
1375,negative,5343,-0.9910857081413268,VT65295|0|MEMB004E|-|2307,1799,no,AAACAT,TTCCAACCGAT,TAGATTTCGAG
1376,negative,5343,0.4783995747566223,VT65295|0|MEMB005B|+|2303,1798,no,AAAAAA,TTAACAGCAAC,ACTAATGCGCG
1377,negative,5343,-1.4061232805252075,VT65295|0|MEMB005D|-|2647,2143,no,ACCCGT,TTCCCAGCACC,TCGATTGCGCA
1378,negative,5343,-1.4061232805252075,VT65295|0|MEMB006A|-|2731,2227,no,ACCCGT,TTCCCAGCACC,TCGATTGCGCG
1379,negative,5343,2.0633621215820312,VT65295|0|MEMB006B|-|2950,2455,no,CCCAAA,TTCAAAGCACT,TCTATTGCGCA
1380,negative,5343,2.0633621215820312,VT65295|0|MEMB006C|+|2238,1731,no,AACAAA,TTCAAACTGAT,TCGATTGCGTC
1381,negative,5343,3.1788392066955566,VT65295|0|MEMB007B|-|2640,2127,no,CCCAAT,GGGTCACCACC,TCTAATGCGCG
1382,negative,5343,0.5938767790794373,VT65295|0|MEMB007C|+|2249,1752,no,CCCTAT,TTGAAAGCAAG,TCAATTGGCCA
1383,negative,5343,1.1788393259048462,VT65295|0|MEMB007D|-|2925,2420,no,CCCATT,TCGTAAGCACA,TATGTTGCGTA
1384,negative,5343,3.1788392066955566,VT65295|0|MEMB008C|-|2328,1821,no,AACAAT,TGAACAGCAAC,TCTATTGCGCG
1385,negative,5343,3.1788392066955566,VT65295|0|dkik|-|3985,3477,no,AGCAAT,TTCAAAGCGAC,TCTATTGCGCG
1386,positive,5366,3.1788392066955566,VT65295|0|MEMB002A|+|3572,3082,no,CACTCT,TTAGATGGTAC,AAGAACACCTG
1387,positive,5366,3.1788392066955566,VT65295|0|MEMB002C|-|3210,2720,no,CACTCT,TTAGATGGTAC,AAGAAGACCTG
1388,positive,5366,3.1788392066955566,VT65295|0|MEMB002D|+|2569,2089,no,CACTCT,ATAGACGGTAC,AAGAAGACCTG
1389,positive,5366,3.1788392066955566,VT65295|0|MEMB002E|-|2184,1697,no,CACTCT,ATCGATGGTAC,AAGAAGACCTG
1390,positive,5366,3.1788392066955566,VT65295|0|MEMB002F|-|2530,2033,no,CACTCT,GTAGATGGTAC,AAGAAGACCTG
1391,positive,5366,3.1788392066955566,VT65295|0|MEMB003A|-|2218,1733,no,CACTCC,ATAGATGGTAC,ATGAAGACCTG
1392,positive,5366,3.1788392066955566,VT65295|0|MEMB003B|-|2439,1964,no,CACTCC,ATTGATGGTAC,ATGAAGACCTG
1393,positive,5366,3.1788392066955566,VT65295|0|MEMB003C|+|2464,1974,no,CACTCT,TTAGATGGTAC,AAGAAGACCTG
1394,positive,5366,3.1788392066955566,VT65295|0|MEMB003D|-|2218,1733,no,CACTCC,ATAGATGGTAC,ATGAAGACCTG
1395,positive,5366,3.1788392066955566,VT65295|0|MEMB003F|-|2339,1858,no,CACTCT,GTAGTTGGTAC,AGGAAGACCTG
1396,positive,5366,3.1788392066955566,VT65295|0|MEMB004B|+|2160,1678,no,CACTCT,ACTCATTATAC,AAAAAGACCTG
1397,positive,5366,3.1788392066955566,VT65295|0|MEMB004E|-|2307,1822,no,CACTCT,ATCTATTGTAC,ATGAAGACCTG
1398,positive,5366,3.1788392066955566,VT65295|0|MEMB005B|+|2303,1821,no,CACTCC,TTAGTTTATAC,ATGAAGACCTG
1399,positive,5366,3.1788392066955566,VT65295|0|MEMB005D|-|2647,2166,no,CACTCT,ATCGACGGTAC,ATGAAGACCTG
1400,positive,5366,3.1788392066955566,VT65295|0|MEMB006A|-|2731,2250,no,CACTCT,ATCGACGGTAC,AAGAAGACCTG
1401,positive,5366,3.1788392066955566,VT65295|0|MEMB006B|-|2950,2478,no,CACTCC,ATAGATTGTAC,TCAAAGACCTG
1402,positive,5366,3.1788392066955566,VT65295|0|MEMB006C|+|2238,1754,no,CACTCT,ATCGATTGTAC,ATGAAGATCTG
1403,positive,5366,3.1788392066955566,VT65295|0|MEMB007B|-|2640,2150,no,CACTCC,TTAGATGGTAC,AAGAAGACCTG
1404,positive,5366,3.1788392066955566,VT65295|0|MEMB007C|+|2249,1775,no,CACTCC,ATTGATGGTAC,ATGAAGACCTG
1405,positive,5366,1.1788393259048462,VT65295|0|MEMB007D|-|2925,2443,no,CATTCC,ACATACTGTAC,ATGAAGACCTG
1406,positive,5366,3.1788392066955566,VT65295|0|MEMB008C|-|2328,1844,no,CACTCT,ATAGATTGTAC,ATGAAGACCTG
1407,positive,5366,3.1788392066955566,VT65295|0|dkik|-|3985,3500,no,CACTCT,ATAGATGGTAC,ATGAAGACCTG
1408,negative,5437,3.2857544422149663,VT65295|0|MEMB002A|+|3572,3153,no,GTCAAG,AGTAACCCCAG,AGAAGGAGCGG
1409,negative,5437,3.2857544422149663,VT65295|0|MEMB002C|-|3210,2791,no,GTCAAG,AGTAACCCCAG,AGAAGGAGCGG
1410,negative,5437,-0.9366379380226136,VT65295|0|MEMB002D|+|2569,2160,no,GTGAGC,AAAAATGTTAA,ACCGGGACCAA
1411,negative,5437,-1.5216004848480225,VT65295|0|MEMB002E|-|2184,1768,no,GTGGAC,AAAAATATTAA,ACCGGGAGCAA
1412,negative,5437,3.2857544422149663,VT65295|0|MEMB002F|-|2530,2104,no,GTCAAG,AGTAACCATAA,AGCGCGAGCGG
1413,negative,5437,-1.9366379976272583,VT65295|0|MEMB003A|-|2218,1804,no,GTCGGC,AAAAACCTTAA,ACCGGGAGCAG
1414,negative,5437,0.06336206197738647,VT65295|0|MEMB003B|-|2439,2035,no,GTCGAC,AAACCAATTAA,ACCGGGAGCAA
1415,negative,5437,3.2857544422149663,VT65295|0|MEMB003C|+|2464,2045,no,GTCAAG,AGTAACCCCAG,ATAAGGAGCGG
1416,negative,5437,-1.9366379976272583,VT65295|0|MEMB003D|-|2218,1804,no,GTCGGC,AAAAACCTTAA,ACCGGGAGCAG
1417,negative,5437,-1.9366379976272583,VT65295|0|MEMB003F|-|2339,1929,no,ATCGGC,AAAGGTATTAC,ACCGAGACCAG
1418,negative,5437,2.648324489593506,VT65295|0|MEMB004B|+|2160,1749,no,GTCACC,AAAGTCATTAA,ACAGGGAGCAG
1419,negative,5437,2.0633621215820312,VT65295|0|MEMB004E|-|2307,1893,no,GTCACA,AAAGTTATTAA,ACCGGGAACAG
1420,negative,5437,2.648324489593506,VT65295|0|MEMB005B|+|2303,1892,no,GTCACC,AAAGTCATTAA,ACCGGGAGCAG
1421,negative,5437,-0.5216004252433777,VT65295|0|MEMB005D|-|2647,2237,no,GTTGAC,AAAAAGGTTAA,ACCGGGAAAAG
1422,negative,5437,0.06336206197738647,VT65295|0|MEMB006A|-|2731,2321,no,GTCGAC,AAAAAGGTTAA,ACCGGGAGAAG
1423,negative,5437,0.06336206197738647,VT65295|0|MEMB006B|-|2950,2549,no,GCCGAC,AAAAGGGTTAA,ACCGGGAGCAA
1424,negative,5437,2.648324489593506,VT65295|0|MEMB006C|+|2238,1825,no,GTCACC,AAGGTCATTAA,ACCGGGAGCAG
1425,negative,5437,3.2857544422149663,VT65295|0|MEMB007B|-|2640,2221,no,GTCAAG,AGTAACCACAA,AGAAGGAGCGG
1426,negative,5437,-1.9366379976272583,VT65295|0|MEMB007C|+|2249,1846,no,GTCGGC,AAAAATATTAA,ACCGGGAGCAA
1427,negative,5437,2.0633621215820312,VT65295|0|MEMB007D|-|2925,2514,no,ATCAAA,AAAGACCCCAA,ATCGGGAACGG
1428,negative,5437,2.648324489593506,VT65295|0|MEMB008C|-|2328,1915,no,GTCACC,AAAGTCATTAA,ACCGGGAGCAG
1429,negative,5437,0.06336206197738647,VT65295|0|dkik|-|3985,3571,no,GTCGAC,AAAAACCTTAA,ACCGGGAGCAG
1430,positive,5618,3.2857544422149663,VT65295|0|MEMB002A|+|3572,3327,no,CAAGGT,ACGAGACCCGC,GGTCTTCTCGT
1431,positive,5618,3.2857544422149663,VT65295|0|MEMB002C|-|3210,2965,no,CAAGGT,ACGAGACCCGC,GGTCTTCTCGT
1432,positive,5618,3.2857544422149663,VT65295|0|MEMB002D|+|2569,2328,no,CAAGGT,ACCAATCCCGC,GGTCCGTTCGT
1433,positive,5618,1.4783995151519775,VT65295|0|MEMB002E|-|2184,1936,no,TAAAGT,ACCAGACCCGC,GGTCCGTTCAT
1434,positive,5618,1.2857544422149658,VT65295|0|MEMB002F|-|2530,2275,no,CATGGT,ACGAGGCCCGC,GGTCTTCTCGT
1435,positive,5618,3.2857544422149663,VT65295|0|MEMB003A|-|2218,1975,no,CAAGGT,ACGAGCCCCGC,GGTCCGCTCGT
1436,positive,5618,3.2857544422149663,VT65295|0|MEMB003B|-|2439,2200,no,CAAGGT,ACGAGCCCCGC,GGTCCGTTCGT
1437,positive,5618,3.2857544422149663,VT65295|0|MEMB003C|+|2464,2219,no,CAAGGT,ACGAGACCCGC,GGTCTTCTCGT
1438,positive,5618,3.2857544422149663,VT65295|0|MEMB003D|-|2218,1975,no,CAAGGT,ACGAGCCCCGC,GGTCCGCTCGT
1439,positive,5618,3.2857544422149663,VT65295|0|MEMB003F|-|2339,2097,no,CAAGGT,ACAAGCCCAGC,GGTCCGTTCGT
1440,positive,5618,3.2857544422149663,VT65295|0|MEMB004B|+|2160,1917,no,CAAGGT,ACGAGCCCAGC,GGTCCGCTCGT
1441,positive,5618,3.2857544422149663,VT65295|0|MEMB004E|-|2307,2064,no,CAAGGT,ACGAGCCCAGC,GTTCCGCTCGT
1442,positive,5618,2.593876838684082,VT65295|0|MEMB005B|+|2303,2060,no,TAATGT,ACGAGCCCAGC,GGTCCGCTCGT
1443,positive,5618,3.2857544422149663,VT65295|0|MEMB005D|-|2647,2405,no,CAAGGT,ACGAGCCCCGC,GGTCCGTTCGT
1444,positive,5618,3.2857544422149663,VT65295|0|MEMB006A|-|2731,2489,no,CAAGGT,ACGAGCCCCGC,GGTCCGTTCGT
1445,positive,5618,2.0633621215820312,VT65295|0|MEMB006B|-|2950,2717,no,CAAAGT,ACGAGCCCCGC,GGTTCGTTCGT
1446,positive,5618,3.2857544422149663,VT65295|0|MEMB006C|+|2238,1993,no,CAAGGT,ACCAGTCCAGC,GGTCCGCTCGT
1447,positive,5618,3.2857544422149663,VT65295|0|MEMB007B|-|2640,2395,no,CAAGGT,ACGAGACCCGC,GGTCTTCTCGT
1448,positive,5618,3.2857544422149663,VT65295|0|MEMB007C|+|2249,2014,no,CAAGGT,ACGAGCCCCGC,GGTTCGTTCGT
1449,positive,5618,3.2857544422149663,VT65295|0|MEMB007D|-|2925,2685,no,CAAGGT,ACGAGGCCCGC,GGTCCGCTCGT
1450,positive,5618,3.2857544422149663,VT65295|0|MEMB008C|-|2328,2083,no,CAAGGT,ACGAGCCCAGC,GGTCCGCTCGT
1451,positive,5618,3.2857544422149663,VT65295|0|dkik|-|3985,3742,no,CAAGGT,ACGAGCCCCGC,GGTCCGCTCGT
1452,negative,5691,3.1788392066955566,VT65295|0|MEMB002A|+|3572,3400,no,GACACT,GGAGCTAAATG,AAGGTGGTCAA
1453,negative,5691,3.1788392066955566,VT65295|0|MEMB002C|-|3210,3038,no,GACACT,GGAGCTAAATG,AAGGTGGTCAA
1454,negative,5691,3.1788392066955566,VT65295|0|MEMB002D|+|2569,2401,no,GACACT,GGAGCTGAATG,AGGGTGATGAT
1455,negative,5691,3.1788392066955566,VT65295|0|MEMB002E|-|2184,2009,no,GACACT,GGAGCTTAATG,AAGGTGATGAT
1456,negative,5691,3.1788392066955566,VT65295|0|MEMB002F|-|2530,2348,no,GACACT,GGAGCTAAATG,AAGGTGGTCAA
1457,negative,5691,3.1788392066955566,VT65295|0|MEMB003A|-|2218,2048,no,GACACT,GGAGCTGAATG,AAGGTGGTAAC
1458,negative,5691,3.1788392066955566,VT65295|0|MEMB003B|-|2439,2273,no,GACACT,GGAGCTGAATG,AAGGTGATGGC
1459,negative,5691,3.1788392066955566,VT65295|0|MEMB003C|+|2464,2292,no,GACACT,GGAGCTAAATG,AAGGTGATCAA
1460,negative,5691,3.1788392066955566,VT65295|0|MEMB003D|-|2218,2048,no,GACACT,GGAGCTGAATG,AAGGTGGTAAC
1461,negative,5691,3.1788392066955566,VT65295|0|MEMB003F|-|2339,2170,no,AACACT,GGAGCTGAATA,AAAGTGGTTAG
1462,negative,5691,3.1788392066955566,VT65295|0|MEMB004B|+|2160,1990,no,GACACT,GGAGCTAAATG,AAAGTGAGAAA
1463,negative,5691,1.5938767194747925,VT65295|0|MEMB004E|-|2307,2137,no,TAAACT,GGAGCTGAATG,GCAGTCCGGCT
1464,negative,5691,3.1788392066955566,VT65295|0|MEMB005B|+|2303,2133,no,GTCACT,GGAGCTGAATG,AAAGTGAGTAA
1465,negative,5691,3.1788392066955566,VT65295|0|MEMB005D|-|2647,2478,no,CACACT,GGAGCTGAATC,AGGGTGAGGAC
1466,negative,5691,3.1788392066955566,VT65295|0|MEMB006A|-|2731,2562,no,CACACT,GGAGCTGAATA,AGGGTGAGGAA
1467,negative,5691,3.1788392066955566,VT65295|0|MEMB006B|-|2950,2790,no,GACACT,GGAACTGAATG,AAGGTGATGAA
1468,negative,5691,1.5938767194747925,VT65295|0|MEMB006C|+|2238,2066,no,GAAACT,GGAGCTGAATG,GAAGTGAAAAA
1469,negative,5691,3.1788392066955566,VT65295|0|MEMB007B|-|2640,2468,no,GACACT,GGAGCTAAATG,AAGGTGGTCAA
1470,negative,5691,0.5938767790794373,VT65295|0|MEMB007C|+|2249,2087,no,GACGCT,GGAGCTGAATG,AAGGTGATGGC
1471,negative,5691,3.1788392066955566,VT65295|0|MEMB007D|-|2925,2758,no,GACACT,CGACCTGAATG,AGGGTGGGTAA
1472,negative,5691,3.1788392066955566,VT65295|0|MEMB008C|-|2328,2156,no,GACACT,GGAGCTGAATG,AAAGTGAGGAA
1473,negative,5691,3.1788392066955566,VT65295|0|dkik|-|3985,3815,no,GACACT,GGAGCTGAATG,AAGGTGGTAAC
1474,negative,5696,3.2857544422149663,VT65295|0|MEMB002A|+|3572,3405,no,GTCAAG,ACACTGGAGCT,CCAAGAAGGTG
1475,negative,5696,3.2857544422149663,VT65295|0|MEMB002C|-|3210,3043,no,GTCAAG,ACACTGGAGCT,CCAAGAAGGTG
1476,negative,5696,-0.29920801520347595,VT65295|0|MEMB002D|+|2569,2406,no,ATGATG,ACACTGGAGCT,CCGCAAGGGTG
1477,negative,5696,-0.29920801520347595,VT65295|0|MEMB002E|-|2184,2014,no,ATGATG,ACACTGGAGCT,CCGGAAAGGTG
1478,negative,5696,3.2857544422149663,VT65295|0|MEMB002F|-|2530,2353,no,GTCAAG,ACACTGGAGCT,CCCAGAAGGTG
1479,negative,5696,1.7007919549942017,VT65295|0|MEMB003A|-|2218,2053,no,GTAACG,ACACTGGAGCT,CTGCAAAGGTG
1480,negative,5696,-0.8841705322265625,VT65295|0|MEMB003B|-|2439,2278,no,ATGGCG,ACACTGGAGCT,CCGCAAAGGTG
1481,negative,5696,3.2857544422149663,VT65295|0|MEMB003C|+|2464,2297,no,ATCAAG,ACACTGGAGCT,CCAAGAAGGTG
1482,negative,5696,1.7007919549942017,VT65295|0|MEMB003D|-|2218,2053,no,GTAACG,ACACTGGAGCT,CTGCAAAGGTG
1483,negative,5696,-0.5216004252433777,VT65295|0|MEMB003F|-|2339,2175,no,GTTAGA,ACACTGGAGCT,CCGAAAAAGTG
1484,negative,5696,1.7007919549942017,VT65295|0|MEMB004B|+|2160,1995,no,AGAAAG,ACACTGGAGCT,TCGAAAAAGTG
1485,negative,5696,-2.991085767745972,VT65295|0|MEMB004E|-|2307,2142,no,CGGCTT,AAACTGGAGCT,CCGAAGCAGTC
1486,negative,5696,2.7007920742034908,VT65295|0|MEMB005B|+|2303,2138,no,AGTAAG,TCACTGGAGCT,CCGAAAAAGTG
1487,negative,5696,1.0633620023727417,VT65295|0|MEMB005D|-|2647,2483,no,AGGACC,ACACTGGAGCT,CCGAAAGGGTG
1488,negative,5696,1.0633620023727417,VT65295|0|MEMB006A|-|2731,2567,no,AGGAAC,ACACTGGAGCT,CCGAAAGGGTG
1489,negative,5696,1.7007919549942017,VT65295|0|MEMB006B|-|2950,2795,no,ATGAAG,ACACTGGAACT,CCGAAAAGGTG
1490,negative,5696,1.7007919549942017,VT65295|0|MEMB006C|+|2238,2071,no,AAAAAG,AAACTGGAGCT,CCGAAGAAGTG
1491,negative,5696,3.2857544422149663,VT65295|0|MEMB007B|-|2640,2473,no,GTCAAG,ACACTGGAGCT,CCAAGAAGGTG
1492,negative,5696,-0.8841705322265625,VT65295|0|MEMB007C|+|2249,2092,no,ATGGCG,ACGCTGGAGCT,CCGCAAAGGTG
1493,negative,5696,2.7007920742034908,VT65295|0|MEMB007D|-|2925,2763,no,GGTAAG,ACACTCGACCT,CCAGCAGGGTG
1494,negative,5696,1.7007919549942017,VT65295|0|MEMB008C|-|2328,2161,no,AGGAAG,ACACTGGAGCT,CCGAAAAAGTG
1495,negative,5696,1.7007919549942017,VT65295|0|dkik|-|3985,3820,no,GTAACG,ACACTGGAGCT,CTGCAAAGGTG
1496,negative,5708,3.2857544422149663,VT65295|0|MEMB002A|+|3572,3417,no,GCCAAG,AAGGTGGTCAA,TGACCACGTTG
1497,negative,5708,3.2857544422149663,VT65295|0|MEMB002C|-|3210,3055,no,GCCAAG,AAGGTGGTCAA,TGACCACGTTG
1498,negative,5708,-0.5216004252433777,VT65295|0|MEMB002D|+|2569,2418,no,GCCGCA,AGGGTGATGAT,TTTCTGGCCTG
1499,negative,5708,-2.5216004848480225,VT65295|0|MEMB002E|-|2184,2026,no,GCCGGA,AAGGTGATGAT,TTTCTCAACTG
1500,negative,5708,0.7007919549942017,VT65295|0|MEMB002F|-|2530,2365,no,GCCCAG,AAGGTGGTCAA,TGGTCGATTTG
1501,negative,5708,-1.1065629720687866,VT65295|0|MEMB003A|-|2218,2065,no,GCTGCA,AAGGTGGTAAC,TTTCTAACCTG
1502,negative,5708,-0.5216004252433777,VT65295|0|MEMB003B|-|2439,2290,no,GCCGCA,AAGGTGATGGC,TTTCTAACCTG
1503,negative,5708,3.2857544422149663,VT65295|0|MEMB003C|+|2464,2309,no,GCCAAG,AAGGTGATCAA,TGACCACGTTG
1504,negative,5708,-1.1065629720687866,VT65295|0|MEMB003D|-|2218,2065,no,GCTGCA,AAGGTGGTAAC,TTTCTAACCTG
1505,negative,5708,-0.5216004252433777,VT65295|0|MEMB003F|-|2339,2187,no,GCCGAA,AAAGTGGTTAG,TTGCTGAACTG
1506,negative,5708,-0.5216004252433777,VT65295|0|MEMB004B|+|2160,2007,no,GTCGAA,AAAGTGAGAAA,TTTCTGAAGTG
1507,negative,5708,-0.5216004252433777,VT65295|0|MEMB004E|-|2307,2154,no,GCCGAA,GCAGTCCGGCT,TAACTGACCTG
1508,negative,5708,-0.5216004252433777,VT65295|0|MEMB005B|+|2303,2150,no,GCCGAA,AAAGTGAGTAA,TTGCTGACGTG
1509,negative,5708,-0.5216004252433777,VT65295|0|MEMB005D|-|2647,2495,no,GCCGAA,AGGGTGAGGAC,TTGCTGATCTG
1510,negative,5708,-0.5216004252433777,VT65295|0|MEMB006A|-|2731,2579,no,GCCGAA,AGGGTGAGGAA,TTGCTGATCTG
1511,negative,5708,-0.5216004252433777,VT65295|0|MEMB006B|-|2950,2807,no,GCCGAA,AAGGTGATGAA,TTACTGAACTG
1512,negative,5708,-0.5216004252433777,VT65295|0|MEMB006C|+|2238,2083,no,GCCGAA,GAAGTGAAAAA,TTGCTGAATTG
1513,negative,5708,3.2857544422149663,VT65295|0|MEMB007B|-|2640,2485,no,GCCAAG,AAGGTGGTCAA,TGTCCACGGTG
1514,negative,5708,-0.5216004252433777,VT65295|0|MEMB007C|+|2249,2104,no,GCCGCA,AAGGTGATGGC,TTTCTAACCTG
1515,negative,5708,0.6483245491981506,VT65295|0|MEMB007D|-|2925,2775,no,GCCAGC,AGGGTGGGTAA,TGGCTACCTTG
1516,negative,5708,-0.5216004252433777,VT65295|0|MEMB008C|-|2328,2173,no,GCCGAA,AAAGTGAGGAA,TGTCTAACTTG
1517,negative,5708,-1.1065629720687866,VT65295|0|dkik|-|3985,3832,no,GCTGCA,AAGGTGGTAAC,TTTCTAACCTG
1518,negative,5717,3.2857544422149663,VT65295|0|MEMB002A|+|3572,3426,no,ACCACG,TTGGCCAAGAA,CGCCATTTGTG
1519,negative,5717,3.2857544422149663,VT65295|0|MEMB002C|-|3210,3064,no,ACCACG,TTGGCCAAGAA,CGCCATTTGTG
1520,negative,5717,-2.5216004848480225,VT65295|0|MEMB002D|+|2569,2427,no,TCTGGC,CTGGCCGCAAG,CGCCTTTTGTT
1521,negative,5717,-1.1065629720687866,VT65295|0|MEMB002E|-|2184,2035,no,TCTCAA,CTGGCCGGAAA,CGCCCTTTGTT
1522,negative,5717,0.5938767790794373,VT65295|0|MEMB002F|-|2530,2374,no,GTCGAT,TTGGCCCAGAA,CGCCATTTGTG
1523,negative,5717,2.0633621215820312,VT65295|0|MEMB003A|-|2218,2074,no,TCTAAC,CTGGCTGCAAA,CGCCATTTGTT
1524,negative,5717,2.0633621215820312,VT65295|0|MEMB003B|-|2439,2299,no,TCTAAC,CTGGCCGCAAA,CGGAGTTTGTT
1525,negative,5717,3.2857544422149663,VT65295|0|MEMB003C|+|2464,2318,no,ACCACG,TTGGCCAAGAA,CGCCATTTGTG
1526,negative,5717,2.0633621215820312,VT65295|0|MEMB003D|-|2218,2074,no,TCTAAC,CTGGCTGCAAA,CGCCATTTGTT
1527,negative,5717,-1.1065629720687866,VT65295|0|MEMB003F|-|2339,2196,no,GCTGAA,CTGGCCGAAAA,CGCCCTTTGTT
1528,negative,5717,-1.1065629720687866,VT65295|0|MEMB004B|+|2160,2016,no,TCTGAA,GTGGTCGAAAA,CGGCCTTTGTT
1529,negative,5717,-0.5216004252433777,VT65295|0|MEMB004E|-|2307,2163,no,ACTGAC,CTGGCCGAAGC,CACCCTTTGTA
1530,negative,5717,-0.5216004252433777,VT65295|0|MEMB005B|+|2303,2159,no,GCTGAC,GTGGCCGAAAA,CGGCCTTTGTT
1531,negative,5717,0.008914276957511902,VT65295|0|MEMB005D|-|2647,2504,no,GCTGAT,CTGGCCGAAAG,CGCCCTTTGTT
1532,negative,5717,0.008914276957511902,VT65295|0|MEMB006A|-|2731,2588,no,GCTGAT,CTGGCCGAAAG,CGCCCTTTGTT
1533,negative,5717,-1.1065629720687866,VT65295|0|MEMB006B|-|2950,2816,no,ACTGAA,CTGGCCGAAAA,CGCCATTTCTT
1534,negative,5717,-1.1065629720687866,VT65295|0|MEMB006C|+|2238,2092,no,GCTGAA,TTGGCCGAAGA,AGCCATTTGTT
1535,negative,5717,3.2857544422149663,VT65295|0|MEMB007B|-|2640,2494,no,TCCACG,GTGGCCAAGAA,CGCCATTTGTG
1536,negative,5717,2.0633621215820312,VT65295|0|MEMB007C|+|2249,2113,no,TCTAAC,CTGGCCGCAAA,CGGAGTTTGTT
1537,negative,5717,2.0633621215820312,VT65295|0|MEMB007D|-|2925,2784,no,GCTACC,TTGGCCAGCAG,CGGAATTTGTG
1538,negative,5717,2.0633621215820312,VT65295|0|MEMB008C|-|2328,2182,no,TCTAAC,TTGGCCGAAAA,CTGCCTTTGTG
1539,negative,5717,2.0633621215820312,VT65295|0|dkik|-|3985,3841,no,TCTAAC,CTGGCTGCAAA,CGCCATTTGTT
1540,negative,5741,3.2857544422149663,VT65295|0|MEMB002A|+|3572,3450,no,TACACG,CCCAAAACGCC,ATAACCTGGCG
1541,negative,5741,2.0633621215820312,VT65295|0|MEMB002C|-|3210,3088,no,TACACA,CCCAAAACGCC,ATAACCTGGCG
1542,negative,5741,2.0633621215820312,VT65295|0|MEMB002D|+|2569,2451,no,TACACA,CCCAATACGCC,TGAACCTGGGC
1543,negative,5741,1.4783995151519775,VT65295|0|MEMB002E|-|2184,2059,no,TATACA,CCCAATACGCC,TGAACCTGGGC
1544,negative,5741,2.0633621215820312,VT65295|0|MEMB002F|-|2530,2398,no,TACACA,CCCAAATCGCC,TAAACCTGGCC
1545,negative,5741,2.0633621215820312,VT65295|0|MEMB003A|-|2218,2098,no,TACACA,CCCAAGACGCC,TGAACCTGGGC
1546,negative,5741,2.0633621215820312,VT65295|0|MEMB003B|-|2439,2323,no,TACACA,CCCAATACGGA,TAAACCTGGGC
1547,negative,5741,2.0633621215820312,VT65295|0|MEMB003C|+|2464,2342,no,TACACA,CCCAAAACGCC,ACAACCTGGCG
1548,negative,5741,2.0633621215820312,VT65295|0|MEMB003D|-|2218,2098,no,TACACA,CCCAAGACGCC,TGAACCTGGGC
1549,negative,5741,2.0633621215820312,VT65295|0|MEMB003F|-|2339,2220,no,TACACA,CCCAAGACGCC,TGAACCTGGGC
1550,negative,5741,2.648324489593506,VT65295|0|MEMB004B|+|2160,2040,no,TACACC,CCCAAGACGGC,TGAGCCTGGGC
1551,negative,5741,2.648324489593506,VT65295|0|MEMB004E|-|2307,2187,no,TACACC,CCAAATACACC,TAAACCTGGGC
1552,negative,5741,2.648324489593506,VT65295|0|MEMB005B|+|2303,2183,no,TACACC,CCCCCGACGGC,TGAATCTGGGC
1553,negative,5741,3.2857544422149663,VT65295|0|MEMB005D|-|2647,2528,no,TACACG,CCCAATACGCC,TGAACCTGGGC
1554,negative,5741,2.0633621215820312,VT65295|0|MEMB006A|-|2731,2612,no,TACACA,CCCAATACGCC,TGAACCTGGGC
1555,negative,5741,2.0633621215820312,VT65295|0|MEMB006B|-|2950,2840,no,TACACA,CCCAATACGCC,TGAACCTGGGC
1556,negative,5741,2.648324489593506,VT65295|0|MEMB006C|+|2238,2116,no,TACACC,CCCAATAAGCC,TGAGCCTGGGA
1557,negative,5741,2.0633621215820312,VT65295|0|MEMB007B|-|2640,2518,no,TACACA,CCCAAAACGCC,ATAACCTGGCC
1558,negative,5741,2.0633621215820312,VT65295|0|MEMB007C|+|2249,2137,no,TACACA,CCCAACACGGA,TAAACCTGGGC
1559,negative,5741,1.4783995151519775,VT65295|0|MEMB007D|-|2925,2808,no,TATACA,CCGCAGACGGA,TCAACCTGGCC
1560,negative,5741,2.648324489593506,VT65295|0|MEMB008C|-|2328,2206,no,TACACC,CCCAATACTGC,TGAACCTGGGC
1561,negative,5741,2.0633621215820312,VT65295|0|dkik|-|3985,3865,no,TACACA,CCCAAGACGCC,TGAACCTGGGC
1562,negative,5775,3.2857544422149663,VT65295|0|MEMB002A|+|3572,3484,no,CTCAAG,GCGGGAGAAGT,GGAATGGCGGA
1563,negative,5775,3.2857544422149663,VT65295|0|MEMB002C|-|3210,3122,no,CTCAAG,GCGGGAGAAGG,GGAATGGCGGA
1564,negative,5775,0.7007919549942017,VT65295|0|MEMB002D|+|2569,2485,no,CTCGAG,GCGGGAAAAGA,AGTATGACGGA
1565,negative,5775,3.2857544422149663,VT65295|0|MEMB002E|-|2184,2093,no,CTCAAG,GCGGGAAAAGA,AGTGTGACGGA
1566,negative,5775,0.7007919549942017,VT65295|0|MEMB002F|-|2530,2432,no,CTCCAG,GCGGGAGAAGA,GGAATGTCGGA
1567,negative,5775,3.2857544422149663,VT65295|0|MEMB003A|-|2218,2132,no,CTCAAG,GCGGGAGAAAA,GGAGTGATTGA
1568,negative,5775,0.7007919549942017,VT65295|0|MEMB003B|-|2439,2357,no,CTCGAG,GCGAGAGAAGA,AGTATGACGGA
1569,negative,5775,3.2857544422149663,VT65295|0|MEMB003C|+|2464,2376,no,CTCAAG,GCGGGAGAAGT,GGAATGGCGGA
1570,negative,5775,3.2857544422149663,VT65295|0|MEMB003D|-|2218,2132,no,CTCAAG,GCGGGAGAAAA,GGAGTGATTGA
1571,negative,5775,3.2857544422149663,VT65295|0|MEMB003F|-|2339,2254,no,CTCAAG,GCGGGAGAAGA,AGTGTGACAGA
1572,negative,5775,3.2857544422149663,VT65295|0|MEMB004B|+|2160,2074,no,CTCAAG,GCGGGAGAAGA,AGTGTGTCGGA
1573,negative,5775,3.2857544422149663,VT65295|0|MEMB004E|-|2307,2221,no,CTCAAG,GCGGGAGAAGA,AGTGTGACGGA
1574,negative,5775,3.2857544422149663,VT65295|0|MEMB005B|+|2303,2217,no,CTCAAG,GCGGGAGAAGA,AGTGTGACGGA
1575,negative,5775,0.7007919549942017,VT65295|0|MEMB005D|-|2647,2562,no,CTCCAG,GCGGCAGAAGA,AGTGTGACGGA
1576,negative,5775,0.7007919549942017,VT65295|0|MEMB006A|-|2731,2646,no,CTCCAG,GCGGGAGAAGA,AGTGTGACGGA
1577,negative,5775,3.2857544422149663,VT65295|0|MEMB006B|-|2950,2874,no,TTCAAG,GCGAGAAAAGA,AGTATAACGGA
1578,negative,5775,0.7007919549942017,VT65295|0|MEMB006C|+|2238,2150,no,CTCGAG,ACGGGAGAAGA,AGTGTGACGGA
1579,negative,5775,3.2857544422149663,VT65295|0|MEMB007B|-|2640,2552,no,CTCAAG,GCGGGAGAAGT,GGAATGGCAGA
1580,negative,5775,3.2857544422149663,VT65295|0|MEMB007C|+|2249,2171,no,CTCAAG,GCGAGAGAAGA,AGTATGACGGA
1581,negative,5775,3.2857544422149663,VT65295|0|MEMB007D|-|2925,2842,no,CTCAAG,GCGCGAGAAGA,GGGATGACGGA
1582,negative,5775,3.2857544422149663,VT65295|0|MEMB008C|-|2328,2240,no,CTCAAG,GCGGGAGAAGA,AGTGTGACGGA
1583,negative,5775,3.2857544422149663,VT65295|0|dkik|-|3985,3899,no,CTCAAG,GCGGGAGAAAA,GGAGTGATTGA
1584,positive,5791,3.1788392066955566,VT65295|0|MEMB002A|+|3572,3500,no,CACTGA,GTCCGCCATTC,CATCGGATGTG
1585,positive,5791,3.1788392066955566,VT65295|0|MEMB002C|-|3210,3138,no,CACTGA,GTCCGCCATTC,CATCGGATGTG
1586,positive,5791,0.008914276957511902,VT65295|0|MEMB002D|+|2569,2501,no,TCCTAA,GTCCGTCATAC,GGTATTGAAGT
1587,positive,5791,0.008914276957511902,VT65295|0|MEMB002E|-|2184,2109,no,TCCTAA,GTCCGTCACAC,GATATTGAGGT
1588,positive,5791,3.1788392066955566,VT65295|0|MEMB002F|-|2530,2448,yes,CACTGA,GTCCGACATTC,GAGGACCACAG
1589,positive,5791,0.5938767790794373,VT65295|0|MEMB003A|-|2218,2148,no,CCCTAA,GTCAATCACTC,GGTACCGTACA
1590,positive,5791,0.008914276957511902,VT65295|0|MEMB003B|-|2439,2373,no,TCCTGA,GTCCGTCATAC,GGTATATGGAG
1591,positive,5791,3.1788392066955566,VT65295|0|MEMB003C|+|2464,2392,yes,CACTGA,GTCCGCCATTC,CATCGGATGTG
1592,positive,5791,0.5938767790794373,VT65295|0|MEMB003D|-|2218,2148,no,CCCTAA,GTCAATCACTC,GGTACCGTTCA
1593,positive,5791,0.008914276957511902,VT65295|0|MEMB003F|-|2339,2270,no,TCCTGA,GTCTGTCACAC,GGTACCATATC
1594,positive,5791,0.008914276957511902,VT65295|0|MEMB004B|+|2160,2090,no,TCCTGA,GTCCGACACAC,GGTAACGTTTC
1595,positive,5791,0.008914276957511902,VT65295|0|MEMB004E|-|2307,2237,no,TCCTGA,GTCCGTCACAC,GGTACCGTATC
1596,positive,5791,0.008914276957511902,VT65295|0|MEMB005B|+|2303,2233,no,TCCTGA,GTCCGTCACAC,GGTACCGTATC
1597,positive,5791,0.008914276957511902,VT65295|0|MEMB005D|-|2647,2578,no,TCCTGA,GTCCGTCACAC,GGTACCGTGTC
1598,positive,5791,0.008914276957511902,VT65295|0|MEMB006A|-|2731,2662,no,TCCTGA,GTCCGTCACAC,GGTACCGTGCC
1599,positive,5791,0.008914276957511902,VT65295|0|MEMB006B|-|2950,2890,no,TCCTGA,ATCCGTTATAC,GGTATATGGAG
1600,positive,5791,0.008914276957511902,VT65295|0|MEMB006C|+|2238,2166,no,TCCTGA,GTCCGTCACAC,GAGGTACCGTA
1601,positive,5791,3.1788392066955566,VT65295|0|MEMB007B|-|2640,2568,no,CACTGA,GTCTGCCATTC,CATCGGATGTG
1602,positive,5791,0.008914276957511902,VT65295|0|MEMB007C|+|2249,2187,no,TCCTGA,GTCCGTCATAC,GGTACATGGAG
1603,positive,5791,3.1788392066955566,VT65295|0|MEMB007D|-|2925,2858,no,CACTAA,GTCCGTCATCC,GTGTAATCGTA
1604,positive,5791,0.008914276957511902,VT65295|0|MEMB008C|-|2328,2256,no,TCCTGA,GTCCGTCACAC,GGCACCGCGTA
1605,positive,5791,0.5938767790794373,VT65295|0|dkik|-|3985,3915,no,CCCTTA,GTCAATCACTC,GGTACCGTACA
1606,negative,5863,3.1788392066955566,VT65295|0|MEMB002A|+|3572,3554,yes,TGCACT,CGACATTAGCG,TTAACGTAAGC
1607,negative,5863,3.1788392066955566,VT65295|0|MEMB002C|-|3210,3192,yes,TGCACT,CGACATTAGCT,TTAACGTAAGC
1608,negative,5863,0.5938767790794373,VT65295|0|MEMB002D|+|2569,2551,no,TGCGCT,CGAAACATAGG,TTACAGTAAGC
1609,negative,5863,0.5938767790794373,VT65295|0|MEMB002E|-|2184,2164,no,ATTATT,ATTAACCTAAC,ACAGTAAGCTT
1610,negative,5863,1.1788393259048462,VT65295|0|MEMB002F|-|2530,2512,no,TGCATT,TAACTTTAGCG,TTAACGTAAGC
1611,negative,5863,2.648324489593506,VT65295|0|MEMB003A|-|2218,2200,no,AGCACC,TGCAACATAAG,CTACAGTAAGC
1612,negative,5863,3.1788392066955566,VT65295|0|MEMB003B|-|2439,2419,yes,TGCACT,CCAGCCATACA,ACAGTAAGCTC
1613,negative,5863,1.5938767194747925,VT65295|0|MEMB003C|+|2464,2446,no,TGGACT,CGACATTAGCG,TTAACGTAAGC
1614,negative,5863,2.648324489593506,VT65295|0|MEMB003D|-|2218,2200,no,AGCACC,TGCAACATAAG,TTACAGTAAGC
1615,negative,5863,2.648324489593506,VT65295|0|MEMB003F|-|2339,2321,no,TTCACC,TAGACTTGAAC,TTACAGTAAGC
1616,negative,5863,3.1788392066955566,VT65295|0|MEMB004B|+|2160,2142,yes,TTCACT,TGAGACATAAG,TTACAGTAAGC
1617,negative,5863,2.593876838684082,VT65295|0|MEMB004E|-|2307,2289,no,TTTACT,CGAGATATAAG,TTACAGTAAGC
1618,negative,5863,2.0633621215820312,VT65295|0|MEMB005B|+|2303,2285,no,TTCAAA,CGAGACATAAG,TTACAGTAAGC
1619,negative,5863,3.1788392066955566,VT65295|0|MEMB005D|-|2647,2630,yes,CGCACT,CGAGACATTAG,ATTACAGTAAG
1620,negative,5863,3.1788392066955566,VT65295|0|MEMB006A|-|2731,2714,yes,CGCACT,CGAGACATTGG,ATTACAGTAAG
1621,negative,5863,3.1788392066955566,VT65295|0|MEMB006B|-|2950,2932,yes,TGCACT,CGAGGCATAAG,TTACAGTAAGC
1622,negative,5863,3.1788392066955566,VT65295|0|MEMB006C|+|2238,2220,yes,TTCACT,CTAGACATAAG,TTACAGTAAGC
1623,negative,5863,3.1788392066955566,VT65295|0|MEMB007B|-|2640,2622,yes,CGCACT,CGATATCAGCG,TTAACGTAAGC
1624,negative,5863,3.1788392066955566,VT65295|0|MEMB007C|+|2249,2229,yes,TGCACT,CCAGACACAAA,ACAGTAAGCTC
1625,negative,5863,2.593876838684082,VT65295|0|MEMB007D|-|2925,2906,no,TGTACT,CAAGGCATGAG,TAAGGTAAAGC
1626,negative,5863,3.1788392066955566,VT65295|0|MEMB008C|-|2328,2310,yes,TTCACT,CGAGACATAAG,TTACAGTAAGT
1627,negative,5863,2.648324489593506,VT65295|0|dkik|-|3985,3967,no,AGCACC,TGCAACATAAG,TTACAGTAAGC
1628,negative,121,1.7007919549942017,VT65295|0|MEMB002A|+|3572,111,no,CGGAAG,TGGCTGGCAGT,AGATCGAGAAG
1629,negative,121,3.2857544422149663,VT65295|0|MEMB002B|-|1683,111,no,CGCAAG,TGGCTGGCAGT,AGATCGAGAAG
1630,negative,121,1.7007919549942017,VT65295|0|MEMB002C|-|3210,111,no,CGGAAG,TGGCTGGCAGT,AGATCGAGAAG
1631,negative,121,3.2857544422149663,VT65295|0|MEMB002D|+|2569,111,no,CGCAAG,TGGCTGGCAAT,AGATCGAGAAA
1632,negative,121,3.2857544422149663,VT65295|0|MEMB002E|-|2184,111,no,CGCAAG,TGGCTGGCAAT,AGATCGAGAAA
1633,negative,121,3.2857544422149663,VT65295|0|MEMB002F|-|2530,111,no,CGCAAG,TGGCTGGCAGT,AGATCGAGAAG
1634,negative,121,3.2857544422149663,VT65295|0|MEMB003A|-|2218,111,no,CGCAAG,TGGCTGGCAGT,AGATTGAGAAA
1635,negative,121,3.2857544422149663,VT65295|0|MEMB003B|-|2439,111,no,CGCAAG,TGGATGGCAAT,AGATCGAGAAA
1636,negative,121,-0.5216004252433777,VT65295|0|MEMB003C|+|2464,91,no,CGTCAC,CAGCCGAGTCG,TTCTTGATCAG
1637,negative,121,3.2857544422149663,VT65295|0|MEMB003D|-|2218,111,no,CGCAAG,TGGCTGGCAGT,AGATTGAGAAA
1638,negative,121,3.2857544422149663,VT65295|0|MEMB003F|-|2339,111,no,CGCAAG,TGGCTGGCAGT,AGATCGAGAAA
1639,negative,121,2.0633621215820312,VT65295|0|MEMB004A|-|1649,111,no,CGCAAA,TGGCTGGCAGT,AGATCGAGAAG
1640,negative,121,3.2857544422149663,VT65295|0|MEMB004B|+|2160,111,no,CGCAAG,TGGCTGGCAGT,AGATCGAGAAA
1641,negative,121,3.2857544422149663,VT65295|0|MEMB004E|-|2307,111,no,CGCAAG,TGGCTGGCACT,AGATCGAGAAA
1642,negative,121,3.2857544422149663,VT65295|0|MEMB005B|+|2303,111,no,CGCAAG,TGGCTGGCAAT,AGATCGAGAAA
1643,negative,121,1.7007919549942017,VT65295|0|MEMB005D|-|2647,111,no,CGGAAG,TGGCTGGCATT,AGATCGAGAAG
1644,negative,121,1.7007919549942017,VT65295|0|MEMB006A|-|2731,111,no,CGGAAG,TGGCTGGCACT,AGATCGAGAAA
1645,negative,121,3.2857544422149663,VT65295|0|MEMB006B|-|2950,111,no,CGCAAG,TGGCTGGCTGT,AGATTGAGAAA
1646,negative,121,3.2857544422149663,VT65295|0|MEMB006C|+|2238,111,no,CGCAAG,TGGCTGGCAGT,AGATCGAGAAA
1647,negative,121,1.7007919549942017,VT65295|0|MEMB007B|-|2640,111,no,CGGAAG,TGGCTGGCAGT,AGATCGAGAAG
1648,negative,121,3.2857544422149663,VT65295|0|MEMB007C|+|2249,111,no,CGCAAG,TGGATGGCAAT,AGATCGAGAAA
1649,negative,121,3.2857544422149663,VT65295|0|MEMB007D|-|2925,111,no,CGCAAG,TGGCTGGCAGT,AGATTGAGAAG
1650,negative,121,3.2857544422149663,VT65295|0|MEMB008C|-|2328,111,no,CGCAAG,TGGCTGGCAAT,AGATCGAGAAA
1651,negative,121,3.2857544422149663,VT65295|0|dkik|-|3985,111,no,CGCAAG,TGGCTGGCAGT,AGATTGAGAAA
1652,negative,211,2.7007920742034908,VT65295|0|MEMB002A|+|3572,201,no,AATAAG,AAACTAACCGT,AGCATGGACTG
1653,negative,211,3.2857544422149663,VT65295|0|MEMB002B|-|1683,201,no,AACAAG,AAACTAACCGT,AGCATGGACTG
1654,negative,211,3.2857544422149663,VT65295|0|MEMB002C|-|3210,201,no,AACAAG,AAGCTAACCGT,AGCATGGACTG
1655,negative,211,0.7007919549942017,VT65295|0|MEMB002D|+|2569,201,no,AACGAG,AAGCTAACAGT,AGCATGGCCTG
1656,negative,211,0.1158294826745987,VT65295|0|MEMB002E|-|2184,201,no,AATGAG,AAGCTAACAGT,AGCATGGACTA
1657,negative,211,0.7007919549942017,VT65295|0|MEMB002F|-|2530,201,no,AATAGG,AAACTAACCGT,AGCACGGACTG
1658,negative,211,3.2857544422149663,VT65295|0|MEMB003A|-|2218,201,no,AACAAG,AAGCTAACAGT,AGCATGGACTT
1659,negative,211,0.7007919549942017,VT65295|0|MEMB003B|-|2439,201,no,AACGAG,AAGCTAACAGT,AGCATGGACTG
1660,negative,211,1.2857544422149658,VT65295|0|MEMB003C|+|2464,145,no,AACAGG,CAGAAGGAGAA,AGAATGTATGT
1661,negative,211,3.2857544422149663,VT65295|0|MEMB003D|-|2218,201,no,AACAAG,AAGCTAACAGT,AGCATGGACTT
1662,negative,211,-0.5216004252433777,VT65295|0|MEMB003F|-|2339,201,no,AACGAA,AAGCTAACCGT,AGCATGGACTG
1663,negative,211,3.2857544422149663,VT65295|0|MEMB004A|-|1649,201,no,AACAAG,AAACTAACCGT,AGCATGGACTG
1664,negative,211,0.7007919549942017,VT65295|0|MEMB004B|+|2160,201,no,AACGAG,AAGCTAACAGT,AGCACGGACTG
1665,negative,211,0.7007919549942017,VT65295|0|MEMB004E|-|2307,201,no,AACGAG,AAGCTAACAGT,AGCATGGACTG
1666,negative,211,0.7007919549942017,VT65295|0|MEMB005B|+|2303,201,no,AACGAG,AAGCTAACAGT,AGCATGGACTG
1667,negative,211,0.7007919549942017,VT65295|0|MEMB005D|-|2647,201,no,AACGAG,AAGCTGACGGT,AGCATGGACTG
1668,negative,211,0.7007919549942017,VT65295|0|MEMB006A|-|2731,201,no,AACGAG,AAGCTGACGGT,AGCATGGACTG
1669,negative,211,0.06336206197738647,VT65295|0|MEMB006B|-|2950,201,no,AACGAC,AAGCTAACAGT,AGCATGGACTG
1670,negative,211,0.7007919549942017,VT65295|0|MEMB006C|+|2238,201,no,AACGAG,AAGCTAACAGT,AGCATGGACTG
1671,negative,211,2.7007920742034908,VT65295|0|MEMB007B|-|2640,201,no,AATAAG,AAACTAACCGT,AGCATGGACTG
1672,negative,211,0.7007919549942017,VT65295|0|MEMB007C|+|2249,201,no,AACGAG,AAGCTAACAGT,AGCATGGACTG
1673,negative,211,3.2857544422149663,VT65295|0|MEMB007D|-|2925,201,no,AACAAG,AAGCTAACAGT,AGCATGGACTG
1674,negative,211,0.7007919549942017,VT65295|0|MEMB008C|-|2328,201,no,AACGAG,AAGCTAACAGT,AGCATGGACTG
1675,negative,211,3.2857544422149663,VT65295|0|dkik|-|3985,201,no,AACAAG,AAGCTAACAGT,AGCATGGACTT
1676,negative,429,-2.8841705322265625,VT65295|0|MEMB002A|+|3572,322,no,AAGGTG,TAGAAAGTTCT,TTGCGATAGAC
1677,negative,429,3.2857544422149663,VT65295|0|MEMB002B|-|1683,313,no,CACACG,TATAACGTACT,CTGCGATAGAT
1678,negative,429,-2.8841705322265625,VT65295|0|MEMB002C|-|3210,307,no,AAGGTG,TAAAAAGTTCT,TTGCGATAGAC
1679,negative,429,1.2857544422149658,VT65295|0|MEMB002F|-|2530,319,no,AGCATG,TAGAAAGTACT,TGGTATTTGCA
1680,negative,429,-2.8841705322265625,VT65295|0|MEMB007B|-|2640,322,no,ACGGTG,TAAAAAGTTCT,TTGCGATAGAC
1681,negative,429,-0.8841705322265625,VT65295|0|MEMB007D|-|2925,413,no,TTGTAG,AAAATAATCTT,ATATTTCCCGT
1682,positive,730,-0.29920801520347595,VT65295|0|MEMB002A|+|3572,623,no,gaggat,gcggaaacgtt,gttgcggaagg
1683,positive,730,3.1788392066955566,VT65295|0|MEMB002B|-|1683,381,no,CAATGT,ACGCAAACTCT,GCAAAGGCTCA
1684,positive,730,0.4783995747566223,VT65295|0|MEMB002C|-|3210,375,no,gaaacc,taaacaagtaa,tacagtcgact
1685,positive,730,2.0633621215820312,VT65295|0|MEMB002F|-|2530,381,no,TAACAA,TTGAAAGAGCT,GAAAAGCTAAT
1686,positive,730,3.1788392066955566,VT65295|0|MEMB004A|-|1649,357,no,CAATGT,ACGGTAACTCT,GCAATAGCTCA
1687,positive,730,2.648324489593506,VT65295|0|MEMB007D|-|2925,477,no,CAACAA,CAACAACAAGG,ATAATAAAGAC
1688,positive,1019,-1.8841705322265625,VT65295|0|MEMB002A|+|3572,912,no,tttgca,aactcttggtt,tcacgataatg
1689,positive,1019,3.2857544422149663,VT65295|0|MEMB002B|-|1683,437,no,CAAGAA,AAAGAGCATAA,AAGTTCAACTT
1690,positive,1019,-1.1065629720687866,VT65295|0|MEMB002C|-|3210,609,no,TGAAAT,TCCGATTTTAC,CCGATTTAGGA
1691,positive,1019,-0.29920801520347595,VT65295|0|MEMB002F|-|2530,450,no,AAGGAA,TAAGGACGACA,ATATTAAGCTA
1692,positive,1019,3.2857544422149663,VT65295|0|MEMB004A|-|1649,413,no,CAAGAA,AAAGAGCGTAA,AAGCTCAACTA
1693,negative,1445,-1.5216004848480225,VT65295|0|MEMB002A|+|3572,1312,no,GGGAGA,ATTAATTATTA,CAATTCATAGG
1694,negative,1445,3.1788392066955566,VT65295|0|MEMB002B|-|1683,518,no,GACAAT,AGTTGAAATGG,GGTATCTGGGG
1695,negative,1445,-1.5216004848480225,VT65295|0|MEMB002C|-|3210,958,no,GGGAGA,ATTAAGAGCTC,CAATTCTTAGG
1696,negative,1445,-2.8841705322265625,VT65295|0|MEMB002D|+|2569,350,no,GAGGGG,TCTTGAAATAT,CGGTAAGTGGG
1697,negative,1445,-2.991085767745972,VT65295|0|MEMB002E|-|2184,348,no,GAGGGT,TCTTTAATTAT,CGGTAGGTGGG
1698,negative,1445,0.008914276957511902,VT65295|0|MEMB003A|-|2218,299,no,GATGCT,TTGTGTGTGAG,CGGTAGGTAGG
1699,negative,1445,-1.991085767745972,VT65295|0|MEMB003B|-|2439,345,no,ACTGGT,TCTTAAATTAT,GAGTACGTAGA
1700,negative,1445,-1.5216004848480225,VT65295|0|MEMB003C|+|2464,235,no,GGGAGA,ATTAAGAGCTC,CAATTCTTAGG
1701,negative,1445,0.008914276957511902,VT65295|0|MEMB003D|-|2218,299,no,GATGCT,TTGTGTGTGAG,CGGTAGGTAGG
1702,negative,1445,-0.9910857081413268,VT65295|0|MEMB003F|-|2339,352,no,GAGTAT,TCTTTATATAT,CGGTACGTGGG
1703,negative,1445,3.1788392066955566,VT65295|0|MEMB004A|-|1649,513,no,GACAAT,TAGAAGCTTGT,GGTATCTGGGG
1704,negative,1445,-2.991085767745972,VT65295|0|MEMB004E|-|2307,352,no,GAGGGT,TCTTTATATAT,GGTACGTGGGG
1705,negative,1445,-0.9910857081413268,VT65295|0|MEMB006A|-|2731,353,no,CAGGAT,TCTTTGGCTAT,CGGTAGGTAGG
1706,negative,1445,-2.991085767745972,VT65295|0|MEMB006B|-|2950,363,no,GCGGGT,ACTTTTATTTT,CGGTAGGTAGA
1707,negative,1445,-2.991085767745972,VT65295|0|MEMB006C|+|2238,342,no,GAGGGT,TCTTTATGTAT,CGGTACGTAGG
1708,negative,1445,-1.5216004848480225,VT65295|0|MEMB007B|-|2640,405,no,GGGAGA,ATTAAGAGCTC,CAATTCTTAGG
1709,negative,1445,-1.991085767745972,VT65295|0|MEMB007C|+|2249,311,no,ACTGGT,TCTTAAATTAT,GAGTAGGTAGA
1710,negative,1445,2.648324489593506,VT65295|0|MEMB007D|-|2925,685,no,AACAAC,TTAAAGTCATT,TTTTTACTAGA
1711,negative,1445,-2.991085767745972,VT65295|0|MEMB008C|-|2328,354,no,GAGGGT,TCTTTATATAT,CGGTACGTAGG
1712,negative,1445,0.008914276957511902,VT65295|0|dkik|-|3985,299,no,GATGCT,TTGTGTGTGAG,CGGTAGGTAGG
1713,positive,1530,2.0633621215820312,VT65295|0|MEMB002A|+|3572,1385,no,CAAAGG,ACCGAGCCGCG,GAACTTTAGAC
1714,positive,1530,3.1788392066955566,VT65295|0|MEMB002B|-|1683,581,no,CAATGG,ACAGAGCCGCG,AAACTTTAGAC
1715,positive,1530,2.0633621215820312,VT65295|0|MEMB002C|-|3210,1031,no,CAAAGG,ACCGAGCCGCG,GAACTTTAGAC
1716,positive,1530,0.5938767790794373,VT65295|0|MEMB002D|+|2569,408,no,TATTGG,ACACTGCCGCG,GAATTTCAGCC
1717,positive,1530,0.5938767790794373,VT65295|0|MEMB002E|-|2184,406,no,TATTGG,ACAGTGCCGCG,GTATTTCAAGC
1718,positive,1530,3.2857544422149663,VT65295|0|MEMB002F|-|2530,578,no,CACGGG,ACACTGCCGCG,GAACTTCAGAC
1719,positive,1530,-0.4061232209205627,VT65295|0|MEMB003A|-|2218,357,no,AATTGG,ATACTGCCGCG,AAATTTCAAGC
1720,positive,1530,1.1788393259048462,VT65295|0|MEMB003B|-|2439,403,no,CAGTGG,ACAGTGCCGCG,GAATTTCAGGC
1721,positive,1530,2.593876838684082,VT65295|0|MEMB003C|+|2464,308,no,TAATGG,ACCGAGCCGCG,AAACTTTAGAC
1722,positive,1530,-0.4061232209205627,VT65295|0|MEMB003D|-|2218,357,no,AATTGG,ATACTGCCGCG,AAATTTCAAGC
1723,positive,1530,0.5938767790794373,VT65295|0|MEMB003F|-|2339,410,no,TATTGG,ATAGTGCCGCG,GTACTTCAGGC
1724,positive,1530,3.1788392066955566,VT65295|0|MEMB004A|-|1649,576,no,CAATGG,ACAGAGCCGCG,AAACTTTAGAC
1725,positive,1530,0.5938767790794373,VT65295|0|MEMB004B|+|2160,377,no,TATTGG,ACAGTGCCGCG,GTATTTCAGGC
1726,positive,1530,0.5938767790794373,VT65295|0|MEMB004E|-|2307,411,no,TATTGG,ACATTGCCGCG,GTATTTCAGGC
1727,positive,1530,0.5938767790794373,VT65295|0|MEMB005B|+|2303,392,no,TATTGG,ACAGTGCCTCG,GTATTTCAGGC
1728,positive,1530,-0.4061232209205627,VT65295|0|MEMB005D|-|2647,388,no,AATTGG,ACAGTGCCGCG,GAATTTCAGGC
1729,positive,1530,-0.4061232209205627,VT65295|0|MEMB006A|-|2731,411,no,AATTGG,ACAGTGCCGCG,GAATTTCAGGC
1730,positive,1530,0.5938767790794373,VT65295|0|MEMB006B|-|2950,421,no,TAGTGG,ACAGTGCCGCG,GAATTTAAGGC
1731,positive,1530,0.5938767790794373,VT65295|0|MEMB006C|+|2238,400,no,TATTGG,ACAGTGCCGCG,GTATTTCAGGC
1732,positive,1530,2.0633621215820312,VT65295|0|MEMB007B|-|2640,478,no,CAAAGG,ACCGAGCCGCG,AAACTTTAGAC
1733,positive,1530,1.1788393259048462,VT65295|0|MEMB007C|+|2249,369,no,CAGTGG,ACAGTGCCGCG,GAATTTCAGGC
1734,positive,1530,0.6483245491981506,VT65295|0|MEMB007D|-|2925,764,no,CATCGG,ACACTGCCGCG,AAACTTCAGAC
1735,positive,1530,0.5938767790794373,VT65295|0|MEMB008C|-|2328,412,no,TATTGG,ACAGTGCCGCG,GTATTTCAGGC
1736,positive,1530,-0.4061232209205627,VT65295|0|dkik|-|3985,357,no,AATTGG,GTACTGCCGCG,AAATTTCAAGC
1737,positive,1686,1.1788393259048462,VT65295|0|MEMB002A|+|3572,1541,no,CAGTCG,CTGACGTGGCG,CATTAGCTCAA
1738,positive,1686,3.1788392066955566,VT65295|0|MEMB002B|-|1683,737,no,CAATCG,CTGACGTGGCG,CATTAGCTCAA
1739,positive,1686,1.1788393259048462,VT65295|0|MEMB002C|-|3210,1187,no,CAGTCG,CTGACGTGGCG,CATTAGCTCAA
1740,positive,1686,2.0633621215820312,VT65295|0|MEMB002D|+|2569,564,no,CAAACG,CAAATGTGGCG,CATTAACTCAA
1741,positive,1686,1.1788393259048462,VT65295|0|MEMB002E|-|2184,562,no,CAGTCG,CTTATGTGGCG,CATTAACTCTA
1742,positive,1686,3.1788392066955566,VT65295|0|MEMB002F|-|2530,734,no,CAATCG,CTGACGTGCCG,CAATAGTTCTA
1743,positive,1686,3.1788392066955566,VT65295|0|MEMB003A|-|2218,513,no,CAATCT,CTGATGTGGCG,CATTAGCTCTA
1744,positive,1686,3.1788392066955566,VT65295|0|MEMB003B|-|2439,559,no,CAATCT,CTGACGCGGCG,CATTAGCTCTA
1745,positive,1686,1.1788393259048462,VT65295|0|MEMB003C|+|2464,464,no,CAGTCG,CTGACGTGGCG,CATTAGCTCAA
1746,positive,1686,3.1788392066955566,VT65295|0|MEMB003D|-|2218,513,no,CAATCT,CTGATGTGGCG,CATTAGCTCTA
1747,positive,1686,3.1788392066955566,VT65295|0|MEMB003F|-|2339,566,no,CAATCG,CTGACGTGGCG,CATTAGCTCTA
1748,positive,1686,3.1788392066955566,VT65295|0|MEMB004A|-|1649,732,no,CAATCG,CTGACGTGGCG,CATTAGCTCAA
1749,positive,1686,3.1788392066955566,VT65295|0|MEMB004B|+|2160,533,no,CAATCG,CTGATGTGGCG,CATCAGCTCTA
1750,positive,1686,3.1788392066955566,VT65295|0|MEMB004E|-|2307,567,no,CAATCG,CTGATGTGGCG,CATCAGCTCTG
1751,positive,1686,3.1788392066955566,VT65295|0|MEMB005B|+|2303,548,no,CAATCG,CTGATGTGACG,CATCAGCTCTA
1752,positive,1686,3.2857544422149663,VT65295|0|MEMB005D|-|2647,544,no,CAAGCG,CTGATGTGGCG,CATCAGCTCTA
1753,positive,1686,3.1788392066955566,VT65295|0|MEMB006A|-|2731,567,no,CAATCG,CTGATGTGGCG,CATTAGCTCTA
1754,positive,1686,3.1788392066955566,VT65295|0|MEMB006B|-|2950,577,no,CAATCG,CTGACACGGCG,CATTAGCTCTA
1755,positive,1686,3.1788392066955566,VT65295|0|MEMB006C|+|2238,556,no,CAATCG,CTGATGTGGCG,CATCAGCTCTA
1756,positive,1686,3.1788392066955566,VT65295|0|MEMB007B|-|2640,634,no,CAATCG,GTGACGTGGCG,CATTAGCTCAA
1757,positive,1686,3.1788392066955566,VT65295|0|MEMB007C|+|2249,525,no,CAATCG,CTGACGCGGCG,CATTAGCTCTA
1758,positive,1686,3.1788392066955566,VT65295|0|MEMB007D|-|2925,920,no,CAATCG,CTGACCTGACG,TAGAAGCTCTA
1759,positive,1686,3.1788392066955566,VT65295|0|MEMB008C|-|2328,568,no,CAATCG,CTGATGTGGCG,CATCAGCTCTA
1760,positive,1686,3.1788392066955566,VT65295|0|dkik|-|3985,513,no,CAATCT,CTGATGTGGCG,CATTAGCTCTA
1761,positive,1700,2.648324489593506,VT65295|0|MEMB002A|+|3572,1555,no,CAACGC,TCGCATTAGCT,TGCCAGCGTCG
1762,positive,1700,3.1788392066955566,VT65295|0|MEMB002B|-|1683,751,no,CAATGC,TCGCATTAGCT,TGCCAGCGAAG
1763,positive,1700,2.648324489593506,VT65295|0|MEMB002C|-|3210,1201,no,CAACGC,TCGCATTAGCT,TGCCAGCGTCG
1764,positive,1700,3.1788392066955566,VT65295|0|MEMB002D|+|2569,578,no,CAATGA,ACGCATTAACT,TGCCAGCGTCG
1765,positive,1700,0.5938767790794373,VT65295|0|MEMB002E|-|2184,576,no,CTATGA,TCGCATTAACT,TGCCAGCGTCT
1766,positive,1700,0.06336206197738647,VT65295|0|MEMB002F|-|2530,748,no,CTACGC,TCGCAATAGTT,TGCCAGAGTCG
1767,positive,1700,0.06336206197738647,VT65295|0|MEMB003A|-|2218,527,no,CTACGA,TCTCATTAGCT,CGCCAGCGTCG
1768,positive,1700,0.06336206197738647,VT65295|0|MEMB003B|-|2439,573,no,CTACGA,TCTCATTAGCT,CGCCAGCGTCG
1769,positive,1700,2.648324489593506,VT65295|0|MEMB003C|+|2464,478,no,CAACGC,TCGCATTAGCT,TGCCAGCGTCG
1770,positive,1700,0.06336206197738647,VT65295|0|MEMB003D|-|2218,527,no,CTACGA,TCTCATTAGCT,CGCCAGCGTCG
1771,positive,1700,0.5938767790794373,VT65295|0|MEMB003F|-|2339,580,no,CTATAA,TCGCATTAGCT,TGCCAGCGTCG
1772,positive,1700,3.1788392066955566,VT65295|0|MEMB004A|-|1649,746,no,CAATGC,TCGCATTAGCT,TGCCAGCGGTG
1773,positive,1700,0.5938767790794373,VT65295|0|MEMB004B|+|2160,547,no,CTATAA,TCGCATCAGCT,TGCCAGCGTCG
1774,positive,1700,-1.4061232805252075,VT65295|0|MEMB004E|-|2307,581,no,CTGTAA,TCGCATCAGCT,TGCCCGCGTCG
1775,positive,1700,0.06336206197738647,VT65295|0|MEMB005B|+|2303,562,no,CTACAA,TCGCATCAGCT,TGCCAGCGTCG
1776,positive,1700,0.5938767790794373,VT65295|0|MEMB005D|-|2647,558,no,CTATGA,GCGCATCAGCT,TGCCAGCGTCT
1777,positive,1700,0.5938767790794373,VT65295|0|MEMB006A|-|2731,581,no,CTATGA,TCGCATTAGCT,TGCCAGCGTCT
1778,positive,1700,0.5938767790794373,VT65295|0|MEMB006B|-|2950,591,no,CTATGA,TCGCATTAGCT,TGTTAGCGTCG
1779,positive,1700,0.5938767790794373,VT65295|0|MEMB006C|+|2238,570,no,CTATAA,TCGCATCAGCT,TGCCAGCGTCG
1780,positive,1700,2.648324489593506,VT65295|0|MEMB007B|-|2640,648,no,CAACGC,TCGCATTAGCT,TGCCTGCGTCA
1781,positive,1700,0.06336206197738647,VT65295|0|MEMB007C|+|2249,539,no,CTACAA,TCGCATTAGCT,GACCAGCGTCG
1782,positive,1700,0.06336206197738647,VT65295|0|MEMB007D|-|2925,934,no,CTACGC,TCGTAGAAGCT,TGCCAACGTCG
1783,positive,1700,0.5938767790794373,VT65295|0|MEMB008C|-|2328,582,no,CTATAA,TCGCATCAGCT,TGCCAGCGTCG
1784,positive,1700,0.06336206197738647,VT65295|0|dkik|-|3985,527,no,CTACGA,TCTCATTAGCT,CGCCAGCGTCG
1785,positive,2077,2.0633621215820312,VT65295|0|MEMB002A|+|3572,1932,no,CACAGG,ACATAAAGAGC,ACCAGGGCAAA
1786,positive,2077,3.1788392066955566,VT65295|0|MEMB002B|-|1683,1128,no,CACTGG,ACATAAAAAGC,ACCAGCCCGAA
1787,positive,2077,2.0633621215820312,VT65295|0|MEMB002C|-|3210,1578,no,CACAGG,ACATAAAGAAC,ACCAGGGCAAA
1788,positive,2077,2.0633621215820312,VT65295|0|MEMB002D|+|2569,955,no,CACACG,ATGTAAAGAGC,ACCAGAGCAAA
1789,positive,2077,2.0633621215820312,VT65295|0|MEMB002E|-|2184,953,no,CACACG,ATGTAAAGAGC,CCCAGAGCAAA
1790,positive,2077,2.0633621215820312,VT65295|0|MEMB002F|-|2530,1125,no,CACACG,ACATAAATAGC,ACCAGAGCAAA
1791,positive,2077,2.0633621215820312,VT65295|0|MEMB003A|-|2218,904,no,CACATG,AAGCAAAGAGC,GCCAGGCCAAA
1792,positive,2077,3.2857544422149663,VT65295|0|MEMB003B|-|2439,950,no,CAAGCG,ATGTAAATAGC,CCCAGAGCGAA
1793,positive,2077,2.0633621215820312,VT65295|0|MEMB003C|+|2464,855,no,CACAGG,ACATAAAGAGC,ACCAGGGCAAA
1794,positive,2077,2.0633621215820312,VT65295|0|MEMB003D|-|2218,904,no,CACATG,ACGCAAAGAGC,GCCAGGCCAAA
1795,positive,2077,2.0633621215820312,VT65295|0|MEMB003F|-|2339,957,no,CACAGG,ACGTGAACAGC,CAAAGAGCAAA
1796,positive,2077,3.1788392066955566,VT65295|0|MEMB004A|-|1649,1123,no,CACTGG,ACATAAAAAGC,ACCAGCCCGAA
1797,positive,2077,2.0633621215820312,VT65295|0|MEMB004B|+|2160,924,no,CACAGG,ACGTAAAGAGC,CACAGAGCAAA
1798,positive,2077,2.0633621215820312,VT65295|0|MEMB004E|-|2307,955,no,CACAGG,ACGTAAAGAGC,CACAGTGCAAA
1799,positive,2077,2.0633621215820312,VT65295|0|MEMB005B|+|2303,939,no,CACAGG,ACGTAAAGAGC,CACAAAGCAAA
1800,positive,2077,2.0633621215820312,VT65295|0|MEMB005D|-|2647,935,no,CACACG,ACGTAAAGAGC,CCCAGGGCAAA
1801,positive,2077,2.0633621215820312,VT65295|0|MEMB006A|-|2731,958,no,CACACG,ACGTAAAGAGC,CCCAGGGCGAA
1802,positive,2077,3.2857544422149663,VT65295|0|MEMB006B|-|2950,968,no,CACGCG,ATGTAAAGAGC,CCCAGAGCAAA
1803,positive,2077,2.0633621215820312,VT65295|0|MEMB006C|+|2238,947,no,CACAGG,ACGTAAAGAGC,CACAGACCAAC
1804,positive,2077,2.0633621215820312,VT65295|0|MEMB007B|-|2640,1025,no,CACAGG,ACATAAAGAGC,ACCAGGGCAAA
1805,positive,2077,3.2857544422149663,VT65295|0|MEMB007C|+|2249,916,no,CAAGCG,ATGAAAATAGC,CCTAGGGCAAA
1806,positive,2077,2.0633621215820312,VT65295|0|MEMB007D|-|2925,1311,no,CACACG,ACGTGAAGAGC,ACCAGGGCAAA
1807,positive,2077,2.0633621215820312,VT65295|0|MEMB008C|-|2328,959,no,CACAGG,ACGTAAAGAGC,CACAGGCCAAA
1808,positive,2077,2.0633621215820312,VT65295|0|dkik|-|3985,904,no,CACATG,ACGCAAAGAGC,GCCAGGCCAAA
1809,positive,2190,0.5938767790794373,VT65295|0|MEMB002A|+|3572,2045,no,CGCTAA,CCAATAAAGGC,CATATAGCCGG
1810,positive,2190,3.1788392066955566,VT65295|0|MEMB002B|-|1683,1241,no,CACTAC,CCGGCAAAAGC,CATTAAGCCGG
1811,positive,2190,-0.9910857081413268,VT65295|0|MEMB002C|-|3210,1691,no,AGCTAC,CCAATAAAGGC,CATATAGCCGG
1812,positive,2190,0.06336206197738647,VT65295|0|MEMB002D|+|2569,1068,no,CAGAAT,CAGATGAAGGC,AGCTAAGCCGG
1813,positive,2190,0.06336206197738647,VT65295|0|MEMB002E|-|2184,1066,no,CAGAAT,CAGACGAAGGC,AGCGAAGCCGG
1814,positive,2190,3.1788392066955566,VT65295|0|MEMB002F|-|2530,1238,no,CACTAC,CAGACAAAGGC,TGTTAAACCGG
1815,positive,2190,1.1788393259048462,VT65295|0|MEMB003A|-|2218,1017,no,CAGTAT,CAGACGAAGGC,CGATAAGCCGG
1816,positive,2190,0.06336206197738647,VT65295|0|MEMB003B|-|2439,1063,no,CAGAAC,CAGATGAAGGC,CGTTATGCCGG
1817,positive,2190,0.5938767790794373,VT65295|0|MEMB003C|+|2464,968,no,CGCTAC,GCAATAAAGGC,CATATAGCCGG
1818,positive,2190,1.1788393259048462,VT65295|0|MEMB003D|-|2218,1017,no,CAGTAT,CAGACGAAGGC,CGATAAACCGG
1819,positive,2190,0.06336206197738647,VT65295|0|MEMB003F|-|2339,1070,no,CAGAAT,AAGATGAAGGC,AGCTAAGCCGG
1820,positive,2190,3.1788392066955566,VT65295|0|MEMB004A|-|1649,1236,no,CACTAC,CCGACAAAGGC,CATTAAGCCGG
1821,positive,2190,0.06336206197738647,VT65295|0|MEMB004B|+|2160,1037,no,CAGAAT,ATTATGAAGGC,CGTTAAGCCGG
1822,positive,2190,0.06336206197738647,VT65295|0|MEMB004E|-|2307,1068,no,CAGAAT,AAGATGAAGGC,CGCTAGGCCGG
1823,positive,2190,0.06336206197738647,VT65295|0|MEMB005B|+|2303,1052,no,CAGAAT,ACGATGAAGGC,CGTTAACCCGG
1824,positive,2190,-0.5216004252433777,VT65295|0|MEMB005D|-|2647,1048,no,CCCAAT,AGGATGAAGGC,GGCTAAGCCGG
1825,positive,2190,-1.1065629720687866,VT65295|0|MEMB006A|-|2731,1071,no,TCCAAT,AAGATGAAGGC,CGCTAAGCCGG
1826,positive,2190,0.06336206197738647,VT65295|0|MEMB006B|-|2950,1081,no,CAGAAT,CAGATGAAGGC,CGCTAAGCCGG
1827,positive,2190,-0.5216004252433777,VT65295|0|MEMB006C|+|2238,1060,no,CCCAAT,AAGATGAAGGC,CGCTAAGCCGG
1828,positive,2190,0.5938767790794373,VT65295|0|MEMB007B|-|2640,1138,no,CGCTAC,CCGATAAAGGC,CATATAGCCGG
1829,positive,2190,-0.5216004252433777,VT65295|0|MEMB007C|+|2249,1029,no,TAGAAC,CAGATGAAAGC,CGTTAGGCTGA
1830,positive,2190,1.1788393259048462,VT65295|0|MEMB007D|-|2925,1424,no,CAGTAT,AAGATGAAGCT,CACCACGCCGG
1831,positive,2190,3.1788392066955566,VT65295|0|MEMB008C|-|2328,1072,no,CAATAT,ATGATGAATGC,CGTTAAGCCGG
1832,positive,2190,1.1788393259048462,VT65295|0|dkik|-|3985,1017,no,CAGTAT,CAGACGAAGGC,CGCTAAGCCGG
1833,negative,2564,1.5938767194747925,VT65295|0|MEMB002A|+|3572,2187,no,TTGAAT,ATATTTATAAG,GACCCAAACTT
1834,negative,2564,3.1788392066955566,VT65295|0|MEMB002B|-|1683,1369,no,CCCAAT,GTATATATCAG,TTATTTAATGA
1835,negative,2564,1.5938767194747925,VT65295|0|MEMB002C|-|3210,1833,no,TTGAAT,ATATTTATAAG,GACCCAAACTT
1836,negative,2564,-1.5216004848480225,VT65295|0|MEMB002D|+|2569,1201,no,TTGTAC,AATTGATTTAG,TATTGTAAAAC
1837,negative,2564,1.5938767194747925,VT65295|0|MEMB003C|+|2464,1110,no,TTGAAT,ATATTTATAAG,GACCCAAACTT
1838,negative,2564,-0.5216004252433777,VT65295|0|MEMB003F|-|2339,1174,no,CATTAC,GAATATGTTAG,CGATTCCTAAT
1839,negative,2564,3.1788392066955566,VT65295|0|MEMB004A|-|1649,1363,no,CCCAAT,GTATATATCAG,TTATCTAATGA
1840,negative,2564,-0.9910857081413268,VT65295|0|MEMB004B|+|2160,1141,no,TTATAT,GTAGTTCTTAG,CCAATCAGAAC
1841,negative,2564,-0.9910857081413268,VT65295|0|MEMB004E|-|2307,1176,no,TAATAT,ATAGTTTTTAG,CCATTCATTGC
1842,negative,2564,-2.991085767745972,VT65295|0|MEMB005B|+|2303,1156,no,TTATTT,GTAGTTATTAG,CCAATGAGTAC
1843,negative,2564,1.5938767194747925,VT65295|0|MEMB005D|-|2647,1352,no,AAAACT,GTTAAAATTGG,AAGTGTCTCGT
1844,negative,2564,-0.4061232209205627,VT65295|0|MEMB006A|-|2731,1414,no,CCAATT,GTTACAATTGG,TTGCAATTGTT
1845,negative,2564,-0.8841705322265625,VT65295|0|MEMB006C|+|2238,1164,no,CCATAG,TTAGTTATTAG,TCGGAACGTAA
1846,negative,2564,-1.5216004848480225,VT65295|0|MEMB007B|-|2640,1261,no,TTGTAC,ATATAATTTCT,GACACAAACTT
1847,negative,2564,-2.991085767745972,VT65295|0|MEMB007D|-|2925,1579,no,TAAGTT,GTCGTATTTTG,ACCAACGATTG
1848,negative,2564,1.4783995151519775,VT65295|0|MEMB008C|-|2328,1176,no,TATAAA,GTAGTTATTAG,CAATCAGTACC
1849,positive,3053,1.5938767194747925,VT65295|0|MEMB002A|+|3572,2311,no,AAATAC,ACCGCAACAAT,AAAAATGGCGC
1850,positive,3053,3.1788392066955566,VT65295|0|MEMB002B|-|1683,1523,no,CAATAC,ACCACAACAAT,AAAAAGGGCGC
1851,positive,3053,1.5938767194747925,VT65295|0|MEMB002C|-|3210,1968,no,AAATAC,ACCGCAACAAT,AAAAATGGCGC
1852,positive,3053,3.1788392066955566,VT65295|0|MEMB002D|+|2569,1350,no,CAATAT,ACCACAACAAT,AAAAATGGCAC
1853,positive,3053,2.0633621215820312,VT65295|0|MEMB002E|-|2184,1210,no,CAAAAT,ACCACAATAAT,GAAAATGGCAC
1854,positive,3053,0.5938767790794373,VT65295|0|MEMB002F|-|2530,1434,no,TATTAC,ACCACAACAAT,AAAAATAGCGC
1855,positive,3053,-0.4061232209205627,VT65295|0|MEMB003A|-|2218,1225,no,AAGTAT,ACCACAATTAT,AAAAATGGCAC
1856,positive,3053,-0.4061232209205627,VT65295|0|MEMB003B|-|2439,1262,no,AATTAT,ACCACTATAAT,AAAAATGGCGG
1857,positive,3053,1.5938767194747925,VT65295|0|MEMB003C|+|2464,1245,no,AAATAC,ACCGCAACAAT,AAAAATGGCGC
1858,positive,3053,-0.4061232209205627,VT65295|0|MEMB003D|-|2218,1225,no,AAGTAT,ACCACAATTAT,AAAAATGGCAC
1859,positive,3053,-0.4061232209205627,VT65295|0|MEMB003F|-|2339,1325,no,AAGTAT,ACCACAATAAT,AAAAATGGCTC
1860,positive,3053,3.1788392066955566,VT65295|0|MEMB004A|-|1649,1509,no,CAATAC,ACCACAACAAT,AAAAAGGGCGC
1861,positive,3053,3.1788392066955566,VT65295|0|MEMB004B|+|2160,1259,no,CAATAT,ACCAAAATCAT,AAAAATTGCTC
1862,positive,3053,0.5938767790794373,VT65295|0|MEMB004E|-|2307,1303,no,TATTAT,ACCAAAATAAT,AAAAATGGCTC
1863,positive,3053,3.1788392066955566,VT65295|0|MEMB005B|+|2303,1287,no,CACTAT,ACCAAAATCAT,AAAAATTGCTC
1864,positive,3053,1.5938767194747925,VT65295|0|MEMB005D|-|2647,1477,no,GAATAT,ACCACAATCAT,AAAAATGACGC
1865,positive,3053,1.5938767194747925,VT65295|0|MEMB006A|-|2731,1555,no,AAATAT,ACCAAAATCAT,AAAAATGAGGC
1866,positive,3053,-0.4061232209205627,VT65295|0|MEMB006B|-|2950,1233,no,AATTAT,ACCACAACAAT,AAAAATAGCCC
1867,positive,3053,3.1788392066955566,VT65295|0|MEMB006C|+|2238,1321,no,CAATAT,ACCACTATGAT,AAAAATGACTC
1868,positive,3053,3.1788392066955566,VT65295|0|MEMB007B|-|2640,1399,no,CAATAC,ACCGCAACAAT,AAAAATGGCGC
1869,positive,3053,-0.4061232209205627,VT65295|0|MEMB007C|+|2249,1233,no,AATTAT,ACCACAATAAT,AAAAATGGCGC
1870,positive,3053,-1.5216004848480225,VT65295|0|MEMB007D|-|2925,2044,no,ACCCAC,ACCAAAACAAT,AAAAATGATGC
1871,positive,3053,3.1788392066955566,VT65295|0|MEMB008C|-|2328,1309,no,CAATAT,ACCAAAATCAT,AAAAATAATTC
1872,positive,3053,-0.4061232209205627,VT65295|0|dkik|-|3985,1227,no,AAGTAT,ACCACAATTAT,AAAAATGGCAC
1873,positive,3070,0.1158294826745987,VT65295|0|MEMB002A|+|3572,2328,no,TCAGCC,AAAAATGGCGC,CAATTAATCGC
1874,positive,3070,3.2857544422149663,VT65295|0|MEMB002B|-|1683,1540,no,CAAGCG,AAAAAGGGCGC,CAAGCAATCGC
1875,positive,3070,0.1158294826745987,VT65295|0|MEMB002C|-|3210,1985,no,TCAGCG,AAAAATGGCGC,CAATTAATCGC
1876,positive,3070,3.2857544422149663,VT65295|0|MEMB002D|+|2569,1367,no,CAAGTA,AAAAATGGCAC,TAATCAATCGC
1877,positive,3070,3.2857544422149663,VT65295|0|MEMB002E|-|2184,1227,no,CAAGTA,GAAAATGGCAC,TAATCAATCTA
1878,positive,3070,3.2857544422149663,VT65295|0|MEMB002F|-|2530,1451,no,CAAGCG,AAAAATAGCGC,CAAGCATTCGC
1879,positive,3070,3.2857544422149663,VT65295|0|MEMB003A|-|2218,1242,no,CAAGTA,AAAAATGGCAC,TAATCAATCGC
1880,positive,3070,3.2857544422149663,VT65295|0|MEMB003B|-|2439,1279,no,CAAGAA,AAAAATGGCGG,CGATCAGTCGC
1881,positive,3070,0.1158294826745987,VT65295|0|MEMB003C|+|2464,1262,no,TCAGCC,AAAAATGGCGC,CAATTAATCGC
1882,positive,3070,3.2857544422149663,VT65295|0|MEMB003D|-|2218,1242,no,CAAGTA,AAAAATGGCAC,TAATCAATCGC
1883,positive,3070,3.2857544422149663,VT65295|0|MEMB003F|-|2339,1342,no,CAAGTA,AAAAATGGCTC,TAATCAATCGC
1884,positive,3070,3.2857544422149663,VT65295|0|MEMB004A|-|1649,1526,no,CAAGCG,AAAAAGGGCGC,CAAGCAATCGC
1885,positive,3070,3.2857544422149663,VT65295|0|MEMB004B|+|2160,1276,no,CAAGTA,AAAAATTGCTC,TAATCAATCGC
1886,positive,3070,3.2857544422149663,VT65295|0|MEMB004E|-|2307,1320,no,CAAGTA,AAAAATGGCTC,TAATCAATCGC
1887,positive,3070,3.2857544422149663,VT65295|0|MEMB005B|+|2303,1304,no,CAAGTA,AAAAATTGCTC,GAATCAATCGC
1888,positive,3070,3.2857544422149663,VT65295|0|MEMB005D|-|2647,1494,no,CAAGAA,AAAAATGACGC,TAATCAATCGC
1889,positive,3070,3.2857544422149663,VT65295|0|MEMB006A|-|2731,1572,no,CAAGTA,AAAAATGAGGC,TAATCAATCGC
1890,positive,3070,3.2857544422149663,VT65295|0|MEMB006B|-|2950,1250,no,CAAGTA,AAAAATAGCCC,TCAACAATCTC
1891,positive,3070,3.2857544422149663,VT65295|0|MEMB006C|+|2238,1338,no,CAAGTA,AAAAATGACTC,TAATCAATCGC
1892,positive,3070,3.2857544422149663,VT65295|0|MEMB007B|-|2640,1416,no,CAAGCG,AAAAATGGCGC,CAAGCAATCGC
1893,positive,3070,3.2857544422149663,VT65295|0|MEMB007C|+|2249,1250,no,CAAGAA,AAAAATGGCGC,CAATCAGTCGC
1894,positive,3070,3.2857544422149663,VT65295|0|MEMB007D|-|2925,2061,no,CAAGCA,AAAAATGATGC,AAATCAAGCGT
1895,positive,3070,3.2857544422149663,VT65295|0|MEMB008C|-|2328,1326,no,CAAGTA,AAAAATAATTC,TAATCAATCGC
1896,positive,3070,3.2857544422149663,VT65295|0|dkik|-|3985,1244,no,CAAGTA,AAAAATGGCAC,TAATCAATCGC
1897,positive,3080,2.593876838684082,VT65295|0|MEMB002A|+|3572,2338,no,TAATCG,CTCAGCCCAAT,CAGAAATAGCA
1898,positive,3080,3.1788392066955566,VT65295|0|MEMB002B|-|1683,1550,no,CAATCG,CCAAGCGCAAG,CAAAAAAAGCA
1899,positive,3080,2.593876838684082,VT65295|0|MEMB002C|-|3210,1995,no,TAATCG,CTCAGCGCAAT,CAGAAATAGCA
1900,positive,3080,3.1788392066955566,VT65295|0|MEMB002D|+|2569,1377,no,CAATCG,CCAAGTATAAT,CAAAAATAACA
1901,positive,3080,3.1788392066955566,VT65295|0|MEMB002E|-|2184,1237,no,CAATCT,CCAAGTATAAT,AAAAAATAACA
1902,positive,3080,1.1788393259048462,VT65295|0|MEMB002F|-|2530,1461,no,CATTCG,CCAAGCGCAAG,CAAAAATAGCA
1903,positive,3080,3.1788392066955566,VT65295|0|MEMB003A|-|2218,1252,no,CAATCG,CCAAGTATAAT,CAAAAATAGCA
1904,positive,3080,1.1788393259048462,VT65295|0|MEMB003B|-|2439,1289,no,CAGTCG,GCAAGAACGAT,CAAAAATAACA
1905,positive,3080,2.593876838684082,VT65295|0|MEMB003C|+|2464,1272,no,TAATCG,CTCAGCCCAAT,CAGAAATAGCA
1906,positive,3080,3.1788392066955566,VT65295|0|MEMB003D|-|2218,1252,no,CAATCG,CCAAGTATAAT,CAAAAATAGCA
1907,positive,3080,3.1788392066955566,VT65295|0|MEMB003F|-|2339,1352,no,CAATCG,CCAAGTATAAT,CAAAAATAGCA
1908,positive,3080,3.1788392066955566,VT65295|0|MEMB004A|-|1649,1536,no,CAATCG,CCAAGCGCAAG,CAAAAAAAGCA
1909,positive,3080,3.1788392066955566,VT65295|0|MEMB004B|+|2160,1286,no,CAATCG,CCAAGTATAAT,CAAAAATAGCA
1910,positive,3080,3.1788392066955566,VT65295|0|MEMB004E|-|2307,1330,no,CAATCG,CCAAGTATAAT,CAAAAATAGCA
1911,positive,3080,3.1788392066955566,VT65295|0|MEMB005B|+|2303,1314,no,CAATCG,CCAAGTAGAAT,CAAAAATAGCA
1912,positive,3080,3.1788392066955566,VT65295|0|MEMB005D|-|2647,1504,no,CAATCG,CCAAGAATAAT,CAAAAATAATA
1913,positive,3080,3.1788392066955566,VT65295|0|MEMB006A|-|2731,1582,no,CAATCG,CCAAGTATAAT,CAAAAATATTA
1914,positive,3080,3.1788392066955566,VT65295|0|MEMB006B|-|2950,1260,no,CAATCT,CCAAGTATCAA,CATAAATAACA
1915,positive,3080,3.1788392066955566,VT65295|0|MEMB006C|+|2238,1348,no,CAATCG,CCAAGTATAAT,CAAAAATAACA
1916,positive,3080,3.1788392066955566,VT65295|0|MEMB007B|-|2640,1426,no,CAATCG,CCAAGCGCAAG,CAGAAATAGCA
1917,positive,3080,1.1788393259048462,VT65295|0|MEMB007C|+|2249,1260,no,CAGTCG,CCAAGAACAAT,CAAAAATAACA
1918,positive,3080,3.2857544422149663,VT65295|0|MEMB007D|-|2925,2071,no,CAAGCG,CCAAGCAAAAT,TAAATACAGCA
1919,positive,3080,3.1788392066955566,VT65295|0|MEMB008C|-|2328,1336,no,CAATCG,CCAAGTATAAT,CAAAAATAGCA
1920,positive,3080,3.1788392066955566,VT65295|0|dkik|-|3985,1254,no,CAATCG,CCAAGTATAAT,CAAAAATAGCA
1921,negative,66,2.0633621215820312,VT65295|0|MEMB002A|+|3572,66,no,GCCACA,ATTGGGAAGCT,ACAGTCGGAAG
1922,negative,66,2.0633621215820312,VT65295|0|MEMB002B|-|1683,66,no,TCCAAA,ATTTCGAAACT,ATAGTCGGAAG
1923,negative,66,3.1788392066955566,VT65295|0|MEMB002C|-|3210,66,no,GCCACT,ATTGGGAAGCT,AGAGTCGGAAG
1924,negative,66,-0.5216004252433777,VT65295|0|MEMB002D|+|2569,66,no,ACCGAA,ATAGCGAAGCT,AGAGTAGGCGT
1925,negative,66,0.4783995747566223,VT65295|0|MEMB002E|-|2184,66,no,ACAAAA,ATTGGGAAGCT,AGAGTCGGAAT
1926,negative,66,2.0633621215820312,VT65295|0|MEMB002F|-|2530,66,no,TCCACA,ATTGGGAAACT,ATAGTCGGAAA
1927,negative,66,2.0633621215820312,VT65295|0|MEMB003A|-|2218,66,no,GCCAAA,ATTGGGCAGCT,AGAGTCGGAGT
1928,negative,66,2.0633621215820312,VT65295|0|MEMB003B|-|2439,66,no,TCCAAA,ATTGGAAAGCT,AGAGTCGAACT
1929,negative,66,2.0633621215820312,VT65295|0|MEMB003D|-|2218,66,no,GCCAAA,ATTGGGCAGCT,AGAGACGGAGT
1930,negative,66,2.0633621215820312,VT65295|0|MEMB003F|-|2339,66,no,GCCAAA,ATTGGACACCT,GGAGTCGGAAT
1931,negative,66,2.0633621215820312,VT65295|0|MEMB004A|-|1649,66,no,TCCAAA,ATTTCGAAACT,ATAGTCGGAAG
1932,negative,66,2.0633621215820312,VT65295|0|MEMB004B|+|2160,66,no,GCCAAA,ATCGGACACCT,AAAGTAGGAAT
1933,negative,66,2.0633621215820312,VT65295|0|MEMB004E|-|2307,66,no,ACCAAA,ATTGGGCACCT,AGAGTCGAAGT
1934,negative,66,2.0633621215820312,VT65295|0|MEMB005B|+|2303,66,no,ACCAAA,ATTGGGCACCT,AAAGTAGGGGT
1935,negative,66,2.0633621215820312,VT65295|0|MEMB005D|-|2647,66,no,GCCAAA,ATTGGGGCGCT,ATAGTCGGAAG
1936,negative,66,2.0633621215820312,VT65295|0|MEMB006A|-|2731,66,no,GCCAAA,ATTGGGGCGCT,AGAGTCGAAAG
1937,negative,66,2.0633621215820312,VT65295|0|MEMB006B|-|2950,66,no,ACCAAA,ATTGGTAAACT,AGAGTCGAAGT
1938,negative,66,2.0633621215820312,VT65295|0|MEMB006C|+|2238,66,no,ACCAAA,ATTGGGCACCT,AAAATCGGAGT
1939,negative,66,2.0633621215820312,VT65295|0|MEMB007B|-|2640,66,no,GCCAAA,ATTGGGAATCT,ACAGTCGGAAG
1940,negative,66,3.2857544422149663,VT65295|0|MEMB007C|+|2249,66,no,GCCAAG,ATTGGAAAGCT,AGAGTCGAAGT
1941,negative,66,1.0633620023727417,VT65295|0|MEMB007D|-|2925,66,no,GTAACC,ATTGGGAAACT,AGGGTCGGAAC
1942,negative,66,2.0633621215820312,VT65295|0|MEMB008C|-|2328,66,no,GCCAAA,ATTGGGCACCT,AGAGTAGGAAA
1943,negative,66,2.0633621215820312,VT65295|0|dkik|-|3985,66,no,GCCAAA,ATTGGGCAGCT,AGAGTCGGAGT
1944,negative,269,-1.991085767745972,VT65295|0|MEMB002A|+|3572,259,no,TATTTT,TTTAGGTGAGC,GGTACCTTTTT
1945,negative,269,0.5938767790794373,VT65295|0|MEMB002B|-|1683,259,no,TACCCT,TACAGGTGAGC,AAGGCATTCTT
1946,negative,269,3.1788392066955566,VT65295|0|MEMB002C|-|3210,259,no,TACACT,TTCAGGTGAGC,AAGGTCTCCTT
1947,negative,269,3.1788392066955566,VT65295|0|MEMB002D|+|2569,259,no,TGCACT,TTTAGGCGAAC,AGTTCTTACCA
1948,negative,269,2.593876838684082,VT65295|0|MEMB002E|-|2184,259,no,TGTACT,TTTAGGTGGGC,AGTTGATACCG
1949,negative,269,2.593876838684082,VT65295|0|MEMB002F|-|2530,259,no,TTTACT,ATTAGGTGAGC,AAAGTATCCTT
1950,negative,269,3.1788392066955566,VT65295|0|MEMB003A|-|2218,259,no,TGCACT,TCCAGGCGAGC,AGTTTTTCCCG
1951,negative,269,3.1788392066955566,VT65295|0|MEMB003B|-|2439,259,no,TTCAAT,TTTAGGCGCGC,TGTTTATCCCG
1952,negative,269,2.0633621215820312,VT65295|0|MEMB003C|+|2464,199,no,GATACC,CATAGGGTACA,TAGTTATACCC
1953,negative,269,3.1788392066955566,VT65295|0|MEMB003D|-|2218,259,no,TGCACT,TCCAGGCGAGC,AGTTTATCCCG
1954,negative,269,3.1788392066955566,VT65295|0|MEMB003F|-|2339,259,no,TGCACT,TCTAGGCGAGC,AGATCATTCCG
1955,negative,269,0.5938767790794373,VT65295|0|MEMB004A|-|1649,259,no,TACCCT,TGCAGGTGAGC,AAATTCTCCTT
1956,negative,269,0.008914276957511902,VT65295|0|MEMB004B|+|2160,259,no,CATTCT,TCTAGGCGAGC,TTCATGAATTG
1957,negative,269,1.1788393259048462,VT65295|0|MEMB004E|-|2307,259,no,TGCATT,TCTAGGCGCCC,AGTTCATCCCG
1958,negative,269,3.1788392066955566,VT65295|0|MEMB005B|+|2303,259,no,CCCACT,TCTAGGCGAGC,TCATCCCCCCG
1959,negative,269,3.1788392066955566,VT65295|0|MEMB005D|-|2647,259,no,TGCACT,TTCAGGCGAGC,AGTTTATCCCA
1960,negative,269,3.1788392066955566,VT65295|0|MEMB006A|-|2731,259,no,TGCACT,TTCAGGCGAGC,AGCTTATCTCG
1961,negative,269,3.1788392066955566,VT65295|0|MEMB006B|-|2950,259,no,TTCACT,TTTAGGCGAGC,AGTTCATCCCG
1962,negative,269,0.5938767790794373,VT65295|0|MEMB006C|+|2238,259,no,ATCCCT,TCCAGGCGAGC,TCATCCCGTGC
1963,negative,269,-2.991085767745972,VT65295|0|MEMB007B|-|2640,259,no,TAATTT,TTTAGGTGAGC,GTCTCCTTATT
1964,negative,269,1.5938767194747925,VT65295|0|MEMB007C|+|2249,259,no,TTGAAT,TTTAGAAGCGC,ATATTTGCCAT
1965,negative,269,3.1788392066955566,VT65295|0|MEMB007D|-|2925,259,no,TACACT,TTTAGGTGAGC,AGGATTTCCTG
1966,negative,269,3.1788392066955566,VT65295|0|MEMB008C|-|2328,259,no,TGCACT,TCTAGGCGAGC,AGTCCATCCCG
1967,negative,269,3.1788392066955566,VT65295|0|dkik|-|3985,259,no,TGCACT,TCCAGGAGAGC,AGTTTATCCCG
1968,positive,707,0.4783995747566223,VT65295|0|MEMB002A|+|3572,600,no,gaaatt,gtttgcggaat,tcggctgcgga
1969,positive,707,1.4783995151519775,VT65295|0|MEMB002B|-|1683,358,no,TAAATA,CTATTTAATAT,AAGTTAACGCA
1970,positive,707,3.1788392066955566,VT65295|0|MEMB002C|-|3210,352,no,CAATAT,CTATTAAATAT,caaatataaac
1971,positive,707,-0.5216004252433777,VT65295|0|MEMB002F|-|2530,358,no,TATAAG,CTATTTAATAT,TTGCTATTGAA
1972,positive,707,1.4783995151519775,VT65295|0|MEMB004A|-|1649,334,no,TAAATA,CTATTTATTAT,AAGTTAACGGT
1973,positive,707,1.4783995151519775,VT65295|0|MEMB007D|-|2925,454,no,TAAATT,AAATTATGTTT,TGAAGACAACA
1974,positive,723,1.0633620023727417,VT65295|0|MEMB002A|+|3572,616,no,aaacgt,ttcggctgcgg,tgaggatgttg
1975,positive,723,1.0633620023727417,VT65295|0|MEMB002B|-|1683,374,no,AAACTC,AAAGTTAACGC,TCAATGTGCAA
1976,positive,723,3.2857544422149663,VT65295|0|MEMB002C|-|3210,368,no,caagta,Tcaaatataaa,agaaacctaca
1977,positive,723,-1.5216004848480225,VT65295|0|MEMB002F|-|2530,374,no,AAGAGC,GTTGCTATTGA,TTAACAAGAAA
1978,positive,723,2.0633621215820312,VT65295|0|MEMB004A|-|1649,350,no,TAACTC,AAAGTTAACGG,TCAATGTGCAA
1979,positive,723,0.4783995747566223,VT65295|0|MEMB007D|-|2925,470,no,AACAAG,TTGAAGACAAC,GCAACAAATAA
1980,negative,810,0.06336206197738647,VT65295|0|MEMB002A|+|3572,703,no,CCCGAC,CCTCTTTAAAG,ATCAACACGTT
1981,negative,810,3.1788392066955566,VT65295|0|MEMB002C|-|3210,455,no,TACAAT,TTTAATTTGTC,ATGTATGTATG
1982,negative,825,0.008914276957511902,VT65295|0|MEMB002A|+|3572,718,no,TCTCAT,CAACACGTTCC,TTTTGACGTGC
1983,negative,825,3.1788392066955566,VT65295|0|MEMB002C|-|3210,470,no,GCCAAT,GTATGTATGTA,GATATAATGGC
1984,positive,843,-1.4061232805252075,VT65295|0|MEMB002A|+|3572,736,no,cgttca,cacgtcaaaat,aaaaccaaggt
1985,positive,843,3.2857544422149663,VT65295|0|MEMB002C|-|3210,488,no,CACGGC,CCATTATATCG,CAAGGCTCGAA
1986,positive,843,-0.8841705322265625,VT65295|0|MEMB007D|-|2925,504,no,AGCGCT,CGAACTAGTTT,CAACTGAATCG
1987,positive,849,0.4783995747566223,VT65295|0|MEMB002A|+|3572,742,no,aaaacc,aaaatcgttca,aaggttaagat
1988,positive,849,3.2857544422149663,VT65295|0|MEMB002C|-|3210,494,no,CAAGGC,TATCGCACGGC,TCGAATGCGCC
1989,positive,849,2.648324489593506,VT65295|0|MEMB007D|-|2925,510,no,CAACTG,AGTTTAGCGCT,AATCGCTCTTA
1990,negative,881,0.4783995747566223,VT65295|0|MEMB002A|+|3572,774,no,CGAAAA,TCGAAAAAAAC,GCAACACACCA
1991,negative,881,3.2857544422149663,VT65295|0|MEMB002C|-|3210,526,no,TGCAAG,CTGTAGCCGAC,GGCACTGCTGT
1992,negative,881,-1.991085767745972,VT65295|0|MEMB007D|-|2925,542,no,GCTCTT,TCAATGAGTCC,TTCCTTGTTAC
1993,negative,901,0.008914276957511902,VT65295|0|MEMB002A|+|3572,794,no,ATTCAT,AGTGCAACACA,AGGTGGAAGGA
1994,negative,901,3.1788392066955566,VT65295|0|MEMB002C|-|3210,537,no,GGCACT,GCTGTTGCAAG,CACCGCCCTAA
1995,negative,1061,-4.106563091278076,VT65295|0|MEMB002A|+|3572,954,no,TCACGA,AGAACGAGTGC,TGGTGAAATGG
1996,negative,1061,3.1788392066955566,VT65295|0|MEMB002C|-|3210,651,no,TACAAT,AAATAAATATA,AAGTTAATAGA
1997,negative,1061,-4.106563091278076,VT65295|0|MEMB004A|-|1649,455,no,GAACTA,ATATAATCTTA,TAGAGGTCCAA
1998,positive,1132,-3.5216004848480225,VT65295|0|MEMB002A|+|3572,1025,no,attccc,gacttctggct,aaaactcaaga
1999,positive,1132,3.2857544422149663,VT65295|0|MEMB002C|-|3210,722,no,caagta,TTAtgagggcg,ggcgtggccag
2000,negative,1140,-2.991085767745972,VT65295|0|MEMB002A|+|3572,1033,no,TGAGTT,TTGGGAATAGC,GAGTGGTCTCT
2001,negative,1140,3.2857544422149663,VT65295|0|MEMB002C|-|3210,730,no,GCCACG,CCTACTTGCGC,TTTAAAATCTG
2002,negative,1162,-1.4061232805252075,VT65295|0|MEMB002A|+|3572,1055,no,CGCGTT,CCCCGGAGTGG,TCGACTCGAAA
2003,negative,1162,3.2857544422149663,VT65295|0|MEMB002C|-|3210,752,no,ATCAAG,TTTGTTTTAAA,GTTGCACGCAG
2004,negative,1171,0.7007919549942017,VT65295|0|MEMB002A|+|3572,1064,no,GACTCG,AAACGCGTTCC,TCTCTTCAATC
2005,negative,1171,3.2857544422149663,VT65295|0|MEMB002C|-|3210,761,no,TGCACG,CAGATCAAGTT,TTGGAATCTGT
2006,positive,1185,-0.9910857081413268,VT65295|0|MEMB002A|+|3572,1078,no,agataa,gtcgattgaag,aagcggaatcg
2007,positive,1185,3.1788392066955566,VT65295|0|MEMB002C|-|3210,775,no,caatgt,gcaacagattc,tgtcaccaaat
2008,positive,1245,-2.991085767745972,VT65295|0|MEMB002A|+|3572,1138,no,gtttcg,ctatttggcct,ttgtgtatttt
2009,positive,1245,3.2857544422149663,VT65295|0|MEMB002C|-|3210,835,no,cacgga,atgttgtttca,cagacagacgg
2010,positive,1296,-0.4061232209205627,VT65295|0|MEMB002A|+|3572,1189,no,gattca,aggatgaaatt,ggagaataaat
2011,positive,1296,3.2857544422149663,VT65295|0|MEMB002C|-|3210,886,no,caagaa,gtgacgctgat,tatatataTAT
2012,negative,2770,1.5938767194747925,VT65295|0|MEMB002B|-|1683,1472,no,TTAACT,TAGATTAGCTC,AATATTAAATA
2013,negative,2770,3.1788392066955566,VT65295|0|MEMB002C|-|3210,1917,no,TTCAAT,TAAGAAATATA,GATATTAAATA
2014,negative,2770,-0.9910857081413268,VT65295|0|MEMB002D|+|2569,1302,no,CAATCT,AAAAAATAACC,ATTTAAAAGTA
2015,negative,2770,-0.9910857081413268,VT65295|0|MEMB003A|-|2218,1169,no,AAATCT,TTTTAAGACTT,GGTCTCCAACA
2016,negative,2770,-0.9910857081413268,VT65295|0|MEMB003B|-|2439,1209,no,ATATAT,AAAATATATTC,TTAAAAAAACA
2017,negative,2770,1.5938767194747925,VT65295|0|MEMB003C|+|2464,1194,no,TTAAAT,TATGAAATATA,GATATTAAATA
2018,negative,2770,-1.5216004848480225,VT65295|0|MEMB003D|-|2218,1169,no,AAATCC,TTTTAAGACTT,GGTCTCCAACA
2019,negative,2770,-0.9910857081413268,VT65295|0|MEMB003F|-|2339,1270,no,GAATAT,ACAAAGTATTC,ATTTAAAAGTA
2020,negative,2770,1.5938767194747925,VT65295|0|MEMB004A|-|1649,1466,no,TTAACT,TAGATCAGCTC,AATATTAAATA
2021,negative,2770,-3.5216004848480225,VT65295|0|MEMB004B|+|2160,1213,no,TTAGGC,TAACTTTGTCC,TTTTTAATCGA
2022,negative,2770,1.0633620023727417,VT65295|0|MEMB004E|-|2307,1245,no,AAAAAC,AAAACAAGAAG,TAAACAAAAAA
2023,negative,2770,0.4783995747566223,VT65295|0|MEMB005B|+|2303,1230,no,GAAAAA,TACTTGATAAT,GATTCAAAGTA
2024,negative,2770,1.5938767194747925,VT65295|0|MEMB006A|-|2731,1498,no,AAAAAT,ATTCAAGTATA,TTGAAAACACG
2025,negative,2770,-0.9910857081413268,VT65295|0|MEMB006B|-|2950,1177,no,CAATAT,ATATAAAATAT,TTTTAAAAATA
2026,negative,2770,1.5938767194747925,VT65295|0|MEMB006C|+|2238,1263,no,TAGAAT,ATCCAAAATTA,TATAGAATATA
2027,negative,2770,1.5938767194747925,VT65295|0|MEMB007B|-|2640,1348,no,TTAAAT,TAACGCAGCGG,GATATTAAATA
2028,negative,2770,-0.9910857081413268,VT65295|0|MEMB007C|+|2249,1180,no,ATATAT,AAAATATATTC,TTAAAAAGACA
2029,negative,2770,-0.4061232209205627,VT65295|0|MEMB007D|-|2925,1761,no,TAAATT,TTGTAAGTAAC,CTACAAAGATA
2030,negative,2770,-0.9910857081413268,VT65295|0|MEMB008C|-|2328,1257,no,TTACAT,TCCCATTTCTC,GGTAGAATATA
2031,negative,2770,-0.9910857081413268,VT65295|0|dkik|-|3985,1171,no,AAATCT,TTTTAAGACTT,GGTCTCCAACA
2032,negative,3779,2.648324489593506,VT65295|0|MEMB002A|+|3572,2683,no,AGCAAC,ATTTGTCATCA,AACATGTTTTT
2033,negative,3779,3.1788392066955566,VT65295|0|MEMB002C|-|3210,2344,no,AGCAAT,ATTTGACATAA,AACTTGTTACT
2034,negative,3779,1.0633620023727417,VT65295|0|MEMB003C|+|2464,1599,no,AGAAAC,ATTTCTTATCA,AACAAGTTACT
2035,negative,3779,-3.5216004848480225,VT65295|0|MEMB006B|-|2950,1854,no,ATGGGC,AAATATCAAAA,AATAATGATTA
2036,negative,3779,2.648324489593506,VT65295|0|MEMB007B|-|2640,1763,no,AGCAAC,ATTTGTCAATA,AACATGTTACT
2037,negative,3779,0.5938767790794373,VT65295|0|dkik|-|3985,1913,no,CTCTAT,TTCAAGAGAGC,GAGGTTTGGGA
2038,positive,3790,1.2857544422149658,VT65295|0|MEMB002A|+|3572,2694,no,CATGTT,GTTGCTAAAAA,GAGCAATACAC
2039,positive,3790,3.2857544422149663,VT65295|0|MEMB002C|-|3210,2355,no,CAAGTT,ATTGCTAGTAA,GAGCAATACAC
2040,positive,3790,-0.9910857081413268,VT65295|0|MEMB002D|+|2569,1703,no,gtcttc,taacgtagtta,ccatactaaaa
2041,positive,3790,-1.2992080450057983,VT65295|0|MEMB003C|+|2464,1610,no,CTTGTT,GTTTCTAGTAA,GAGCAATACAC
2042,positive,3790,-4.106563091278076,VT65295|0|MEMB006B|-|2950,1865,no,attatt,gcccattaatc,ccagaatttcg
2043,positive,3790,1.2857544422149658,VT65295|0|MEMB007B|-|2640,1774,no,CATGTT,GTTGCTAGTAA,GAGAAATACAC
2044,positive,3790,1.0633620023727417,VT65295|0|dkik|-|3985,1924,no,aacctc,atagagtccca,ttggattttaa
2045,positive,3816,1.1788393259048462,VT65295|0|MEMB002A|+|3572,2720,no,CAGTTG,ACAAAGAAAAA,TAGCTAGGAAC
2046,positive,3816,3.1788392066955566,VT65295|0|MEMB002C|-|3210,2381,no,CAATTG,ACAAAGAAAAT,TAGCTAGGAAC
2047,positive,3816,-0.5216004252433777,VT65295|0|MEMB002D|+|2569,1729,no,ctaacc,aaactttaatt,cacttagtgca
2048,positive,3816,0.008914276957511902,VT65295|0|MEMB002F|-|2530,1754,no,TCATCA,AGCCTAAACCA,GTATCCATTTG
2049,positive,3816,3.1788392066955566,VT65295|0|MEMB003C|+|2464,1636,no,CAATTG,ACAAAGAAAAA,TAGTTAGGAAC
2050,positive,3816,0.008914276957511902,VT65295|0|MEMB006B|-|2950,1891,no,tcatga,cgatttaaatt,aaatcggacga
2051,positive,3816,3.1788392066955566,VT65295|0|MEMB007B|-|2640,1790,no,CAATTG,TGAGAAATACA,TAGCTAGGAAC
2052,positive,3816,2.593876838684082,VT65295|0|MEMB007C|+|2249,1481,no,TAATTA,GTAATTGAAAA,TAGTTTGGAGC
2053,positive,3816,0.06336206197738647,VT65295|0|dkik|-|3985,1950,no,cagaca,aagttttaatt,gggttctttga
2054,negative,3818,2.648324489593506,VT65295|0|MEMB002A|+|3572,2722,no,TACAAC,TGTTTTTCTTT,ATGTTCCTAGC
2055,negative,3818,3.1788392066955566,VT65295|0|MEMB002C|-|3210,2383,no,TACAAT,TGATTTTCTTT,ATGTTCCTAGC
2056,negative,3818,-2.991085767745972,VT65295|0|MEMB002D|+|2569,1731,no,TGGGTT,AGAATTAAAGT,TGTGCACTAAG
2057,negative,3818,0.008914276957511902,VT65295|0|MEMB002F|-|2530,1756,no,ACTGAT,GATGGTTTAGG,GTCAAATGGAT
2058,negative,3818,3.1788392066955566,VT65295|0|MEMB003C|+|2464,1638,no,TACAAT,TGTTTTTCTTT,ATGTTCCTAAC
2059,negative,3818,0.008914276957511902,VT65295|0|MEMB006B|-|2950,1893,no,TTTCAT,GAAATTTAAAT,AGTCGTCCGAT
2060,negative,3818,3.1788392066955566,VT65295|0|MEMB007B|-|2640,1792,no,TACAAT,TGTGTATTTCT,ATGTTCCTAGC
2061,negative,3818,2.593876838684082,VT65295|0|MEMB007C|+|2249,1483,no,TATAAT,TATTTTCAATT,GAGCTCCAAAC
2062,negative,3818,-2.5216004848480225,VT65295|0|dkik|-|3985,1952,no,CCTGTC,TGAATTAAAAC,CCTCAAAGAAC
2063,negative,4318,1.7007919549942017,VT65295|0|MEMB002A|+|3572,2816,no,CAAAAG,TACGAAAATGG,TTTTAAAACAT
2064,negative,4318,3.2857544422149663,VT65295|0|MEMB002C|-|3210,2453,no,CACAAG,TACGAAAATGG,TTTTAAAACAT
2065,negative,4318,0.7007919549942017,VT65295|0|MEMB002D|+|2569,1814,no,AGCGCG,ATAGAAAATAT,CTGTTCGGGTT
2066,negative,4318,-2.8841705322265625,VT65295|0|MEMB003B|-|2439,1599,no,AAACTG,TAAGAGTATGC,GATGAATTTAC
2067,negative,4318,1.7007919549942017,VT65295|0|MEMB003C|+|2464,1708,no,CAAAAG,TACGAAAATGG,TTTTAAAACAT
2068,negative,4318,-2.8841705322265625,VT65295|0|MEMB005D|-|2647,1817,no,AAACTG,CAAGAGTATCC,TATCCAATTAA
2069,negative,4318,-2.8841705322265625,VT65295|0|MEMB006A|-|2731,1901,no,AAACTG,CAAGAGTATTC,TATCCAATTAA
2070,negative,4318,-1.5216004848480225,VT65295|0|MEMB006B|-|2950,2014,no,ATAATA,TTAAGTGACGA,CAAATTCTGGA
2071,negative,4318,1.7007919549942017,VT65295|0|MEMB007B|-|2640,1884,no,CAAAAG,TACGAAAATAG,TTTTAAAACAT
2072,negative,4318,-2.8841705322265625,VT65295|0|MEMB007C|+|2249,1553,no,AAACTG,TAAGAGTAGTC,GATGAATTAAC
2073,negative,4318,1.7007919549942017,VT65295|0|dkik|-|3985,2452,no,CAAAAG,AAGAAGCGTTT,TTACGCTTCGT
2074,positive,24,1.1788393259048462,VT65295|0|MEMB002A|+|3572,24,no,CAGTGC,AGGCAGCAGCA,CACCAGCTGCT
2075,positive,24,1.1788393259048462,VT65295|0|MEMB002B|-|1683,24,no,CAGTGC,AGGCAGCAGCA,CACCAGCCGCC
2076,positive,24,1.1788393259048462,VT65295|0|MEMB002C|-|3210,24,no,CAGTGC,AGGCAGCAGCA,CACCAGCTGCT
2077,positive,24,3.1788392066955566,VT65295|0|MEMB002D|+|2569,24,no,CAATGC,AGGCAGCAGCA,CACCATTTGCT
2078,positive,24,3.1788392066955566,VT65295|0|MEMB002E|-|2184,24,no,CAATGC,AGGCAGCAGCA,CACCATTTGCA
2079,positive,24,3.1788392066955566,VT65295|0|MEMB002F|-|2530,24,no,CAATGC,AGGCAGCAGCA,CACCAGCTGCC
2080,positive,24,3.1788392066955566,VT65295|0|MEMB003A|-|2218,24,no,CACTGC,AAGCAGCAGCA,AACCAAGAGCC
2081,positive,24,1.5938767194747925,VT65295|0|MEMB003B|-|2439,24,no,GAATGC,AGACAGCAGCA,CACCATGTGCC
2082,positive,24,3.1788392066955566,VT65295|0|MEMB003D|-|2218,24,no,CACTGC,AAGCAGCAGCA,AACCAAAAGCC
2083,positive,24,3.1788392066955566,VT65295|0|MEMB003F|-|2339,24,no,CAATGC,AGGCAGCAGCA,CACCATTTGCC
2084,positive,24,0.5938767790794373,VT65295|0|MEMB004A|-|1649,24,no,TAGTGC,AGGCAGCAGCA,CACCAGCCGCC
2085,positive,24,1.5938767194747925,VT65295|0|MEMB004B|+|2160,24,no,AAATGC,AGACAGCAGCA,CACCATTTGCC
2086,positive,24,3.1788392066955566,VT65295|0|MEMB004E|-|2307,24,no,CAATGC,AGGCAGCAGCA,CACCATTTGCC
2087,positive,24,1.5938767194747925,VT65295|0|MEMB005B|+|2303,24,no,AAATGC,AGGCAGCAGCA,CACCATTTGCC
2088,positive,24,1.1788393259048462,VT65295|0|MEMB005D|-|2647,24,no,CAGTGC,AGGCAGCAGCA,CACCATTTGCC
2089,positive,24,3.1788392066955566,VT65295|0|MEMB006A|-|2731,24,no,CAATGC,AGGCAGCAGCA,CACCATTTGCC
2090,positive,24,1.5938767194747925,VT65295|0|MEMB006B|-|2950,24,no,GAATGC,ATGCAGCAGCA,CACCATGTGCC
2091,positive,24,1.5938767194747925,VT65295|0|MEMB006C|+|2238,24,no,AAATGC,AGGCAGCAGCA,CACCATTTGCT
2092,positive,24,1.1788393259048462,VT65295|0|MEMB007B|-|2640,24,no,CAGTGC,AGGCAGCAGCA,CACCAGTTGCT
2093,positive,24,1.5938767194747925,VT65295|0|MEMB007C|+|2249,24,no,AAATGC,AGGCAGCAGCA,CACCATGTGCT
2094,positive,24,2.593876838684082,VT65295|0|MEMB007D|-|2925,24,no,TAATGC,AGGCAGCAGCA,CACCATTTGCC
2095,positive,24,1.5938767194747925,VT65295|0|MEMB008C|-|2328,24,no,AAATGC,AGGCAGCAGCA,CACCATTTGCC
2096,positive,24,3.1788392066955566,VT65295|0|dkik|-|3985,24,no,CACTGC,AAGCAGCAGCA,AACCAAGAGCC
2097,negative,42,1.0633620023727417,VT65295|0|MEMB002A|+|3572,42,no,GGAACC,AAGCAGCTGGT,AGCTGAGACAC
2098,negative,42,-1.5216004848480225,VT65295|0|MEMB002B|-|1683,42,no,GGAGCC,AGGCGGCTGGT,AACTAAAAGAG
2099,negative,42,-0.9366379380226136,VT65295|0|MEMB002C|-|3210,42,no,GGAAGC,AAGCAGCTGGT,AGCTGAGTCAC
2100,negative,42,3.1788392066955566,VT65295|0|MEMB002D|+|2569,42,no,GGCACT,AAGCAAATGGT,AGCTGAATTCA
2101,negative,42,0.5938767790794373,VT65295|0|MEMB002E|-|2184,42,no,GGCGCT,ATGCAAATGGT,AGCTTAATTCG
2102,negative,42,1.0633620023727417,VT65295|0|MEMB002F|-|2530,42,no,GGAACC,AGGCAGCTGGT,AACTGAGAGGG
2103,negative,42,3.2857544422149663,VT65295|0|MEMB003A|-|2218,42,no,GGCACG,CGGCTCTTGGT,AGCTACATATG
2104,negative,42,2.0633621215820312,VT65295|0|MEMB003B|-|2439,42,no,GGCACA,AGGCACATGGT,AGCTTAGTCCG
2105,negative,42,-1.8841705322265625,VT65295|0|MEMB003C|+|2464,33,no,CGTGTG,AAACAACAGAT,GTCTGTCTGTC
2106,negative,42,3.2857544422149663,VT65295|0|MEMB003D|-|2218,42,no,GGCACG,CGGCTTTTGGT,AGCTACATATG
2107,negative,42,-2.1065628528594966,VT65295|0|MEMB003F|-|2339,42,no,GGGGCA,AGGCAAATGGT,ACCTGAATGTC
2108,negative,42,-1.5216004848480225,VT65295|0|MEMB004A|-|1649,42,no,GGAGCC,AGGCGGCTGGT,AACTAAAAGAG
2109,negative,42,-2.1065628528594966,VT65295|0|MEMB004B|+|2160,42,no,GGGGCA,AGGCAAATGGT,ACCTAAATGTC
2110,negative,42,-2.1065628528594966,VT65295|0|MEMB004E|-|2307,42,no,GGGGCA,AGGCAAATGGT,ACCTGAATGTC
2111,negative,42,-2.1065628528594966,VT65295|0|MEMB005B|+|2303,42,no,GCGGCA,AGGCAAATGGT,ACCTAAATATC
2112,negative,42,-0.5216004252433777,VT65295|0|MEMB005D|-|2647,42,no,GGCGCA,AGGCAAATGGT,CGCTGAATACG
2113,negative,42,-2.1065628528594966,VT65295|0|MEMB006A|-|2731,42,no,GGGGCA,AGGCAAATGGT,CGCTGAATATG
2114,negative,42,2.0633621215820312,VT65295|0|MEMB006B|-|2950,42,no,GGCACA,AGGCACATGGT,AACTGAATCCG
2115,negative,42,-2.1065628528594966,VT65295|0|MEMB006C|+|2238,42,no,GGGGCA,AAGCAAATGGT,ACCTGCCCTTC
2116,negative,42,1.0633620023727417,VT65295|0|MEMB007B|-|2640,42,no,GGAACC,CAGCAACTGGT,ATCTGAGACAG
2117,negative,42,2.0633621215820312,VT65295|0|MEMB007C|+|2249,42,no,GGCACA,AAGCACATGGT,AGCTTCGTCCG
2118,negative,42,0.4783995747566223,VT65295|0|MEMB007D|-|2925,42,no,GGAACA,AGGCAAATGGT,AACTGAGAGCG
2119,negative,42,-2.1065628528594966,VT65295|0|MEMB008C|-|2328,42,no,GGGGCA,AGGCAAATGGT,ACCTGAATGTC
2120,negative,42,3.2857544422149663,VT65295|0|dkik|-|3985,42,no,GGCACG,CGGCTCTTGGT,AGCTACATATG
2121,negative,88,-2.5216004848480225,VT65295|0|MEMB002A|+|3572,88,no,TCCGTA,CATCGACAGTC,GCAGTGCTGGA
2122,negative,88,-2.5216004848480225,VT65295|0|MEMB002B|-|1683,88,no,TCCGTA,CATCGATAGTC,GCAGTGCTGGA
2123,negative,88,-2.5216004848480225,VT65295|0|MEMB002C|-|3210,88,no,TCCGTA,CATCGAGAGTC,GCAGTGCTGGA
2124,negative,88,3.1788392066955566,VT65295|0|MEMB002D|+|2569,88,no,TCCACT,CATCGAGAGTA,GCAATGCTCGA
2125,negative,88,0.5938767790794373,VT65295|0|MEMB002E|-|2184,88,no,TCCTCT,CATCGAGAGTC,GCAATACTCGA
2126,negative,88,-2.5216004848480225,VT65295|0|MEMB002F|-|2530,88,no,TCCGTA,CATCGATAGTC,GCAGTGCTGGA
2127,negative,88,0.5938767790794373,VT65295|0|MEMB003A|-|2218,88,no,TCCCCT,CATCGAGAGTC,GCAGTGCTTGA
2128,negative,88,0.5938767790794373,VT65295|0|MEMB003B|-|2439,88,no,TCCGCT,CATCGAGAGTC,GCAATCCTCGA
2129,negative,88,-2.5216004848480225,VT65295|0|MEMB003C|+|2464,59,no,TCTGTC,CGTCTGTCTGT,AGCCATGTCCG
2130,negative,88,0.5938767790794373,VT65295|0|MEMB003D|-|2218,88,no,TCCCCT,CATCGAGAGAC,GCAGTGCTTGA
2131,negative,88,0.5938767790794373,VT65295|0|MEMB003F|-|2339,88,no,CCCGCT,AATCGGGAGTC,GCAGTGCTAGA
2132,negative,88,-2.5216004848480225,VT65295|0|MEMB004A|-|1649,88,no,TCCGTA,CATCGATAGTC,GCAGTGCTGGA
2133,negative,88,0.5938767790794373,VT65295|0|MEMB004B|+|2160,88,no,CCCGCT,AATCGAAAGTA,GCAGTGCTCGA
2134,negative,88,3.1788392066955566,VT65295|0|MEMB004E|-|2307,88,no,TCCACT,TGTCGAGAGTC,GCACTGCTCGA
2135,negative,88,3.1788392066955566,VT65295|0|MEMB005B|+|2303,88,no,CCCACT,AATCGAAAGTA,GCAATACTCGA
2136,negative,88,0.5938767790794373,VT65295|0|MEMB005D|-|2647,88,no,TCCGCT,CATTGATAGTC,GCATTGCTCGA
2137,negative,88,0.5938767790794373,VT65295|0|MEMB006A|-|2731,88,no,TCCGCT,GATTGAGAGTC,GCACTGCTCGA
2138,negative,88,3.1788392066955566,VT65295|0|MEMB006B|-|2950,88,no,TCCACT,CATTGAGAGTC,GCTGTGCTCGA
2139,negative,88,0.5938767790794373,VT65295|0|MEMB006C|+|2238,88,no,CCCGCT,TATCGAAAATC,GCAGTGCTCGA
2140,negative,88,-2.5216004848480225,VT65295|0|MEMB007B|-|2640,88,no,TCCGTA,CATCGACAGTC,GCAGTGCTGGA
2141,negative,88,0.5938767790794373,VT65295|0|MEMB007C|+|2249,88,no,TCCGCT,CATCGAGAGTC,GCAATCCTCGA
2142,negative,88,0.5938767790794373,VT65295|0|MEMB007D|-|2925,88,no,TCCGCT,AATCGAGGGTC,GCAGTGCTCGA
2143,negative,88,0.5938767790794373,VT65295|0|MEMB008C|-|2328,88,no,CCCGCT,AATCGAGAGTA,GCAATTCTCGA
2144,negative,88,0.5938767790794373,VT65295|0|dkik|-|3985,88,no,TCCCCT,CATCGAGAGTC,GCAGTGCTTGA
2145,negative,100,1.1788393259048462,VT65295|0|MEMB002A|+|3572,100,no,GGCAGT,GCTGGATCCGT,CGGAAGTGGCT
2146,negative,100,1.1788393259048462,VT65295|0|MEMB002B|-|1683,100,no,GGCAGT,GCTGGATCCGT,CGCAAGTGGCT
2147,negative,100,1.1788393259048462,VT65295|0|MEMB002C|-|3210,100,no,GGCAGT,GCTGGATCCGT,CGGAAGTGGCT
2148,negative,100,3.1788392066955566,VT65295|0|MEMB002D|+|2569,100,no,GGCAAT,GCTCGATCCAC,CGCAAGTGGCT
2149,negative,100,3.1788392066955566,VT65295|0|MEMB002E|-|2184,100,no,GGCAAT,ACTCGATCCTC,CGCAAGTGGCT
2150,negative,100,1.1788393259048462,VT65295|0|MEMB002F|-|2530,100,no,GGCAGT,GCTGGATCCGT,CGCAAGTGGCT
2151,negative,100,1.1788393259048462,VT65295|0|MEMB003A|-|2218,100,no,GGCAGT,GCTTGATCCCC,CGCAAGTGGCT
2152,negative,100,3.1788392066955566,VT65295|0|MEMB003B|-|2439,100,no,GGCAAT,CCTCGATCCGC,CGCAAGTGGAT
2153,negative,100,0.5938767790794373,VT65295|0|MEMB003C|+|2464,70,no,AGCCAT,GTCCGTCTGTC,CGAGTCGTTTT
2154,negative,100,1.1788393259048462,VT65295|0|MEMB003D|-|2218,100,no,GGCAGT,GCTTGATCCCC,CGCAAGTGGCT
2155,negative,100,1.1788393259048462,VT65295|0|MEMB003F|-|2339,100,no,GGCAGT,GCTAGACCCGC,CGCAAGTGGCT
2156,negative,100,1.1788393259048462,VT65295|0|MEMB004A|-|1649,100,no,GGCAGT,GCTGGATCCGT,CGCAAATGGCT
2157,negative,100,1.1788393259048462,VT65295|0|MEMB004B|+|2160,100,no,GGCAGT,GCTCGACCCGC,CGCAAGTGGCT
2158,negative,100,3.1788392066955566,VT65295|0|MEMB004E|-|2307,100,no,GGCACT,GCTCGATCCAC,CGCAAGTGGCT
2159,negative,100,3.1788392066955566,VT65295|0|MEMB005B|+|2303,100,no,GGCAAT,ACTCGACCCAC,CGCAAGTGGCT
2160,negative,100,1.1788393259048462,VT65295|0|MEMB005D|-|2647,100,no,GGCATT,GCTCGATCCGC,CGGAAGTGGCT
2161,negative,100,3.1788392066955566,VT65295|0|MEMB006A|-|2731,100,no,GGCACT,GCTCGATCCGC,CGGAAGTGGCT
2162,negative,100,-1.4061232805252075,VT65295|0|MEMB006B|-|2950,100,no,GGCTGT,GCTCGATCCAC,CGCAAGTGGCT
2163,negative,100,1.1788393259048462,VT65295|0|MEMB006C|+|2238,100,no,GGCAGT,GCTCGACCCGC,CGCAAGTGGCT
2164,negative,100,1.1788393259048462,VT65295|0|MEMB007B|-|2640,100,no,GGCAGT,GCTGGATCCGT,CGGAAGTGGCT
2165,negative,100,3.1788392066955566,VT65295|0|MEMB007C|+|2249,100,no,GGCAAT,CCTCGATCCGC,CGCAAGTGGAT
2166,negative,100,1.1788393259048462,VT65295|0|MEMB007D|-|2925,100,no,GGCAGT,GCTCGATCCGC,CGCAAGTGGCT
2167,negative,100,3.1788392066955566,VT65295|0|MEMB008C|-|2328,100,no,GGCAAT,TCTCGACCCGC,CGCAAGTGGCT
2168,negative,100,1.1788393259048462,VT65295|0|dkik|-|3985,100,no,GGCAGT,GCTTGATCCCC,CGCAAGTGGCT
2169,negative,153,-0.8841705322265625,VT65295|0|MEMB002A|+|3572,143,no,CCAGCG,AAGCGGATCGC,CAAGCTGACGG
2170,negative,153,1.7007919549942017,VT65295|0|MEMB002B|-|1683,143,no,CCAACG,AATCGGATCGC,AAAGCTGACGG
2171,negative,153,-0.8841705322265625,VT65295|0|MEMB002C|-|3210,143,no,CCAGCG,AAGCGGATCGC,CAAGCTGACGG
2172,negative,153,3.2857544422149663,VT65295|0|MEMB002D|+|2569,143,no,CCCACG,ACTCGGATCGA,CAAGCTGACGG
2173,negative,153,-0.29920801520347595,VT65295|0|MEMB002E|-|2184,143,no,CCAATG,ACTCGGATCGA,CAAGCTGACGG
2174,negative,153,1.7007919549942017,VT65295|0|MEMB002F|-|2530,143,no,CTAACG,AATCGGATCGC,GAAGCTGGCGC
2175,negative,153,1.7007919549942017,VT65295|0|MEMB003A|-|2218,143,no,CCAAAG,ACTCGGATCGA,CAAGCTGTCGG
2176,negative,153,-0.29920801520347595,VT65295|0|MEMB003B|-|2439,143,no,CCAATG,ACATGGATCGA,CAAGCTGACGG
2177,negative,153,-0.5216004252433777,VT65295|0|MEMB003C|+|2464,119,no,CCTATA,AAGTATATATA,AAATCTCCGAC
2178,negative,153,1.7007919549942017,VT65295|0|MEMB003D|-|2218,143,no,CCAAAG,ACTCGGATCGA,CAAGCTGTCAG
2179,negative,153,1.2857544422149658,VT65295|0|MEMB003F|-|2339,143,no,CCCATG,ACTCGGATCGA,CAAGCTCGCGG
2180,negative,153,1.7007919549942017,VT65295|0|MEMB004A|-|1649,143,no,CCAACG,AATCGGATCGC,AAAGCTGACGG
2181,negative,153,1.2857544422149658,VT65295|0|MEMB004B|+|2160,143,no,CCCATG,ATTCGGATCGA,CAAGCTCACGG
2182,negative,153,1.2857544422149658,VT65295|0|MEMB004E|-|2307,143,no,CCCATG,ATTCGGATCGA,CAAGCTCACGG
2183,negative,153,1.7007919549942017,VT65295|0|MEMB005B|+|2303,143,no,CCAACG,ATTCGGATCGA,CAAGCTCACGG
2184,negative,153,-2.8841705322265625,VT65295|0|MEMB005D|-|2647,143,no,CTAGTG,AATCGGACCGA,AAAGCTGTCGG
2185,negative,153,-2.8841705322265625,VT65295|0|MEMB006A|-|2731,143,no,CTAGTG,AATCGGACCGA,AAAGCTGTCGG
2186,negative,153,-2.8841705322265625,VT65295|0|MEMB006B|-|2950,143,no,CTGTTG,ACTCGGACCGA,TAAGCTGTCGG
2187,negative,153,-0.29920801520347595,VT65295|0|MEMB006C|+|2238,143,no,CCAATG,ACTCGGACCGA,CAAACTCTCGG
2188,negative,153,-0.8841705322265625,VT65295|0|MEMB007B|-|2640,143,no,CCAGCG,AAGCGGATCGC,GAAGCTGACGG
2189,negative,153,-0.29920801520347595,VT65295|0|MEMB007C|+|2249,143,no,CGAATG,ACTCGGATCGA,CAAGCTGACGG
2190,negative,153,1.7007919549942017,VT65295|0|MEMB007D|-|2925,143,no,CCAACG,ACTCGGATCGT,TAAACTATCGG
2191,negative,153,1.2857544422149658,VT65295|0|MEMB008C|-|2328,143,no,CCCATG,ACTCGGATCGA,CAAGCTCACGG
2192,negative,153,1.7007919549942017,VT65295|0|dkik|-|3985,143,no,CCAAAG,ACTCGGATCGA,CAAGCTGTCGG
2193,positive,395,-1.5216004848480225,VT65295|0|MEMB002A|+|3572,288,no,AATAGT,TTTCACCTTTA,TAAGAACCCTA
2194,positive,395,-1.5216004848480225,VT65295|0|MEMB002C|-|3210,285,no,AATATT,TTTCACATTAA,TAAGGAGAACT
2195,positive,395,3.1788392066955566,VT65295|0|MEMB002D|+|2569,285,no,CACTTC,CTTTGAAATTA,CAGCTCATCAC
2196,positive,395,-1.1065629720687866,VT65295|0|MEMB002E|-|2184,285,no,TGAACC,CTTTAAATTTA,AAATGGGAAAT
2197,positive,395,-1.5216004848480225,VT65295|0|MEMB002F|-|2530,285,no,AAGAGT,TTTAAATTTCG,CAAGATCCATA
2198,positive,395,2.0633621215820312,VT65295|0|MEMB003B|-|2439,285,no,CAAATT,CATTTAAAATA,CAAATGGGAAA
2199,positive,395,2.0633621215820312,VT65295|0|MEMB003F|-|2339,285,no,CAAATT,CTCTTAAATTA,CAATTCATGAA
2200,positive,395,-1.5216004848480225,VT65295|0|MEMB004A|-|1649,284,no,AATAGT,TTTAAAATTCA,AAAGAACCCTA
2201,positive,395,2.0633621215820312,VT65295|0|MEMB004E|-|2307,285,no,CAAATT,CTTTTAAATTA,CAATTCATGAA
2202,positive,395,2.0633621215820312,VT65295|0|MEMB005B|+|2303,288,no,CAAATT,CTTTTAAATTA,CAATTCATGAA
2203,positive,395,0.4783995747566223,VT65295|0|MEMB005D|-|2647,285,no,AAAACT,CTTTTGGATTA,CAATTCAGCAG
2204,positive,395,0.4783995747566223,VT65295|0|MEMB006A|-|2731,285,no,AAAATT,CTTTTGGATTA,CAATTCATGAG
2205,positive,395,2.0633621215820312,VT65295|0|MEMB006B|-|2950,285,no,CAAATT,CTTTTAAATTA,CAATTGTTAAA
2206,positive,395,2.0633621215820312,VT65295|0|MEMB006C|+|2238,288,no,CAAATT,CTTTTCAATTA,CAATTCATTGA
2207,positive,395,-1.5216004848480225,VT65295|0|MEMB007B|-|2640,288,no,AATAGT,TTTCACCTTCA,TAAGAACCCTA
2208,positive,395,0.4783995747566223,VT65295|0|MEMB007D|-|2925,379,no,GAAAAC,ATCATTCAATA,CAAAACGAAGA
2209,positive,395,2.0633621215820312,VT65295|0|MEMB008C|-|2328,285,no,CAAATT,CTTTTAAATTA,CCATTCATTAA
2210,negative,1310,0.5938767790794373,VT65295|0|MEMB002A|+|3572,1203,no,TTTATT,TATTCTCCTGA,AGTGAAAATTC
2211,negative,1310,-0.5216004252433777,VT65295|0|MEMB002B|-|1683,473,no,AATATA,CCTAAAATAAG,GTCTAAGAACG
2212,negative,1310,-0.5216004252433777,VT65295|0|MEMB002C|-|3210,900,no,TATATA,TATATATATTC,GGTATTATAAG
2213,negative,1310,3.1788392066955566,VT65295|0|MEMB002D|+|2569,311,no,AACAAT,TCACATTTGGT,ATTGATATTGC
2214,negative,1310,0.5938767790794373,VT65295|0|MEMB002E|-|2184,299,no,AATATT,TCCCATTTGGT,CAAACTGTTGC
2215,negative,1310,0.5938767790794373,VT65295|0|MEMB002F|-|2530,455,no,AATATT,TCCTTTGTCGT,GTTGATAGCTT
2216,negative,1310,0.5938767790794373,VT65295|0|MEMB003B|-|2439,300,no,AATATT,TCCCATTTGAA,GAGCTTGTAAA
2217,negative,1310,0.5938767790794373,VT65295|0|MEMB003F|-|2339,307,no,AATATT,TCTCATTCATG,AATAATAATGC
2218,negative,1310,3.1788392066955566,VT65295|0|MEMB004A|-|1649,476,no,AACACT,TCTTTAGAGGT,TTGAAATGGCT
2219,negative,1310,0.5938767790794373,VT65295|0|MEMB004B|+|2160,281,no,AATATT,TCTCATTCATG,AATAATATTGT
2220,negative,1310,2.593876838684082,VT65295|0|MEMB004E|-|2307,307,no,ATTACT,TCTCATTCATG,TATATTATTGC
2221,negative,1310,0.5938767790794373,VT65295|0|MEMB005B|+|2303,310,no,AATATT,TCTCATTCATG,TTTCTCGTACA
2222,negative,1310,0.5938767790794373,VT65295|0|MEMB005D|-|2647,305,no,CCTATT,TGGCTGCTGAA,TGTGATTGTTT
2223,negative,1310,0.5938767790794373,VT65295|0|MEMB006A|-|2731,305,no,CCTATT,TGGCTCATGAA,TGTGATTGTCT
2224,negative,1310,0.5938767790794373,VT65295|0|MEMB006B|-|2950,317,no,AATATT,TCCCCACACTT,GAAAGTATTGC
2225,negative,1310,-2.5216004848480225,VT65295|0|MEMB006C|+|2238,308,no,AATGTC,TCATCAATGAA,AATGGCTCGTA
2226,negative,1310,0.5938767790794373,VT65295|0|MEMB007B|-|2640,368,no,GATATT,AATACTTAATA,AGTTTATATTT
2227,negative,1310,0.5938767790794373,VT65295|0|MEMB007C|+|2249,271,no,AATATT,TGCCATTTGAA,AAGCTTGTAAA
2228,negative,1310,-0.5216004252433777,VT65295|0|MEMB007D|-|2925,642,no,AATATA,TTTACTCTTGG,TATATATATTT
2229,negative,1310,0.5938767790794373,VT65295|0|MEMB008C|-|2328,307,no,AATATT,TCGCTTTAATG,AATAACATTGC
2230,positive,1391,1.5938767194747925,VT65295|0|MEMB002A|+|3572,1284,no,AACTAC,TATCAAATATA,TATTTAAGAGC
2231,positive,1391,1.5938767194747925,VT65295|0|MEMB002C|-|3210,934,no,AACTAC,GTACCGGGTAT,TTTTTAAGAGC
2232,positive,1391,3.1788392066955566,VT65295|0|MEMB002D|+|2569,318,no,CAATAT,GTGAATTGTTG,CAATTATTTAA
2233,positive,1391,2.648324489593506,VT65295|0|MEMB002E|-|2184,306,no,CAACAG,GGGAAATATTG,TTTGTACAGTC
2234,positive,1391,1.0633620023727417,VT65295|0|MEMB002F|-|2530,469,no,AACCAT,ATTAAGCTATC,TATTTAAAAGC
2235,positive,1391,-2.991085767745972,VT65295|0|MEMB003A|-|2218,284,no,AGGTCT,ACTTTTAAATT,CACACACAAAG
2236,positive,1391,-4.106563091278076,VT65295|0|MEMB003D|-|2218,284,no,AGGACT,ACTTTTAAATT,CACACACAAAG
2237,positive,1391,1.1788393259048462,VT65295|0|MEMB003F|-|2339,314,no,CATTAT,GAGAAATATTG,TATTTACGAGC
2238,positive,1391,1.5938767194747925,VT65295|0|MEMB004A|-|1649,491,no,AACTAT,TTAGCCATTTC,TATTTACAAGC
2239,positive,1391,3.1788392066955566,VT65295|0|MEMB004B|+|2160,288,no,CAATAT,GAGAAATATTA,TATTTAGGAGC
2240,positive,1391,3.1788392066955566,VT65295|0|MEMB004E|-|2307,314,no,CAATAA,GAGAAGTAATG,TATACACGGGC
2241,positive,1391,-2.1065628528594966,VT65295|0|MEMB005B|+|2303,322,no,AGAAAT,ATATTTGTACG,TATGTATGAGC
2242,positive,1391,3.1788392066955566,VT65295|0|MEMB005D|-|2647,320,no,CAATAT,GGAAACAATCA,GCTTGGAGTTC
2243,positive,1391,3.1788392066955566,VT65295|0|MEMB006A|-|2731,320,no,CAATAT,GGAGACAATCA,GCTTTAGAGTT
2244,positive,1391,3.1788392066955566,VT65295|0|MEMB006B|-|2950,324,no,CAATAC,GGGAAATATTG,TTTCTACAATA
2245,positive,1391,1.5938767194747925,VT65295|0|MEMB007B|-|2640,381,no,AACTAC,TATCAAATATA,TATTTAGGAGC
2246,positive,1391,1.4783995151519775,VT65295|0|MEMB007D|-|2925,657,no,tacata,ttaaatatata,catatataATG
2247,positive,1391,3.1788392066955566,VT65295|0|MEMB008C|-|2328,314,no,CAATGT,GCGAAATATTG,TATTAACGAGC
2248,positive,1391,-2.991085767745972,VT65295|0|dkik|-|3985,284,no,AGGTCT,ACTTTTAAATT,CACACACAAAG
2249,positive,1397,0.5938767790794373,VT65295|0|MEMB002A|+|3572,1290,no,TATTTA,ATATAAACTAC,AGAGCTAATAA
2250,positive,1397,-1.4061232805252075,VT65295|0|MEMB002B|-|1683,479,no,CGTTCT,TTAGGTATATT,TAGACCTCTAA
2251,positive,1397,-1.991085767745972,VT65295|0|MEMB002C|-|3210,940,no,TTTTTA,GGTATAACTAC,AGAGCTCTTAA
2252,positive,1397,3.1788392066955566,VT65295|0|MEMB002D|+|2569,324,no,CAATTA,TGTTGCAATAT,TTTAAATAAAT
2253,positive,1397,-1.8841705322265625,VT65295|0|MEMB002E|-|2184,312,no,TTTGTA,TATTGCAACAG,CAGTCACTTAT
2254,positive,1397,0.5938767790794373,VT65295|0|MEMB002F|-|2530,475,no,TATTTA,CTATCAACCAT,AAAGCTCTTAT
2255,positive,1397,2.0633621215820312,VT65295|0|MEMB003A|-|2218,290,no,CACACA,AAATTAGGTCT,CAAAGCATCCC
2256,positive,1397,0.5938767790794373,VT65295|0|MEMB003C|+|2464,217,no,TATTTA,ggtataaCTAC,AGAGCTCTTAA
2257,positive,1397,2.0633621215820312,VT65295|0|MEMB003D|-|2218,290,no,CACACA,AAATTAGGACT,CAAAGCATCCC
2258,positive,1397,0.5938767790794373,VT65295|0|MEMB003F|-|2339,320,no,TATTTA,TATTGCATTAT,CGAGCCCTTCT
2259,positive,1397,0.5938767790794373,VT65295|0|MEMB004A|-|1649,497,no,TATTTA,ATTTCAACTAT,CAAGCTTCTAA
2260,positive,1397,0.5938767790794373,VT65295|0|MEMB004B|+|2160,294,no,TATTTA,TATTACAATAT,GGAGCACTTAT
2261,positive,1397,-0.5216004252433777,VT65295|0|MEMB004E|-|2307,320,no,TATACA,TAATGCAATAA,CGGGCCCTAAT
2262,positive,1397,0.7007919549942017,VT65295|0|MEMB005B|+|2303,328,no,TATGTA,GTACGAGAAAT,TGAGCCCCTAC
2263,positive,1397,-2.991085767745972,VT65295|0|MEMB005D|-|2647,326,no,GCTTGG,AATCACAATAT,AGTTCCTACCT
2264,positive,1397,-2.991085767745972,VT65295|0|MEMB006A|-|2731,326,no,GCTTTA,AATCACAATAT,GAGTTCTAATA
2265,positive,1397,-2.5216004848480225,VT65295|0|MEMB006B|-|2950,330,no,TTTCTA,TATTGCAATAC,CAATATTTAAT
2266,positive,1397,0.5938767790794373,VT65295|0|MEMB007B|-|2640,387,no,TATTTA,ATATAAACTAC,GGAGCTCTTAA
2267,positive,1397,0.06336206197738647,VT65295|0|MEMB007D|-|2925,663,no,catata,atatatacata,taATGAATGAC
2268,positive,1397,0.5938767790794373,VT65295|0|MEMB008C|-|2328,320,no,TATTAA,TATTGCAATGT,CGAGCCCTTAT
2269,positive,1397,2.0633621215820312,VT65295|0|dkik|-|3985,290,no,CACACA,AAATTAGGTCT,CAAAGCATCCC
2270,positive,1433,-4.106563091278076,VT65295|0|MEMB002B|-|1683,515,no,ACTATT,TAGCCATTTCA,GTCCCCCAGAT
2271,positive,1433,3.2857544422149663,VT65295|0|MEMB002D|+|2569,345,no,CAAGAC,AATAAATATTT,CCCTCCCCACT
2272,positive,1433,1.7007919549942017,VT65295|0|MEMB002E|-|2184,343,no,AAAGAA,AATAAATAATT,CCCTCCCCACC
2273,positive,1433,2.7007920742034908,VT65295|0|MEMB003B|-|2439,340,no,TAAGAA,TGTATATAATT,CCAGTTCTACG
2274,positive,1433,1.7007919549942017,VT65295|0|MEMB003F|-|2339,347,no,AAAGAA,TTTTAATATAT,TACTCCCCACG
2275,positive,1433,1.7007919549942017,VT65295|0|MEMB004E|-|2307,347,no,AAAGAA,TTTAAATATAT,CCCTCCCCCAC
2276,positive,1433,1.4783995151519775,VT65295|0|MEMB006B|-|2950,351,no,TAAAAT,ATTTAATAATT,AAAAGTACCCG
2277,positive,1433,1.7007919549942017,VT65295|0|MEMB006C|+|2238,337,no,AAAGAA,TTTAAATACAT,CCCTCCCTACG
2278,positive,1433,2.7007920742034908,VT65295|0|MEMB007C|+|2249,306,no,TAAGAA,AATGGATAATT,CCAGTTCTACC
2279,positive,1433,1.7007919549942017,VT65295|0|MEMB008C|-|2328,349,no,AAAGAA,TAAATATATAT,CCCTCCCTACG
2280,positive,1453,0.7007919549942017,VT65295|0|MEMB002A|+|3572,1320,no,TATGAA,AATTCTCCCCC,TTGTTTACAAA
2281,positive,1453,0.7007919549942017,VT65295|0|MEMB002B|-|1683,526,no,CCAGAT,ACTATTGTCCC,ACCTACCAGTG
2282,positive,1453,2.7007920742034908,VT65295|0|MEMB002C|-|3210,966,no,TAAGAA,AATTCTCCCCC,TTGTTAACAAA
2283,positive,1453,3.1788392066955566,VT65295|0|MEMB002D|+|2569,358,no,CACTTA,AGACCCCTCCC,CCGGTGTTTAC
2284,positive,1453,2.648324489593506,VT65295|0|MEMB002E|-|2184,356,no,CACCTA,AGAACCCTCCC,CCGGTGTTTAG
2285,positive,1453,2.593876838684082,VT65295|0|MEMB002F|-|2530,501,no,TAATAC,ATTTATGCCTC,CATCGCAAAGA
2286,positive,1453,2.0633621215820312,VT65295|0|MEMB003A|-|2218,307,no,TACCTA,CAAAGCATCCC,CCGGTGTTTAC
2287,positive,1453,2.7007920742034908,VT65295|0|MEMB003B|-|2439,353,no,TACGTA,AGAACCAGTTC,CTCGTGTTTAG
2288,positive,1453,2.7007920742034908,VT65295|0|MEMB003C|+|2464,243,no,TAAGAA,AATTCTCCCCC,TTGTTAACAAA
2289,positive,1453,2.0633621215820312,VT65295|0|MEMB003D|-|2218,307,no,TACCTA,CAAAGCATCCC,CCGGTGTTTAC
2290,positive,1453,3.2857544422149663,VT65295|0|MEMB003F|-|2339,360,no,CACGTA,AGAATACTCCC,CCGGTGTTTAG
2291,positive,1453,0.7007919549942017,VT65295|0|MEMB004A|-|1649,521,no,CCAGAT,CTAATTGTCCC,ACCTACCAGTG
2292,positive,1453,0.06336206197738647,VT65295|0|MEMB004E|-|2307,360,no,CCACGT,AGAACCCTCCC,ACCAGTGTTTA
2293,positive,1453,2.7007920742034908,VT65295|0|MEMB005B|+|2303,342,no,TACGTA,GTATGAGCCCC,CCGGTGTTCAG
2294,positive,1453,2.0633621215820312,VT65295|0|MEMB005D|-|2647,338,no,TACCTA,CTTGGAGTTCC,CCGGTGTTTAC
2295,positive,1453,2.0633621215820312,VT65295|0|MEMB006A|-|2731,361,no,TACCTA,AGAATCCTGCC,CCGGTGTTTAC
2296,positive,1453,2.0633621215820312,VT65295|0|MEMB006B|-|2950,371,no,TACCTA,AGTACCCGCTC,CCGACGTTTAG
2297,positive,1453,2.7007920742034908,VT65295|0|MEMB006C|+|2238,350,no,TACGTA,AGAACCCTCCC,CCGGTGTTTAT
2298,positive,1453,2.7007920742034908,VT65295|0|MEMB007B|-|2640,413,no,TAAGAA,AATTCTCCCCC,TTGTTAACAAA
2299,positive,1453,2.0633621215820312,VT65295|0|MEMB007C|+|2249,319,no,TACCTA,AGAACCAGTTC,CTCGTGTTTAG
2300,positive,1453,0.5938767790794373,VT65295|0|MEMB007D|-|2925,693,no,TAGTAA,TAAGTTGTTTC,AAAGTAAATGA
2301,positive,1453,2.7007920742034908,VT65295|0|MEMB008C|-|2328,362,no,TACGTA,AGAACCCTCCC,CCGGTGTTTAA
2302,positive,1453,2.0633621215820312,VT65295|0|dkik|-|3985,307,no,TACCTA,CAAAGCATCCC,CCGGTGTTTAC
2303,negative,1503,1.7007919549942017,VT65295|0|MEMB002A|+|3572,1358,no,GGAAAG,CCCTTTGTTAA,TGTCCCTTATG
2304,negative,1503,1.7007919549942017,VT65295|0|MEMB002B|-|1683,554,no,GGGAAG,CCCTTTGTTAA,TGTCCCTTATG
2305,negative,1503,1.7007919549942017,VT65295|0|MEMB002C|-|3210,1004,no,GGAAAG,CCCTTTGTTAA,TGTCCCTTATG
2306,negative,1503,3.2857544422149663,VT65295|0|MEMB002D|+|2569,381,no,GACAAG,CCTTTTGTAAA,TATTGCTTATG
2307,negative,1503,3.2857544422149663,VT65295|0|MEMB002E|-|2184,379,no,GACAAG,CCCTTTCTAAA,TATTGCTAACG
2308,negative,1503,3.2857544422149663,VT65295|0|MEMB002F|-|2530,551,no,GGCAAG,CCCTTTGAGAA,TGGTCGTTATG
2309,negative,1503,0.5938767790794373,VT65295|0|MEMB003A|-|2218,330,no,GGTAGT,CCTTTCGTAAA,TCTTGTTTATG
2310,negative,1503,2.0633621215820312,VT65295|0|MEMB003B|-|2439,376,no,GACAAA,CCCTTTCTAAA,TATACCTTATG
2311,negative,1503,1.7007919549942017,VT65295|0|MEMB003C|+|2464,281,no,GGAAAG,CCCTTTGTTAA,TGTCCCTTATG
2312,negative,1503,0.5938767790794373,VT65295|0|MEMB003D|-|2218,330,no,GGTAGT,CCTTTCGTAAA,TCTTGTTTATG
2313,negative,1503,3.2857544422149663,VT65295|0|MEMB003F|-|2339,383,no,GACAAG,CCCTTCCTAAA,TAATGCTTATG
2314,negative,1503,1.7007919549942017,VT65295|0|MEMB004A|-|1649,549,no,GGGAAG,CCCTTTGTTAA,TGTCCCTTATG
2315,negative,1503,3.2857544422149663,VT65295|0|MEMB004B|+|2160,350,no,GACAAG,CCCTTCCGAAA,TAATGCTTAAG
2316,negative,1503,1.2857544422149658,VT65295|0|MEMB004E|-|2307,384,no,GGCAGG,CCCTTCCTAAA,TACTGCTTATG
2317,negative,1503,3.2857544422149663,VT65295|0|MEMB005B|+|2303,365,no,GACAAG,CCCTTCCTGAA,TACTGCTTAAG
2318,negative,1503,3.2857544422149663,VT65295|0|MEMB005D|-|2647,361,no,GGCAAG,CCTTTTGTAAA,TACTGCTTATG
2319,negative,1503,3.2857544422149663,VT65295|0|MEMB006A|-|2731,384,no,GGCAAG,CCTTTTGTAAA,TACTGCTTATG
2320,negative,1503,1.2857544422149658,VT65295|0|MEMB006B|-|2950,394,no,GACAGG,CCCTTTCTAAA,TATTGCTTATG
2321,negative,1503,3.2857544422149663,VT65295|0|MEMB006C|+|2238,373,no,GACAAG,CCCTTCATAAA,TAATGCTTAGT
2322,negative,1503,1.7007919549942017,VT65295|0|MEMB007B|-|2640,451,no,GGAAAG,CCCTTTGTGAA,TGTCCCTGATG
2323,negative,1503,2.7007920742034908,VT65295|0|MEMB007C|+|2249,342,no,GATAAG,CCCTTTCTAAA,TATACCTTATG
2324,negative,1503,-2.1065628528594966,VT65295|0|MEMB007D|-|2925,737,no,GGAGAA,CCTATGGTAAA,TACTCGTTATG
2325,negative,1503,3.2857544422149663,VT65295|0|MEMB008C|-|2328,385,no,GACAAG,CCCTTCTTAAA,TACTGCTTAAG
2326,negative,1503,0.06336206197738647,VT65295|0|dkik|-|3985,330,no,GGTAGC,CCTTTCGTAAA,CCTTGTTTATG
2327,positive,1515,-1.5216004848480225,VT65295|0|MEMB002A|+|3572,1370,no,GGACAC,TTTCCCATAAG,CGAGCCGCGCA
2328,positive,1515,-1.5216004848480225,VT65295|0|MEMB002B|-|1683,566,no,GGACAC,TTCCCCATAAG,AGAGCCGCGCA
2329,positive,1515,-1.5216004848480225,VT65295|0|MEMB002C|-|3210,1016,no,GGACAC,TTTCCCATAAG,CGAGCCGCGCA
2330,positive,1515,3.1788392066955566,VT65295|0|MEMB002D|+|2569,393,no,CAATAC,TTGTCCATAAG,ACTGCCGCGTA
2331,positive,1515,3.1788392066955566,VT65295|0|MEMB002E|-|2184,391,no,CAATAC,TTGTCCGTTAG,AGTGCCGCGTA
2332,positive,1515,1.0633620023727417,VT65295|0|MEMB002F|-|2530,563,no,GACCAC,TTGCCCATAAC,ACTGCCGCGCA
2333,positive,1515,3.2857544422149663,VT65295|0|MEMB003A|-|2218,342,no,CAAGAT,CTACCCATAAA,ACTGCCGCGAA
2334,positive,1515,-0.9910857081413268,VT65295|0|MEMB003B|-|2439,388,no,GTATAC,TTGTCCATAAG,AGTGCCGCGCA
2335,positive,1515,-1.5216004848480225,VT65295|0|MEMB003C|+|2464,293,no,GGACAC,TTTCCCATAAG,CGAGCCGCGTA
2336,positive,1515,3.2857544422149663,VT65295|0|MEMB003D|-|2218,342,no,CAAGAT,CTACCCATAAA,ACTGCCGCGAA
2337,positive,1515,1.1788393259048462,VT65295|0|MEMB003F|-|2339,395,no,CATTAT,TTGTCCATAAG,AGTGCCGCGTA
2338,positive,1515,-1.5216004848480225,VT65295|0|MEMB004A|-|1649,561,no,GGACAC,TTCCCCATAAG,AGAGCCGCGCA
2339,positive,1515,1.1788393259048462,VT65295|0|MEMB004B|+|2160,362,no,CATTAC,TTGTCCTTAAG,AGTGCCGCGTA
2340,positive,1515,1.1788393259048462,VT65295|0|MEMB004E|-|2307,396,no,CAGTAC,CTGCCCATAAG,ATTGCCGCGTA
2341,positive,1515,1.1788393259048462,VT65295|0|MEMB005B|+|2303,377,no,CAGTAC,TTGTCCTTAAG,AGTGCCTCGTA
2342,positive,1515,1.1788393259048462,VT65295|0|MEMB005D|-|2647,373,no,CAGTAC,TTGCCCATAAG,AGTGCCGCGAA
2343,positive,1515,1.1788393259048462,VT65295|0|MEMB006A|-|2731,396,no,CAGTAC,TTGCCCATAAG,AGTGCCGCGAA
2344,positive,1515,3.1788392066955566,VT65295|0|MEMB006B|-|2950,406,no,CAATAC,CTGTCCATAAG,AGTGCCGCGTA
2345,positive,1515,1.1788393259048462,VT65295|0|MEMB006C|+|2238,385,no,CATTAC,TTGTCACTAAG,AGTGCCGCGTA
2346,positive,1515,-1.5216004848480225,VT65295|0|MEMB007B|-|2640,463,no,GGACAC,TTTCCCATCAG,CGAGCCGCGCA
2347,positive,1515,-0.9910857081413268,VT65295|0|MEMB007C|+|2249,354,no,GTATAC,TTATCCATAAG,AGTGCCGCGCA
2348,positive,1515,-0.4061232209205627,VT65295|0|MEMB007D|-|2925,749,no,GAGTAC,TCTCCCATAAC,ACTGCCGCGCA
2349,positive,1515,1.1788393259048462,VT65295|0|MEMB008C|-|2328,397,no,CAGTAC,TTGTCCTTAAG,AGTGCCGCGTA
2350,positive,1515,3.2857544422149663,VT65295|0|dkik|-|3985,342,no,CAAGGT,CTACCCATAAA,ACTGCCGCGAA
2351,positive,1520,-2.5216004848480225,VT65295|0|MEMB002A|+|3572,1375,no,CCGAGC,CATAAGGGACA,CGCGCAAAGGG
2352,positive,1520,0.06336206197738647,VT65295|0|MEMB002B|-|1683,571,no,CAGAGC,CATAAGGGACA,CGCGCAATGGA
2353,positive,1520,-2.5216004848480225,VT65295|0|MEMB002C|-|3210,1021,no,CCGAGC,CATAAGGGACA,CGCGCAAAGGG
2354,positive,1520,3.1788392066955566,VT65295|0|MEMB002D|+|2569,398,no,CACTGC,CATAAGCAATA,CGCGTATTGGG
2355,positive,1520,1.1788393259048462,VT65295|0|MEMB002E|-|2184,396,no,CAGTGC,CGTTAGCAATA,CGCGTATTGGG
2356,positive,1520,3.1788392066955566,VT65295|0|MEMB002F|-|2530,568,no,CACTGC,CATAACGACCA,CGCGCACGGGG
2357,positive,1520,2.593876838684082,VT65295|0|MEMB003A|-|2218,347,no,TACTGC,CATAAACAAGA,CGCGAATTGGA
2358,positive,1520,1.1788393259048462,VT65295|0|MEMB003B|-|2439,393,no,CAGTGC,CATAAGGTATA,CGCGCAGTGGG
2359,positive,1520,-2.5216004848480225,VT65295|0|MEMB003C|+|2464,298,no,CCGAGC,CATAAGGGACA,CGCGTAATGGA
2360,positive,1520,2.593876838684082,VT65295|0|MEMB003D|-|2218,347,no,TACTGC,CATAAACAAGA,CGCGAATTGGA
2361,positive,1520,0.5938767790794373,VT65295|0|MEMB003F|-|2339,400,no,TAGTGC,CATAAGCATTA,CGCGTATTGGG
2362,positive,1520,0.06336206197738647,VT65295|0|MEMB004A|-|1649,566,no,CAGAGC,CATAAGGGACA,CGCGCAATGGA
2363,positive,1520,1.1788393259048462,VT65295|0|MEMB004B|+|2160,367,no,CAGTGC,CTTAAGCATTA,CGCGTATTGGG
2364,positive,1520,1.1788393259048462,VT65295|0|MEMB004E|-|2307,401,no,CATTGC,CATAAGCAGTA,CGCGTATTGGG
2365,positive,1520,1.1788393259048462,VT65295|0|MEMB005B|+|2303,382,no,CAGTGC,CTTAAGCAGTA,CTCGTATTGGG
2366,positive,1520,1.1788393259048462,VT65295|0|MEMB005D|-|2647,378,no,CAGTGC,CATAAGCAGTA,CGCGAATTGGG
2367,positive,1520,1.1788393259048462,VT65295|0|MEMB006A|-|2731,401,no,CAGTGC,CATAAGCAGTA,CGCGAATTGGG
2368,positive,1520,1.1788393259048462,VT65295|0|MEMB006B|-|2950,411,no,CAGTGC,CATAAGCAATA,CGCGTAGTGGG
2369,positive,1520,1.1788393259048462,VT65295|0|MEMB006C|+|2238,390,no,CAGTGC,ACTAAGCATTA,CGCGTATTGGG
2370,positive,1520,-2.5216004848480225,VT65295|0|MEMB007B|-|2640,468,no,CCGAGC,CATCAGGGACA,CGCGCAAAGGA
2371,positive,1520,1.1788393259048462,VT65295|0|MEMB007C|+|2249,359,no,CAGTGC,CATAAGGTATA,CGCGCAGTGGG
2372,positive,1520,3.1788392066955566,VT65295|0|MEMB007D|-|2925,754,no,CACTGC,CATAACGAGTA,CGCGCATCGGA
2373,positive,1520,1.1788393259048462,VT65295|0|MEMB008C|-|2328,402,no,CAGTGC,CTTAAGCAGTA,CGCGTATTGGG
2374,positive,1520,2.593876838684082,VT65295|0|dkik|-|3985,347,no,TACTGC,CATAAACAAGG,CGCGAATTGGA
2375,negative,1531,-1.4061232805252075,VT65295|0|MEMB002A|+|3572,1386,no,CCCTTT,GCGCGGCTCGG,GGTCTAAAGTT
2376,negative,1531,1.1788393259048462,VT65295|0|MEMB002B|-|1683,582,no,TCCATT,GCGCGGCTCTG,GGTCTAAAGTT
2377,negative,1531,-1.4061232805252075,VT65295|0|MEMB002C|-|3210,1032,no,CCCTTT,GCGCGGCTCGG,GGTCTAAAGTT
2378,negative,1531,3.1788392066955566,VT65295|0|MEMB002D|+|2569,409,no,CCCAAT,ACGCGGCAGTG,GGGCTGAAATT
2379,negative,1531,3.1788392066955566,VT65295|0|MEMB002E|-|2184,407,no,CCCAAT,ACGCGGCACTG,GGCTTGAAATA
2380,negative,1531,-1.4061232805252075,VT65295|0|MEMB002F|-|2530,579,no,CCCCGT,GCGCGGCAGTG,GGTCTGAAGTT
2381,negative,1531,3.1788392066955566,VT65295|0|MEMB003A|-|2218,358,no,TCCAAT,TCGCGGCAGTA,GGCTTGAAATT
2382,negative,1531,3.1788392066955566,VT65295|0|MEMB003B|-|2439,404,no,CCCACT,GCGCGGCACTG,GGCCTGAAATT
2383,negative,1531,1.1788393259048462,VT65295|0|MEMB003C|+|2464,309,no,TCCATT,ACGCGGCTCGG,GGTCTAAAGTT
2384,negative,1531,3.1788392066955566,VT65295|0|MEMB003D|-|2218,358,no,TCCAAT,TCGCGGCAGTA,GGCTTGAAATT
2385,negative,1531,3.1788392066955566,VT65295|0|MEMB003F|-|2339,411,no,CCCAAT,ACGCGGCACTA,GGCCTGAAGTA
2386,negative,1531,1.1788393259048462,VT65295|0|MEMB004A|-|1649,577,no,TCCATT,GCGCGGCTCTG,GGTCTAAAGTT
2387,negative,1531,3.1788392066955566,VT65295|0|MEMB004B|+|2160,378,no,CCCAAT,ACGCGGCACTG,GGCCTGAAATA
2388,negative,1531,3.1788392066955566,VT65295|0|MEMB004E|-|2307,412,no,CCCAAT,ACGCGGCAATG,GGCCTGAAATA
2389,negative,1531,3.1788392066955566,VT65295|0|MEMB005B|+|2303,393,no,CCCAAT,ACGAGGCACTG,GGCCTGAAATA
2390,negative,1531,3.1788392066955566,VT65295|0|MEMB005D|-|2647,389,no,CCCAAT,TCGCGGCACTG,GGCCTGAAATT
2391,negative,1531,3.1788392066955566,VT65295|0|MEMB006A|-|2731,412,no,CCCAAT,TCGCGGCACTG,GGCCTGAAATT
2392,negative,1531,3.1788392066955566,VT65295|0|MEMB006B|-|2950,422,no,CCCACT,ACGCGGCACTG,GGCCTTAAATT
2393,negative,1531,3.1788392066955566,VT65295|0|MEMB006C|+|2238,401,no,CCCAAT,ACGCGGCACTG,GGCCTGAAATA
2394,negative,1531,-1.4061232805252075,VT65295|0|MEMB007B|-|2640,479,no,TCCTTT,GCGCGGCTCGG,GGTCTAAAGTT
2395,negative,1531,3.1788392066955566,VT65295|0|MEMB007C|+|2249,370,no,CCCACT,GCGCGGCACTG,GGCCTGAAATT
2396,negative,1531,0.5938767790794373,VT65295|0|MEMB007D|-|2925,765,no,TCCGAT,GCGCGGCAGTG,GGTCTGAAGTT
2397,negative,1531,3.1788392066955566,VT65295|0|MEMB008C|-|2328,413,no,CCCAAT,ACGCGGCACTG,GGCCTGAAATA
2398,negative,1531,3.1788392066955566,VT65295|0|dkik|-|3985,358,no,TCCAAT,TCGCGGCAGTA,GGCTTGAAATT
2399,positive,1599,1.7007919549942017,VT65295|0|MEMB002A|+|3572,1454,no,AACGTA,TGGCCGAGCAG,CACCTCGCCCT
2400,positive,1599,1.7007919549942017,VT65295|0|MEMB002B|-|1683,650,no,AACGTA,TGGCCGAGAAG,CACCTCGCCCT
2401,positive,1599,1.7007919549942017,VT65295|0|MEMB002C|-|3210,1100,no,AACGTA,TGACCGAGCAG,CACCTCGCCCT
2402,positive,1599,3.2857544422149663,VT65295|0|MEMB002D|+|2569,477,no,CACGTA,TGGCCGAGAAT,CACCTCACCCT
2403,positive,1599,3.2857544422149663,VT65295|0|MEMB002E|-|2184,475,no,CACGTA,TGGCCGAGAAT,CACCTCACCCT
2404,positive,1599,1.7007919549942017,VT65295|0|MEMB002F|-|2530,647,no,AACGTA,TGGCCGAGAAG,CACCTCGCCCT
2405,positive,1599,3.2857544422149663,VT65295|0|MEMB003A|-|2218,426,no,CACGTA,TGGCCGAGAAT,CACCTCGCCCT
2406,positive,1599,3.2857544422149663,VT65295|0|MEMB003B|-|2439,472,no,CACGTA,TGGCCGAGAAT,TACCTCGCCCT
2407,positive,1599,1.7007919549942017,VT65295|0|MEMB003C|+|2464,377,no,AACGTA,TGGCCGAGCAG,CACCTCGCCCT
2408,positive,1599,3.2857544422149663,VT65295|0|MEMB003D|-|2218,426,no,CACGTA,TGGCCGAGAAT,CACCTCGCCCT
2409,positive,1599,3.2857544422149663,VT65295|0|MEMB003F|-|2339,479,no,CACGTA,TGGCCGAGAAC,CACCTCGCCCT
2410,positive,1599,1.7007919549942017,VT65295|0|MEMB004A|-|1649,645,no,AACGTA,TGGCCGAGAAG,CACCTCGCCCT
2411,positive,1599,3.2857544422149663,VT65295|0|MEMB004B|+|2160,446,no,CACGAA,TGACCGAGAAT,CACCTCGCCCT
2412,positive,1599,3.2857544422149663,VT65295|0|MEMB004E|-|2307,480,no,CACGAA,TGGCCGAGAAC,CACCTCGCCCT
2413,positive,1599,2.0633621215820312,VT65295|0|MEMB005B|+|2303,461,no,CACAAA,TGACCGAGAAT,CACCTCGCCCT
2414,positive,1599,3.2857544422149663,VT65295|0|MEMB005D|-|2647,457,no,CACGTA,TGGCCGAGAAC,CACTTCGCCCT
2415,positive,1599,3.2857544422149663,VT65295|0|MEMB006A|-|2731,480,no,CACGTA,TGGCCGAGAAT,CACCTCGCCCT
2416,positive,1599,2.0633621215820312,VT65295|0|MEMB006B|-|2950,490,no,CACATA,TGACCGAGAAT,CACCTCGCCCT
2417,positive,1599,3.2857544422149663,VT65295|0|MEMB006C|+|2238,469,no,CACGTA,TGGCCGAGAAT,CACCTCGCCCT
2418,positive,1599,1.7007919549942017,VT65295|0|MEMB007B|-|2640,547,no,AACGTA,TGGCCGAGCAG,CACCTCGCCCT
2419,positive,1599,3.2857544422149663,VT65295|0|MEMB007C|+|2249,438,no,CACGTA,TGGCCGAGAAT,TATCTCGCCCT
2420,positive,1599,1.7007919549942017,VT65295|0|MEMB007D|-|2925,833,no,AACGTA,TGGCCAAGAAG,CACCTCGCCCT
2421,positive,1599,3.2857544422149663,VT65295|0|MEMB008C|-|2328,481,no,CACGAA,TGGCCGAGAAC,CACCTCACCCT
2422,positive,1599,2.0633621215820312,VT65295|0|dkik|-|3985,426,no,CACATA,TGGCCGAGAAT,CACCTCGCCCT
2423,negative,1738,-1.4061232805252075,VT65295|0|MEMB002A|+|3572,1593,no,CCCGGT,TGTGGACAATT,ACGGGCAAGCA
2424,negative,1738,1.1788393259048462,VT65295|0|MEMB002B|-|1683,789,no,GCCAGT,TGTGGACAATT,TCGGGCAAGAC
2425,negative,1738,1.1788393259048462,VT65295|0|MEMB002C|-|3210,1239,no,CCCAGT,TGTGGACAATT,ACGGGCAAGCA
2426,negative,1738,3.2857544422149663,VT65295|0|MEMB002D|+|2569,616,no,GCCAAG,CATCAGCAATT,GTGAGCAAGGT
2427,negative,1738,3.2857544422149663,VT65295|0|MEMB002E|-|2184,614,no,GCCAAG,CATCAGTAACT,ATGAGCAAGGT
2428,negative,1738,3.2857544422149663,VT65295|0|MEMB002F|-|2530,786,no,GCCAAG,TATGGACAATT,ATGGGCAAGAC
2429,negative,1738,3.2857544422149663,VT65295|0|MEMB003A|-|2218,565,no,GCCAAG,CATCAGCAATT,TTGAACAAGGT
2430,negative,1738,3.2857544422149663,VT65295|0|MEMB003B|-|2439,611,no,GCCAAG,CATCAGCAATT,TTGAGCAAGGT
2431,negative,1738,-1.4061232805252075,VT65295|0|MEMB003C|+|2464,516,no,CCCGGT,TGTGGACAATT,ACGGGCAAGCA
2432,negative,1738,3.2857544422149663,VT65295|0|MEMB003D|-|2218,565,no,GCCAAG,CATCAGCAATT,TTGAACAAGGT
2433,negative,1738,3.2857544422149663,VT65295|0|MEMB003F|-|2339,618,no,GCCAAG,CGTCAGCAATT,TTAAGCAAGAT
2434,negative,1738,1.1788393259048462,VT65295|0|MEMB004A|-|1649,784,no,GCCAGT,TGTGGACAATT,TCGGGCAAGAC
2435,negative,1738,3.2857544422149663,VT65295|0|MEMB004B|+|2160,585,no,GCCAAG,CATCAGCAATT,CTGAGCAAGGT
2436,negative,1738,3.2857544422149663,VT65295|0|MEMB004E|-|2307,619,no,GCCAAG,CATCAGCAATT,ATGAGCAAGGT
2437,negative,1738,3.2857544422149663,VT65295|0|MEMB005B|+|2303,600,no,GCCAAG,CATCAGCAATT,CTGAGCAAGGT
2438,negative,1738,0.7007919549942017,VT65295|0|MEMB005D|-|2647,596,no,GCCGAG,CATCAGCAATT,ATGACCAAGGT
2439,negative,1738,0.7007919549942017,VT65295|0|MEMB006A|-|2731,619,no,GCCGAG,CATCAGCAATT,ATGACCAAGGT
2440,negative,1738,3.2857544422149663,VT65295|0|MEMB006B|-|2950,629,no,GCCAAG,CGTCAGCAATT,CTGAGCAAGGT
2441,negative,1738,3.2857544422149663,VT65295|0|MEMB006C|+|2238,608,no,GCCAAG,CATCAGCAATT,GTGACCCATGT
2442,negative,1738,-1.4061232805252075,VT65295|0|MEMB007B|-|2640,686,no,CCCGGT,TGTGGACAATT,ACGGGCAAGCA
2443,negative,1738,3.2857544422149663,VT65295|0|MEMB007C|+|2249,577,no,GCCAAG,CATCAGCAATT,TTGAGCAAGGT
2444,negative,1738,3.2857544422149663,VT65295|0|MEMB007D|-|2925,972,no,GCCAAG,TGTGAGCAACT,TTGACCAAGGC
2445,negative,1738,3.2857544422149663,VT65295|0|MEMB008C|-|2328,620,no,GCCAAG,CATCAGCAATT,ATGAGCAAGGT
2446,negative,1738,3.2857544422149663,VT65295|0|dkik|-|3985,565,no,GCCAAG,CATCAGCAATT,TTGAACAAGGT
2447,positive,1752,-2.5216004848480225,VT65295|0|MEMB002A|+|3572,1607,no,CGTATA,GGGTGCTTGCC,TAAAAGAGTAT
2448,positive,1752,-0.5216004252433777,VT65295|0|MEMB002B|-|1683,803,no,CGAATA,GGCGTCTTGCC,TATAAGGGCAT
2449,positive,1752,-2.5216004848480225,VT65295|0|MEMB002C|-|3210,1253,no,CGTATA,GGGTGCTTGCC,TAAAAGAGTAT
2450,positive,1752,3.2857544422149663,VT65295|0|MEMB002D|+|2569,630,no,CACGTA,GGCACCTTGCT,CATAACGACCT
2451,positive,1752,1.2857544422149658,VT65295|0|MEMB002E|-|2184,628,no,CATGTG,GGCACCTTGCT,CATCATGACCT
2452,positive,1752,0.06336206197738647,VT65295|0|MEMB002F|-|2530,800,no,CATATA,GGCGTCTTGCC,TAGAGCGGCAT
2453,positive,1752,3.2857544422149663,VT65295|0|MEMB003A|-|2218,579,no,CAAGTG,GGCACCTTGTT,CATAATGACCA
2454,positive,1752,3.2857544422149663,VT65295|0|MEMB003B|-|2439,625,no,CAAGTG,GGCACCTTGCT,CATAATGATCT
2455,positive,1752,-2.5216004848480225,VT65295|0|MEMB003C|+|2464,530,no,CGTATA,GGGTGCTTGCC,TAAAAGAGAAT
2456,positive,1752,3.2857544422149663,VT65295|0|MEMB003D|-|2218,579,no,CAAGTG,GGCACCTTGTT,CATAATGACCA
2457,positive,1752,2.7007920742034908,VT65295|0|MEMB003F|-|2339,632,no,TAAGTG,GGCATCTTGCT,CACAATGGTCT
2458,positive,1752,-0.5216004252433777,VT65295|0|MEMB004A|-|1649,798,no,CGAATA,GGCGTCTTGCC,TATAAGGGCAT
2459,positive,1752,1.2857544422149658,VT65295|0|MEMB004B|+|2160,599,no,CAGGTG,GGCACCTTGCT,CATAATGACCT
2460,positive,1752,1.2857544422149658,VT65295|0|MEMB004E|-|2307,633,no,CATGCG,GGCACCTTGCT,CACAACCTTAT
2461,positive,1752,1.2857544422149658,VT65295|0|MEMB005B|+|2303,614,no,CAGGTG,GGCACCTTGCT,CATAATGACCT
2462,positive,1752,1.2857544422149658,VT65295|0|MEMB005D|-|2647,610,no,CATGTG,GGCACCTTGGT,CATAATGATCT
2463,positive,1752,1.2857544422149658,VT65295|0|MEMB006A|-|2731,633,no,CATGTG,GGCACCTTGGT,CATAATGATCT
2464,positive,1752,0.06336206197738647,VT65295|0|MEMB006B|-|2950,643,no,CAGATG,GGCACCTTGCT,CATAATGATCT
2465,positive,1752,3.2857544422149663,VT65295|0|MEMB006C|+|2238,622,no,CACGTG,GGCACATGGGT,CACAATGACCT
2466,positive,1752,-2.5216004848480225,VT65295|0|MEMB007B|-|2640,700,no,CGTATA,GGGTGCTTGCC,TACAAGAGTAT
2467,positive,1752,3.2857544422149663,VT65295|0|MEMB007C|+|2249,591,no,CAAGTG,GGCACCTTGCT,CATAATGATCT
2468,positive,1752,2.0633621215820312,VT65295|0|MEMB007D|-|2925,986,no,CAAATG,GGCGCCTTGGT,CAAACGAGCAT
2469,positive,1752,1.2857544422149658,VT65295|0|MEMB008C|-|2328,634,no,CATGTG,GGCACCTTGCT,CATAATGACCT
2470,positive,1752,3.2857544422149663,VT65295|0|dkik|-|3985,579,no,CAAGTG,GGCACCTTGTT,CATAATGACCA
2471,positive,1793,-0.8841705322265625,VT65295|0|MEMB002A|+|3572,1648,no,GCCGAT,TAGCTTCCGGG,TGTTCACTATC
2472,positive,1793,-0.8841705322265625,VT65295|0|MEMB002B|-|1683,844,no,GCCGAT,CAGCTTCCGGG,TGTTCACTATC
2473,positive,1793,-0.8841705322265625,VT65295|0|MEMB002C|-|3210,1294,no,GCCGAT,TAGCTTCCGGG,TGTTCACTATC
2474,positive,1793,3.2857544422149663,VT65295|0|MEMB002D|+|2569,671,no,CACGAT,CGCCTTTCGCG,TGTTGACTACT
2475,positive,1793,0.7007919549942017,VT65295|0|MEMB002E|-|2184,669,no,CCCGAT,TGCCTTTCGCG,TGTTTACTACT
2476,positive,1793,-0.8841705322265625,VT65295|0|MEMB002F|-|2530,841,no,GCCGAT,CAGCTTCCGGC,TGTTCACTATC
2477,positive,1793,-0.8841705322265625,VT65295|0|MEMB003A|-|2218,620,no,GCCGAT,CGCCTTTCGTC,TGTTGACTATT
2478,positive,1793,1.7007919549942017,VT65295|0|MEMB003B|-|2439,666,no,GACGAT,CGGCTTTCGTG,TGTTGACGATT
2479,positive,1793,-0.8841705322265625,VT65295|0|MEMB003C|+|2464,571,no,GCCGAT,TGGTTTCCGGG,TGTTCACTATC
2480,positive,1793,-0.8841705322265625,VT65295|0|MEMB003D|-|2218,620,no,GCCGAT,CGCCTTTCGTC,TGTTGACTATT
2481,positive,1793,-0.8841705322265625,VT65295|0|MEMB003F|-|2339,673,no,GCCGAC,TGCCATTCGTG,TGTTGACTACT
2482,positive,1793,-0.8841705322265625,VT65295|0|MEMB004A|-|1649,839,no,GCCGAT,CAGCTTCCGGG,TGTTCACTATC
2483,positive,1793,-0.8841705322265625,VT65295|0|MEMB004B|+|2160,640,no,GCCGAC,CGCCATTCGTG,TGTTGACTATT
2484,positive,1793,-0.8841705322265625,VT65295|0|MEMB004E|-|2307,671,no,GCCGAC,CTCCATTCGTG,TGTTGACTATC
2485,positive,1793,-0.8841705322265625,VT65295|0|MEMB005B|+|2303,655,no,GCCGAC,CGCCATTCGTG,TGTTGACTATT
2486,positive,1793,-0.8841705322265625,VT65295|0|MEMB005D|-|2647,651,no,GCCGAT,CGCCATTCGTG,TGTTGACTATT
2487,positive,1793,-0.8841705322265625,VT65295|0|MEMB006A|-|2731,674,no,GCCGAT,CGCCATTCGTG,TGTTGACTATT
2488,positive,1793,-0.8841705322265625,VT65295|0|MEMB006B|-|2950,684,no,GCCGAT,AGGCATTCGTG,TGTTGACTATT
2489,positive,1793,-0.8841705322265625,VT65295|0|MEMB006C|+|2238,663,no,GCCGAC,CGCCATTCGTG,TGTTGACTATT
2490,positive,1793,-0.8841705322265625,VT65295|0|MEMB007B|-|2640,741,no,GCCGAT,TAGCTTCCGGG,TGTTCACTATC
2491,positive,1793,1.7007919549942017,VT65295|0|MEMB007C|+|2249,632,no,GACGAT,CGGCATTCGTG,TGTTGACTATT
2492,positive,1793,-0.8841705322265625,VT65295|0|MEMB007D|-|2925,1027,no,GCCGAT,TGGCTGTCTTC,TGTTCACTTTC
2493,positive,1793,-0.8841705322265625,VT65295|0|MEMB008C|-|2328,675,no,GCCGAC,CGCCATTCGTG,TGTTGACTATT
2494,positive,1793,-0.8841705322265625,VT65295|0|dkik|-|3985,620,no,GCCGAT,CGCCTTTCGTC,TGTTGACTATT
2495,positive,1845,-0.9366379380226136,VT65295|0|MEMB002A|+|3572,1700,no,GATCGC,ATTCGCCACTG,CAATAGGAAGA
2496,positive,1845,-0.9366379380226136,VT65295|0|MEMB002B|-|1683,896,no,GATCGC,ATTCGCCACTG,CAATAGGACGA
2497,positive,1845,-0.9366379380226136,VT65295|0|MEMB002C|-|3210,1346,no,GATCGC,ATTCGCCACTG,CAATAGGAAGA
2498,positive,1845,3.1788392066955566,VT65295|0|MEMB002D|+|2569,723,no,CAATGC,ATCCGCCACTG,CAACAGGATGA
2499,positive,1845,3.1788392066955566,VT65295|0|MEMB002E|-|2184,721,no,CAATGC,ATTCGCCACTG,CAACAGGAGGA
2500,positive,1845,-0.9366379380226136,VT65295|0|MEMB002F|-|2530,893,no,AATCGC,ATTCGCCACTG,CAGTAGGATCA
2501,positive,1845,0.6483245491981506,VT65295|0|MEMB003A|-|2218,672,no,CAGCGC,TTTCGCCACTG,CAAGAGGAAGA
2502,positive,1845,0.6483245491981506,VT65295|0|MEMB003B|-|2439,718,no,CATCGC,CTTCGCCACTG,CAACAGGATGA
2503,positive,1845,-0.9366379380226136,VT65295|0|MEMB003C|+|2464,623,no,GATCGC,ATTCGCCACTG,CAATAGGAAGA
2504,positive,1845,0.6483245491981506,VT65295|0|MEMB003D|-|2218,672,no,CAGCGC,TTCCGCCACTG,CAAGAGGAAGA
2505,positive,1845,1.1788393259048462,VT65295|0|MEMB003F|-|2339,725,no,CATTGC,ATGCGCCACTG,CAACAGGATGA
2506,positive,1845,-0.9366379380226136,VT65295|0|MEMB004A|-|1649,891,no,GATCGC,ATTCGCCACTG,CAATAGGACGA
2507,positive,1845,1.1788393259048462,VT65295|0|MEMB004B|+|2160,692,no,CATTGC,ATGCGCCACTG,CAACAGGAAGA
2508,positive,1845,1.1788393259048462,VT65295|0|MEMB004E|-|2307,723,no,CATTGC,ATGCGCCACTG,CAACAGGAAGA
2509,positive,1845,1.1788393259048462,VT65295|0|MEMB005B|+|2303,707,no,CATTGC,ATGCGCCACTG,CAACAGGAAGA
2510,positive,1845,0.6483245491981506,VT65295|0|MEMB005D|-|2647,703,no,CATCGC,ATTCGCCACTG,CAACAGGATGA
2511,positive,1845,0.6483245491981506,VT65295|0|MEMB006A|-|2731,726,no,CATCGC,ATGCGCCACTG,CAATAGGATGA
2512,positive,1845,0.6483245491981506,VT65295|0|MEMB006B|-|2950,736,no,CATCGC,CTTCGCCACTG,CAACAGGATGA
2513,positive,1845,0.5938767790794373,VT65295|0|MEMB006C|+|2238,715,no,TATTGC,ATGCGCCACTG,CAACAGTAGGA
2514,positive,1845,-0.9366379380226136,VT65295|0|MEMB007B|-|2640,793,no,GATCGC,ATTCGCCACTG,CAATAGGAAGA
2515,positive,1845,0.6483245491981506,VT65295|0|MEMB007C|+|2249,684,no,CATCGC,CTTCGCCACTG,CAACAGGATGA
2516,positive,1845,0.6483245491981506,VT65295|0|MEMB007D|-|2925,1079,no,CATCGC,ATTCGCCACTG,CAATAGGACAA
2517,positive,1845,1.1788393259048462,VT65295|0|MEMB008C|-|2328,727,no,CATTGC,ATGCGCCACTG,CAACAGGAAGA
2518,positive,1845,0.6483245491981506,VT65295|0|dkik|-|3985,672,no,CAGCGC,TTTCGCCACTG,CAAGAGGAAGA
2519,positive,1876,-0.8841705322265625,VT65295|0|MEMB002A|+|3572,1731,no,ACCGAT,AGTAAATCATG,CCAATGGCCGC
2520,positive,1876,-0.8841705322265625,VT65295|0|MEMB002B|-|1683,927,no,ATCGAT,AGTAAATCAAA,CCGATGGCCGC
2521,positive,1876,-0.8841705322265625,VT65295|0|MEMB002C|-|3210,1377,no,ACCGAT,AGTAAATCATG,CCAATGGCCGC
2522,positive,1876,3.2857544422149663,VT65295|0|MEMB002D|+|2569,754,no,CACGAT,AGTAAATTATG,CCTATGGCCGA
2523,positive,1876,0.7007919549942017,VT65295|0|MEMB002E|-|2184,752,no,CCCGAT,AGTAAATCAAG,CCTATGACCGA
2524,positive,1876,-0.8841705322265625,VT65295|0|MEMB002F|-|2530,924,no,GCCGAT,AGTAAATCAGG,CCTATAGCCGC
2525,positive,1876,-0.8841705322265625,VT65295|0|MEMB003A|-|2218,703,no,GTCGAT,AAAAAATCAAG,CCTATGACCGA
2526,positive,1876,0.7007919549942017,VT65295|0|MEMB003B|-|2439,749,no,CCCGAT,AGTAAATAATG,GCTATGACCGA
2527,positive,1876,-2.1065628528594966,VT65295|0|MEMB003C|+|2464,654,no,ACCAAT,AGTAAATCATG,CCAATGGCCGC
2528,positive,1876,-0.8841705322265625,VT65295|0|MEMB003D|-|2218,703,no,GTCGAT,AAAAAATCAAG,CCTATGACCGA
2529,positive,1876,-0.8841705322265625,VT65295|0|MEMB003F|-|2339,756,no,GCCGAT,AGTAAATCAAG,CCTAGGACTGA
2530,positive,1876,-0.8841705322265625,VT65295|0|MEMB004A|-|1649,922,no,ATCGAT,AGTAAATCAAA,CCGATGGCCGC
2531,positive,1876,-0.8841705322265625,VT65295|0|MEMB004B|+|2160,723,no,GCCGAT,AGTAAATCAAG,CCTATGACCGA
2532,positive,1876,-0.8841705322265625,VT65295|0|MEMB004E|-|2307,754,no,GCCGAT,AGTAAATCAAG,CCTATGATTGA
2533,positive,1876,-0.8841705322265625,VT65295|0|MEMB005B|+|2303,738,no,GCCGAT,AGTAAATCAAG,CCCAAGACCGA
2534,positive,1876,-0.8841705322265625,VT65295|0|MEMB005D|-|2647,734,no,GCCGAG,AGTAAATCAAG,CCTATGACCGA
2535,positive,1876,-0.8841705322265625,VT65295|0|MEMB006A|-|2731,757,no,GCCGAT,AGTAAATCAAG,CCTATGGCCGA
2536,positive,1876,-0.29920801520347595,VT65295|0|MEMB006B|-|2950,767,no,AAGGAT,AGTAAATAATG,GCCACGGCCGA
2537,positive,1876,-0.8841705322265625,VT65295|0|MEMB006C|+|2238,746,no,GCCGAT,AGTAAATCAGG,CCTATGCCCGA
2538,positive,1876,-0.8841705322265625,VT65295|0|MEMB007B|-|2640,824,no,ACCGAT,AGTAAATCATG,CCTATGGCCGC
2539,positive,1876,0.7007919549942017,VT65295|0|MEMB007C|+|2249,715,no,CCCGAT,AGTAAATAATG,GCTATGACAGA
2540,positive,1876,-0.8841705322265625,VT65295|0|MEMB007D|-|2925,1110,no,GTCGAT,AGTAAATCAAG,CCTATGGCCGA
2541,positive,1876,-0.8841705322265625,VT65295|0|MEMB008C|-|2328,758,no,GCCGAT,AGTAAATCACG,CCTATCACCGA
2542,positive,1876,-0.8841705322265625,VT65295|0|dkik|-|3985,703,no,GTCGAT,AAAAAATCAAG,CCTATGACCGA
2543,positive,1905,2.0633621215820312,VT65295|0|MEMB002A|+|3572,1760,no,CACATA,GCGAAGAGCAC,GTCAATGGATT
2544,positive,1905,2.0633621215820312,VT65295|0|MEMB002B|-|1683,956,no,CACATA,GTGAAGAGCAC,ATCAATGTTAT
2545,positive,1905,2.0633621215820312,VT65295|0|MEMB002C|-|3210,1406,no,CACATA,GTGAAGAGCAC,GTCAATGGATT
2546,positive,1905,3.2857544422149663,VT65295|0|MEMB002D|+|2569,783,no,CACGAA,ACGAAGAGCAC,GTCGTTGGTTT
2547,positive,1905,1.7007919549942017,VT65295|0|MEMB002E|-|2184,781,no,GACGAA,ACGAAGAGCAC,GTCGTTGGTTC
2548,positive,1905,2.0633621215820312,VT65295|0|MEMB002F|-|2530,953,no,CACATA,GCGAAAAGCAC,ATCAATGGTTT
2549,positive,1905,3.2857544422149663,VT65295|0|MEMB003A|-|2218,732,no,CACGTA,GCGAAGAGCAC,ATCATTGGTTT
2550,positive,1905,3.2857544422149663,VT65295|0|MEMB003B|-|2439,778,no,CACGTA,ACGAAGAGCAC,ATCGCCGTTTT
2551,positive,1905,2.0633621215820312,VT65295|0|MEMB003C|+|2464,683,no,CACATA,GTGAAGAGCAC,GTCAATGGATT
2552,positive,1905,3.2857544422149663,VT65295|0|MEMB003D|-|2218,732,no,CACGTA,GCGAAGAGCAC,ATCATTGGTTT
2553,positive,1905,3.2857544422149663,VT65295|0|MEMB003F|-|2339,785,no,CACGAA,ACGAAGAGCAC,ATCATCTGTTT
2554,positive,1905,2.0633621215820312,VT65295|0|MEMB004A|-|1649,951,no,CACATA,GTGAAGAGCAC,ATCAATGTTAT
2555,positive,1905,3.2857544422149663,VT65295|0|MEMB004B|+|2160,752,no,CACGAA,ACGAAGAGCAC,ATCATTCGTTT
2556,positive,1905,3.2857544422149663,VT65295|0|MEMB004E|-|2307,783,no,CACGAA,ACGAAGAGCAC,ATCATTCGGCT
2557,positive,1905,3.2857544422149663,VT65295|0|MEMB005B|+|2303,767,no,CACGAA,ACGAAGAGCAC,ATCATTCGTTT
2558,positive,1905,3.2857544422149663,VT65295|0|MEMB005D|-|2647,763,no,CACGAA,ACGAAGAGCAC,ATCATTGGTTT
2559,positive,1905,3.2857544422149663,VT65295|0|MEMB006A|-|2731,786,no,CACGTA,ACGAAGAGCAC,ATCGTCGGTTT
2560,positive,1905,3.2857544422149663,VT65295|0|MEMB006B|-|2950,796,no,CACGTA,ACGAAGAGCAC,ATCGTCCTTAT
2561,positive,1905,3.2857544422149663,VT65295|0|MEMB006C|+|2238,775,no,CACGAA,ACGAAGAGCAC,ATCATCCATTT
2562,positive,1905,2.0633621215820312,VT65295|0|MEMB007B|-|2640,853,no,CACATA,GTGAAGAGCAC,GTCAATGGATT
2563,positive,1905,3.2857544422149663,VT65295|0|MEMB007C|+|2249,744,no,CACGTA,ACGAAGAGCAC,ATCCCCCCTTC
2564,positive,1905,1.7007919549942017,VT65295|0|MEMB007D|-|2925,1139,no,AACGAA,GCGAAAAGGAC,ATCATTCTTAT
2565,positive,1905,2.7007920742034908,VT65295|0|MEMB008C|-|2328,787,no,TACGAA,ACGAAGAGCAC,GTCACTCGTTT
2566,positive,1905,3.2857544422149663,VT65295|0|dkik|-|3985,732,no,CACGTA,GCGAAGAGCAC,ATCATTGGTTT
2567,negative,1923,-2.991085767745972,VT65295|0|MEMB002A|+|3572,1778,no,ATAGTT,CAATCCATTGA,AACGCCCCGAA
2568,negative,1923,-2.991085767745972,VT65295|0|MEMB002B|-|1683,974,no,ATAGTT,TATAACATTGA,AACGCCCCGAT
2569,negative,1923,-2.991085767745972,VT65295|0|MEMB002C|-|3210,1424,no,ATAGTT,CAATCCATTGA,AACGCCCCGAA
2570,negative,1923,3.1788392066955566,VT65295|0|MEMB002D|+|2569,801,no,CTCACT,AAAACCAACGA,AAAACCCCGAA
2571,negative,1923,-0.5216004252433777,VT65295|0|MEMB002E|-|2184,799,no,TTTATA,AGAACCAACGA,AAAACCCCGAT
2572,negative,1923,-2.991085767745972,VT65295|0|MEMB002F|-|2530,971,no,ATAGTT,AAAACCATTGA,AACGCCCCGAA
2573,negative,1923,0.06336206197738647,VT65295|0|MEMB003A|-|2218,750,no,GTCATA,CAAACCAATGA,AATTCCCCCAA
2574,negative,1923,1.1788393259048462,VT65295|0|MEMB003B|-|2439,796,no,CTCATT,AAAAACGGCGA,AAAATCCCGAT
2575,negative,1923,-2.991085767745972,VT65295|0|MEMB003C|+|2464,701,no,ATAGTT,CAATCCATTGA,AACGCCCCGAA
2576,negative,1923,0.06336206197738647,VT65295|0|MEMB003D|-|2218,750,no,GTCATA,CAAACCAATGA,AATTCCCCCAA
2577,negative,1923,1.1788393259048462,VT65295|0|MEMB003F|-|2339,803,no,GTCATT,AAAACAGATGA,AGAGCCCCGAA
2578,negative,1923,-2.991085767745972,VT65295|0|MEMB004A|-|1649,969,no,ATAGTT,TATAACATTGA,AACGCCCCGAT
2579,negative,1923,1.1788393259048462,VT65295|0|MEMB004B|+|2160,770,no,CTCATT,AAAACGAATGA,AAAACCCTGAA
2580,negative,1923,-1.4061232805252075,VT65295|0|MEMB004E|-|2307,801,no,CTCCTT,AAGCCGAATGA,AAAGCCCCGAA
2581,negative,1923,1.1788393259048462,VT65295|0|MEMB005B|+|2303,785,no,CTCATT,AAAACGAATGA,AGAACCCCGAA
2582,negative,1923,3.1788392066955566,VT65295|0|MEMB005D|-|2647,781,no,CTCACT,AAAACCAATGA,AAAACCCCGAA
2583,negative,1923,-1.4061232805252075,VT65295|0|MEMB006A|-|2731,804,no,TTCGTT,AAAACCGACGA,AAAACACCGAT
2584,negative,1923,-1.4061232805252075,VT65295|0|MEMB006B|-|2950,814,no,ATCGTT,AATAAGGACGA,ACAACACCGAT
2585,negative,1923,1.1788393259048462,VT65295|0|MEMB006C|+|2238,793,no,CTCATT,AAAATGGATGA,AGAGCCCCGAT
2586,negative,1923,-2.991085767745972,VT65295|0|MEMB007B|-|2640,871,no,ATAGTT,CAATCCATTGA,AACGCCCCGAA
2587,negative,1923,1.1788393259048462,VT65295|0|MEMB007C|+|2249,762,no,CTCATT,AGAAGGGGGGA,AAAACCCCGAT
2588,negative,1923,-2.5216004848480225,VT65295|0|MEMB007D|-|2925,1157,no,AACCTA,CATAAGAATGA,AACAGCCTGAT
2589,negative,1923,1.1788393259048462,VT65295|0|MEMB008C|-|2328,805,no,CTCATT,AAAACGAGTGA,AGAACCCCGAA
2590,negative,1923,-0.5216004252433777,VT65295|0|dkik|-|3985,750,no,GTTATA,CAAACCAATGA,AATTCCCCCAA
2591,negative,2052,0.06336206197738647,VT65295|0|MEMB002A|+|3572,1907,no,TTCGCC,ATTATTTTGGA,TGTATGCCGCC
2592,negative,2052,0.06336206197738647,VT65295|0|MEMB002B|-|1683,1103,no,TTCGCC,ATTATTCTGGA,TGTATGCCGCC
2593,negative,2052,0.06336206197738647,VT65295|0|MEMB002C|-|3210,1553,no,TTCGCC,ATTATTTTGGA,TGTATGCCGCC
2594,negative,2052,3.1788392066955566,VT65295|0|MEMB002D|+|2569,930,no,TTCACT,ACTGTTTTGGA,CATATGCCGCC
2595,negative,2052,0.06336206197738647,VT65295|0|MEMB002E|-|2184,928,no,TTCGCC,ATTGTTTTGGA,CATATGCCGCC
2596,negative,2052,0.06336206197738647,VT65295|0|MEMB002F|-|2530,1100,no,TTCGCC,ATTATTTTGGA,TGTATGCCGCC
2597,negative,2052,2.648324489593506,VT65295|0|MEMB003A|-|2218,879,no,TTCACC,ACTGTTTTGGA,CTTATGCCGCC
2598,negative,2052,0.06336206197738647,VT65295|0|MEMB003B|-|2439,925,no,TTCGCC,ATTCTTCTGGA,CATATGCCGCC
2599,negative,2052,0.06336206197738647,VT65295|0|MEMB003C|+|2464,830,no,TTCGCC,ATTATTTTGGA,TGTATGCCGCC
2600,negative,2052,2.648324489593506,VT65295|0|MEMB003D|-|2218,879,no,TTCACC,ACTGTTTTGGA,CGTATGCCGCC
2601,negative,2052,0.06336206197738647,VT65295|0|MEMB003F|-|2339,932,no,TTCGCC,ACTGTTTTGGA,CGTATGCCGCC
2602,negative,2052,0.06336206197738647,VT65295|0|MEMB004A|-|1649,1098,no,TTCGCC,ATTATTCTGGA,TGTATGCCGCC
2603,negative,2052,-0.5216004252433777,VT65295|0|MEMB004B|+|2160,899,no,TTTGCC,ACTGTATTGCA,CGTATGCCGCC
2604,negative,2052,-0.5216004252433777,VT65295|0|MEMB004E|-|2307,930,no,TTTGCC,ACTGTTTTGCA,CGTATGCCGCC
2605,negative,2052,0.06336206197738647,VT65295|0|MEMB005B|+|2303,914,no,TTCGCC,ACTGTTTTGCA,CGTATGCCGCC
2606,negative,2052,0.7007919549942017,VT65295|0|MEMB005D|-|2647,910,no,TTCGCG,ATTGTCTTGGA,CGTATGCCGCA
2607,negative,2052,0.06336206197738647,VT65295|0|MEMB006A|-|2731,933,no,TTCGCC,ATTGTCTTGGA,CGTATGCCGCC
2608,negative,2052,0.5938767790794373,VT65295|0|MEMB006B|-|2950,943,no,TTCGCT,ATTCTTTTGGA,CATATGCCGCC
2609,negative,2052,2.648324489593506,VT65295|0|MEMB006C|+|2238,922,no,TTCACC,ACCGTTTTGCA,CGTATGCCGCC
2610,negative,2052,0.06336206197738647,VT65295|0|MEMB007B|-|2640,1000,no,TTCGCC,ATTATTTTGGA,TGTATGCCGCC
2611,negative,2052,0.06336206197738647,VT65295|0|MEMB007C|+|2249,891,no,TTCGCC,ATTCTTCTGGA,CATATGCCGCC
2612,negative,2052,2.648324489593506,VT65295|0|MEMB007D|-|2925,1286,no,TTCACC,ACTGTGCTGGA,CGTATGCCGCC
2613,negative,2052,0.06336206197738647,VT65295|0|MEMB008C|-|2328,934,no,TTCGCC,ACTGTTTTGCA,CGTATGCCGCC
2614,negative,2052,2.648324489593506,VT65295|0|dkik|-|3985,879,no,TTCACC,ACTGTTTTGGA,CGTATGCCGCC
2615,positive,2079,1.2857544422149658,VT65295|0|MEMB002A|+|3572,1934,no,CAGGAC,ATAAAGAGCCA,CAGGGCAAACA
2616,positive,2079,-1.2992080450057983,VT65295|0|MEMB002B|-|1683,1130,no,CTGGAC,ATAAAAAGCCA,CAGCCCGAACA
2617,positive,2079,1.2857544422149658,VT65295|0|MEMB002C|-|3210,1580,no,CAGGAC,ATAAAGAACCA,CAGGGCAAACA
2618,positive,2079,3.2857544422149663,VT65295|0|MEMB002D|+|2569,957,no,CACGAC,GTAAAGAGCCA,CAGAGCAAATA
2619,positive,2079,3.2857544422149663,VT65295|0|MEMB002E|-|2184,955,no,CACGCC,GTAAAGAGCCA,CAGAGCAAATA
2620,positive,2079,3.2857544422149663,VT65295|0|MEMB002F|-|2530,1127,no,CACGAC,ATAAATAGCCA,CAGAGCAAACA
2621,positive,2079,1.2857544422149658,VT65295|0|MEMB003A|-|2218,906,no,CATGGC,GCAAAGAGCCA,CAGGCCAAACA
2622,positive,2079,-0.8841705322265625,VT65295|0|MEMB003B|-|2439,952,no,AGCGCC,GTAAATAGCCA,CAGAGCGAATA
2623,positive,2079,1.2857544422149658,VT65295|0|MEMB003C|+|2464,857,no,CAGGAC,ATAAAGAGCCA,CAGGGCAAACA
2624,positive,2079,1.2857544422149658,VT65295|0|MEMB003D|-|2218,906,no,CATGGC,GCAAAGAGCCA,CAGGCCAAACA
2625,positive,2079,1.2857544422149658,VT65295|0|MEMB003F|-|2339,959,no,CAGGCA,GTGAACAGCCA,AAGAGCAAACA
2626,positive,2079,-1.2992080450057983,VT65295|0|MEMB004A|-|1649,1125,no,CTGGAC,ATAAAAAGCCA,CAGCCCGAACA
2627,positive,2079,1.2857544422149658,VT65295|0|MEMB004B|+|2160,926,no,CAGGCA,GTAAAGAGCCA,CAGAGCAAACA
2628,positive,2079,1.2857544422149658,VT65295|0|MEMB004E|-|2307,957,no,CAGGCA,GTAAAGAGCCA,CAGTGCAAACA
2629,positive,2079,1.2857544422149658,VT65295|0|MEMB005B|+|2303,941,no,CAGGCA,GTAAAGAGCCA,CAAAGCAAACA
2630,positive,2079,3.2857544422149663,VT65295|0|MEMB005D|-|2647,937,no,CACGCC,GTAAAGAGCCA,CAGGGCAAAGA
2631,positive,2079,3.2857544422149663,VT65295|0|MEMB006A|-|2731,960,no,CACGCC,GTAAAGAGCCA,CAGGGCGAACA
2632,positive,2079,0.7007919549942017,VT65295|0|MEMB006B|-|2950,970,no,CGCGCC,GTAAAGAGCCA,CAGAGCAAACA
2633,positive,2079,1.2857544422149658,VT65295|0|MEMB006C|+|2238,949,no,CAGGCA,GTAAAGAGCCA,CAGACCAACCA
2634,positive,2079,1.2857544422149658,VT65295|0|MEMB007B|-|2640,1027,no,CAGGAC,ATAAAGAGCCA,CAGGGCAAACA
2635,positive,2079,-0.8841705322265625,VT65295|0|MEMB007C|+|2249,918,no,AGCGCC,GAAAATAGCCA,TAGGGCAAACA
2636,positive,2079,3.2857544422149663,VT65295|0|MEMB007D|-|2925,1313,no,CACGAC,GTGAAGAGCCA,CAGGGCAAACA
2637,positive,2079,1.2857544422149658,VT65295|0|MEMB008C|-|2328,961,no,CAGGCA,GTAAAGAGCCA,CAGGCCAAACA
2638,positive,2079,1.2857544422149658,VT65295|0|dkik|-|3985,906,no,CATGGC,GCAAAGAGCCA,CAGGCCAAACA
2639,positive,2136,1.1788393259048462,VT65295|0|MEMB002A|+|3572,1991,no,CATTCC,TTGGCCACCAC,GGTTACAATCA
2640,positive,2136,1.1788393259048462,VT65295|0|MEMB002B|-|1683,1187,no,CATTCC,TTGGCCATCAC,GGTTATAATCA
2641,positive,2136,1.1788393259048462,VT65295|0|MEMB002C|-|3210,1637,no,CATTCC,TTGGCCACCAC,GGTTACAATCA
2642,positive,2136,3.1788392066955566,VT65295|0|MEMB002D|+|2569,1014,no,CAATGC,TTGGCCACCAC,AGTTATAATTA
2643,positive,2136,2.0633621215820312,VT65295|0|MEMB002E|-|2184,1012,no,CAAAGC,TTGGCCACCAC,AGTTATTATAA
2644,positive,2136,1.1788393259048462,VT65295|0|MEMB002F|-|2530,1184,no,CATTCC,TTGGCCACCAC,GGTTAAAATAA
2645,positive,2136,1.1788393259048462,VT65295|0|MEMB003A|-|2218,963,no,CATTGC,TTGGCCACCAC,GGTTACAATAA
2646,positive,2136,3.1788392066955566,VT65295|0|MEMB003B|-|2439,1009,no,CAATGC,TTGGCCACCAC,AGTAATGATAA
2647,positive,2136,1.1788393259048462,VT65295|0|MEMB003C|+|2464,914,no,CATTCC,TTGGCCACCAC,GGTTACAATCA
2648,positive,2136,1.1788393259048462,VT65295|0|MEMB003D|-|2218,963,no,CATTGC,TTGGCCACCAC,GGTTACAATAA
2649,positive,2136,3.1788392066955566,VT65295|0|MEMB003F|-|2339,1016,no,CAATGC,TTGGCCACCAC,AGTTATGATAA
2650,positive,2136,1.1788393259048462,VT65295|0|MEMB004A|-|1649,1182,no,CATTCC,TTGGCCATCAC,GGTTATAATCA
2651,positive,2136,3.1788392066955566,VT65295|0|MEMB004B|+|2160,983,no,CAATGC,TTGGCCACCAC,AGTTAAGATAA
2652,positive,2136,3.1788392066955566,VT65295|0|MEMB004E|-|2307,1014,no,CAATGC,TTGGCCACCAC,AGTTAATATAA
2653,positive,2136,3.1788392066955566,VT65295|0|MEMB005B|+|2303,998,no,CAATGC,TTGGCCACCAC,AGTTAAGATAA
2654,positive,2136,0.06336206197738647,VT65295|0|MEMB005D|-|2647,994,no,CAGAGC,TTGGCCACCAC,AGTAATGATAA
2655,positive,2136,0.06336206197738647,VT65295|0|MEMB006A|-|2731,1017,no,CAGAGC,TTCGCCACCAC,AGTAATGATGA
2656,positive,2136,3.1788392066955566,VT65295|0|MEMB006B|-|2950,1027,no,CAATGC,TTGGCCACCAC,AGTCATGATGA
2657,positive,2136,3.1788392066955566,VT65295|0|MEMB006C|+|2238,1006,no,CAATGC,TTGGCCACCAC,AGTGAGTATAA
2658,positive,2136,1.1788393259048462,VT65295|0|MEMB007B|-|2640,1084,no,CATTCC,TTGGCCACCAC,GGTTACAATCA
2659,positive,2136,3.1788392066955566,VT65295|0|MEMB007C|+|2249,975,no,CAATGC,TTGGCCACCAC,AGTTATGATAA
2660,positive,2136,1.1788393259048462,VT65295|0|MEMB007D|-|2925,1370,no,CATTGC,TTGGCCACCAC,GGTTAGAATGA
2661,positive,2136,3.1788392066955566,VT65295|0|MEMB008C|-|2328,1018,no,CAATGC,TTGGCCACCAC,AGTTAAGATTA
2662,positive,2136,1.1788393259048462,VT65295|0|dkik|-|3985,963,no,CATTGC,TTGGCCACAAC,GGTTACAATAA
2663,positive,2157,2.0633621215820312,VT65295|0|MEMB002A|+|3572,2012,no,CACAGT,ACAATCATCTC,GAACAGCACAA
2664,positive,2157,0.4783995747566223,VT65295|0|MEMB002B|-|1683,1208,no,AACAGT,ATAATCATCTG,GAACAACACAA
2665,positive,2157,2.0633621215820312,VT65295|0|MEMB002C|-|3210,1658,no,CACAGT,ACAATCATCTC,GAACAGCACAA
2666,positive,2157,3.2857544422149663,VT65295|0|MEMB002D|+|2569,1035,no,CACGGT,ATAATTAGCTC,GAACAACACCA
2667,positive,2157,2.0633621215820312,VT65295|0|MEMB002E|-|2184,1033,no,CACAGT,ATTATAAGCTC,GAACAACACCA
2668,positive,2157,2.0633621215820312,VT65295|0|MEMB002F|-|2530,1205,no,CACAGT,AAAATAAGCTC,GAACACCAGAA
2669,positive,2157,3.2857544422149663,VT65295|0|MEMB003A|-|2218,984,no,CACGGT,ACAATAAGCTC,GAACAGCACCA
2670,positive,2157,3.2857544422149663,VT65295|0|MEMB003B|-|2439,1030,no,CACGGT,ATGATAAGCTC,GAACAGAATAA
2671,positive,2157,2.0633621215820312,VT65295|0|MEMB003C|+|2464,935,no,CACAGT,ACAATCATCTC,GAACAGCACAA
2672,positive,2157,3.2857544422149663,VT65295|0|MEMB003D|-|2218,984,no,CACGGT,ACAATAAGCTC,GAACAGCACCA
2673,positive,2157,3.2857544422149663,VT65295|0|MEMB003F|-|2339,1037,no,CACGGT,ATGATAAGCTC,AAACAACACCA
2674,positive,2157,2.0633621215820312,VT65295|0|MEMB004A|-|1649,1203,no,CACAGT,ATAATCATCTG,AAACAATACAA
2675,positive,2157,3.2857544422149663,VT65295|0|MEMB004B|+|2160,1004,no,CACGGT,AAGATAAGCTC,GAACAGAATCA
2676,positive,2157,3.2857544422149663,VT65295|0|MEMB004E|-|2307,1035,no,CACGGT,AATATAAGCTC,GAACAACACCA
2677,positive,2157,3.2857544422149663,VT65295|0|MEMB005B|+|2303,1019,no,CACGGT,AAGATAAGCTC,GAACAACACCA
2678,positive,2157,3.2857544422149663,VT65295|0|MEMB005D|-|2647,1015,no,CACGGT,ATGATAAGCTC,GAACAGCACCA
2679,positive,2157,3.2857544422149663,VT65295|0|MEMB006A|-|2731,1038,no,CACGGT,ATGATGAGCTC,GAACAGCAACA
2680,positive,2157,3.2857544422149663,VT65295|0|MEMB006B|-|2950,1048,no,CACGGT,ATGATGAGCTC,GAAAAGCACCA
2681,positive,2157,3.2857544422149663,VT65295|0|MEMB006C|+|2238,1027,no,CACGGT,AGTATAAGCTC,GAACAACACCA
2682,positive,2157,2.0633621215820312,VT65295|0|MEMB007B|-|2640,1105,no,CACAGT,ACAATCATCTC,GAACAATATAA
2683,positive,2157,3.2857544422149663,VT65295|0|MEMB007C|+|2249,996,no,CACGGT,ATGATAAGCTC,GAACAGCACAA
2684,positive,2157,3.2857544422149663,VT65295|0|MEMB007D|-|2925,1391,no,CACGGT,AGAATGATCTC,GAACACCACCA
2685,positive,2157,3.1788392066955566,VT65295|0|MEMB008C|-|2328,1039,no,CACTGT,AAGATTAGCTC,GAACAACACCA
2686,positive,2157,3.2857544422149663,VT65295|0|dkik|-|3985,984,no,CACGGT,ACAATAAGCTC,GAACAGCACCA
2687,positive,2172,-0.29920801520347595,VT65295|0|MEMB002A|+|3572,2027,no,AATGAA,GTGAACAGCAC,GCCAATAAAGG
2688,positive,2172,-0.29920801520347595,VT65295|0|MEMB002B|-|1683,1223,no,AATGAA,GTGAACAACAC,GCCGGCAAAAG
2689,positive,2172,-0.29920801520347595,VT65295|0|MEMB002C|-|3210,1673,no,AATGAA,GTGAACAGCAC,GCCAATAAAGG
2690,positive,2172,3.2857544422149663,VT65295|0|MEMB002D|+|2569,1050,no,CACGAA,GTGAACAACAC,ACAGATGAAGG
2691,positive,2172,3.2857544422149663,VT65295|0|MEMB002E|-|2184,1048,no,CACGAA,GTGAACAACAC,GCAGACGAAGG
2692,positive,2172,-0.29920801520347595,VT65295|0|MEMB002F|-|2530,1220,no,AATGAA,GTGAACACCAG,GCAGACAAAGG
2693,positive,2172,3.2857544422149663,VT65295|0|MEMB003A|-|2218,999,no,CACGAA,GTGAACAGCAC,ACAGACGAAGG
2694,positive,2172,1.7007919549942017,VT65295|0|MEMB003B|-|2439,1045,no,AACGAA,GTGAACAGAAT,GCAGATGAAGG
2695,positive,2172,-0.29920801520347595,VT65295|0|MEMB003C|+|2464,950,no,AATGAA,GTGAACAGCAC,GGCAATAAAGG
2696,positive,2172,3.2857544422149663,VT65295|0|MEMB003D|-|2218,999,no,CACGAA,GTGAACAGCAC,GCAGACGAAGG
2697,positive,2172,3.2857544422149663,VT65295|0|MEMB003F|-|2339,1052,no,CACGAA,GTAAACAACAC,GAAGATGAAGG
2698,positive,2172,-0.29920801520347595,VT65295|0|MEMB004A|-|1649,1218,no,AATGAA,GTAAACAATAC,GCCGACAAAGG
2699,positive,2172,3.2857544422149663,VT65295|0|MEMB004B|+|2160,1019,no,CACGAA,GTGAACAGAAT,TATTATGAAGG
2700,positive,2172,3.2857544422149663,VT65295|0|MEMB004E|-|2307,1050,no,CACGAA,GTGAACAACAC,CAAGATGAAGG
2701,positive,2172,3.2857544422149663,VT65295|0|MEMB005B|+|2303,1034,no,CACGAA,GTGAACAACAC,GACGATGAAGG
2702,positive,2172,2.0633621215820312,VT65295|0|MEMB005D|-|2647,1030,no,CACAAA,GTGAACAGCAC,TAGGATGAAGG
2703,positive,2172,3.2857544422149663,VT65295|0|MEMB006A|-|2731,1053,no,CACGAA,GTGAACAGCAA,TAAGATGAAGG
2704,positive,2172,2.0633621215820312,VT65295|0|MEMB006B|-|2950,1063,no,CACAAA,GTGAAAAGCAC,GCAGATGAAGG
2705,positive,2172,3.2857544422149663,VT65295|0|MEMB006C|+|2238,1042,no,CACGAA,GTGAACAACAC,GAAGATGAAGG
2706,positive,2172,-0.29920801520347595,VT65295|0|MEMB007B|-|2640,1120,no,AATGAA,GTGAACAATAT,GCCGATAAAGG
2707,positive,2172,1.7007919549942017,VT65295|0|MEMB007C|+|2249,1011,no,AACGAA,GTGAACAGCAC,GCAGATGAAAG
2708,positive,2172,3.2857544422149663,VT65295|0|MEMB007D|-|2925,1406,no,CACGAA,GTGAACACCAC,GAAGATGAAGC
2709,positive,2172,3.2857544422149663,VT65295|0|MEMB008C|-|2328,1054,no,CACGAA,GTGAACAACAC,GATGATGAATG
2710,positive,2172,3.2857544422149663,VT65295|0|dkik|-|3985,999,no,CACGAA,GTGAACAGCAC,GCAGACGAAGG
2711,negative,2210,1.5938767194747925,VT65295|0|MEMB002A|+|3572,2065,no,CAAACT,TATCCGGCTAT,AGAAAATTCCA
2712,negative,2210,1.5938767194747925,VT65295|0|MEMB002B|-|1683,1261,no,CAGACT,TATCCGGCTTA,AGATAACAGTA
2713,negative,2210,-0.4061232209205627,VT65295|0|MEMB002C|-|3210,1711,no,CAAATT,TATCCGGCTAT,AGAAAATTCCA
2714,negative,2210,3.1788392066955566,VT65295|0|MEMB002D|+|2569,1088,no,CACAAT,TATCCGGCTTA,AGAACATAAAA
2715,negative,2210,3.1788392066955566,VT65295|0|MEMB002E|-|2184,1086,no,AACAAT,TATCCGGCTTC,AGATGATAACA
2716,negative,2210,3.1788392066955566,VT65295|0|MEMB002F|-|2530,1258,no,CACACT,TACCCGGTTTA,AGACAACTATT
2717,negative,2210,1.5938767194747925,VT65295|0|MEMB003A|-|2218,1037,no,CCGAAT,TATCCGGCTTA,AGAACACAATT
2718,negative,2210,0.4783995747566223,VT65295|0|MEMB003B|-|2439,1083,no,CAAACA,TATCCGGCATA,AAAATATAAAG
2719,negative,2210,1.5938767194747925,VT65295|0|MEMB003C|+|2464,988,no,CAAACT,TATCCGGCTAT,AGAAAATTCCA
2720,negative,2210,1.5938767194747925,VT65295|0|MEMB003D|-|2218,1037,no,CAGAAT,TATCCGGTTTA,AGAACACAATT
2721,negative,2210,-0.9366379380226136,VT65295|0|MEMB003F|-|2339,1090,no,CAAATC,TATCCGGCTTA,AGAACATAAGT
2722,negative,2210,1.5938767194747925,VT65295|0|MEMB004A|-|1649,1256,no,CAGACT,TATCCGGCTTA,AGATAACAGTA
2723,negative,2210,2.648324489593506,VT65295|0|MEMB004B|+|2160,1057,no,CACACC,TATCCGGCTTA,AGAATATAAGG
2724,negative,2210,1.0633620023727417,VT65295|0|MEMB004E|-|2307,1088,no,CAAACC,TATCCGGCCTA,CGAATATAAGA
2725,negative,2210,1.0633620023727417,VT65295|0|MEMB005B|+|2303,1072,no,GAAACC,TATCCGGGTTA,AGAAAATAGGG
2726,negative,2210,2.648324489593506,VT65295|0|MEMB005D|-|2647,1068,no,AACACC,TATCCGGCTTA,AGAGAATAGCA
2727,negative,2210,1.1788393259048462,VT65295|0|MEMB006A|-|2731,1091,no,AACATT,TATCCGGCTTA,AGAGTATAGCA
2728,negative,2210,-0.9910857081413268,VT65295|0|MEMB006B|-|2950,1101,no,CAGGAT,TATCCGGCTTA,AGGCCCTAAAA
2729,negative,2210,1.0633620023727417,VT65295|0|MEMB006C|+|2238,1080,no,GAAACC,TATCCGGCTTA,AGAGAATAAGG
2730,negative,2210,1.5938767194747925,VT65295|0|MEMB007B|-|2640,1158,no,CAAACT,TATCCGGCTAT,AGAAAATTCCA
2731,negative,2210,0.4783995747566223,VT65295|0|MEMB007C|+|2249,1049,no,TAAACA,TATTCAGCCTA,AGAAGATAAAA
2732,negative,2210,-0.4061232209205627,VT65295|0|MEMB007D|-|2925,1444,no,AAAATT,TATCCGGCGTG,AGATAACAGGG
2733,negative,2210,1.0633620023727417,VT65295|0|MEMB008C|-|2328,1092,no,CAAACC,TATCCGGCTTA,AGAACAAAAGT
2734,negative,2210,1.5938767194747925,VT65295|0|dkik|-|3985,1037,no,CAGAAT,TATCCGGCTTA,AGAACACAAGT
2735,positive,2242,1.5938767194747925,VT65295|0|MEMB002A|+|3572,2097,no,AACTGA,GGGACCAGAAC,AATGGTAGGCG
2736,positive,2242,-0.9910857081413268,VT65295|0|MEMB002B|-|1683,1293,no,ATCTGA,AGGACCAGAAC,AATGGAGAGCA
2737,positive,2242,1.5938767194747925,VT65295|0|MEMB002C|-|3210,1743,no,AACTGA,GGGACCAGAAC,AATGGTAGGCG
2738,positive,2242,3.1788392066955566,VT65295|0|MEMB002D|+|2569,1120,no,CACTGA,ACAACCAGAAG,AATGGATAGAA
2739,positive,2242,3.1788392066955566,VT65295|0|MEMB002E|-|2184,1118,no,CACTAA,ACACCCAGAAG,AATGGATAGAA
2740,positive,2242,1.5938767194747925,VT65295|0|MEMB002F|-|2530,1290,no,AACTGA,AGGCCCAAAAC,AATGAGAAGCA
2741,positive,2242,3.1788392066955566,VT65295|0|MEMB003A|-|2218,1069,no,CACTGA,AAACCCAGAAG,AACGGATACAA
2742,positive,2242,3.1788392066955566,VT65295|0|MEMB003B|-|2439,1115,no,CACTGC,AGGCCCAGAAG,AATGGTAGAAA
2743,positive,2242,1.5938767194747925,VT65295|0|MEMB003C|+|2464,1020,no,AACTGA,GGGACCAGAAC,AATGGTAGGCG
2744,positive,2242,3.1788392066955566,VT65295|0|MEMB003D|-|2218,1069,no,CACTGA,AAACCCAGAAG,AACGGATACAA
2745,positive,2242,3.1788392066955566,VT65295|0|MEMB003F|-|2339,1122,no,CACTAC,AGAGCCAGAAG,AACGGATAGAA
2746,positive,2242,-0.9910857081413268,VT65295|0|MEMB004A|-|1649,1288,no,ATCTGA,AGGACCAGAAC,AATGGAGAGCA
2747,positive,2242,3.1788392066955566,VT65295|0|MEMB004B|+|2160,1089,no,CACTGA,AGAACCAGAAG,AACGGATAGCA
2748,positive,2242,3.1788392066955566,VT65295|0|MEMB004E|-|2307,1120,no,CACTGA,AGACCCAGAAG,AACGGGCAGAA
2749,positive,2242,3.1788392066955566,VT65295|0|MEMB005B|+|2303,1104,no,CACTGA,TGAACCAGTAG,AACGGATAGCA
2750,positive,2242,3.1788392066955566,VT65295|0|MEMB005D|-|2647,1100,no,CACTAA,CGACCCAGTAG,AATGGGTAAAA
2751,positive,2242,3.1788392066955566,VT65295|0|MEMB006A|-|2731,1123,no,CACTAA,TGAGCCAGTAG,AAGGAGGAAAA
2752,positive,2242,3.1788392066955566,VT65295|0|MEMB006B|-|2950,1133,no,CACTGC,AGACCCAAAAG,AATGGAAGAAC
2753,positive,2242,3.1788392066955566,VT65295|0|MEMB006C|+|2238,1112,no,CACTGA,AGAACCAGAAG,AATGGGTAGAA
2754,positive,2242,-0.9910857081413268,VT65295|0|MEMB007B|-|2640,1190,no,AGCTGA,GGGACCAGAAC,AATGGTAAGCA
2755,positive,2242,3.1788392066955566,VT65295|0|MEMB007C|+|2249,1081,no,CACTGC,AGGCCCAGAAG,AATGGTAGAAA
2756,positive,2242,3.1788392066955566,VT65295|0|MEMB007D|-|2925,1476,no,cactaa,AGGCCCAGaaa,aatttatagaa
2757,positive,2242,3.1788392066955566,VT65295|0|MEMB008C|-|2328,1124,no,CACTGA,AGAACCAGAAG,AAGGGAAAGAA
2758,positive,2242,3.1788392066955566,VT65295|0|dkik|-|3985,1069,no,CACTGA,AAACCCAGAAG,AACGGATTCAA
2759,positive,2559,-1.5216004848480225,VT65295|0|MEMB002A|+|3572,2182,no,AATATA,TAAACCTTATA,TTCAAAAGTTT
2760,positive,2559,-0.5216004252433777,VT65295|0|MEMB002B|-|1683,1364,no,TATACA,TAAGCCTGATA,TTGGGTCATTA
2761,positive,2559,-1.5216004848480225,VT65295|0|MEMB002C|-|3210,1828,no,AATATA,TCAACCTTATA,TTCAAAAGTTT
2762,positive,2559,3.1788392066955566,VT65295|0|MEMB002D|+|2569,1196,no,CAATTG,TATAACTAAAT,TACAAGTTTTA
2763,positive,2559,-1.5216004848480225,VT65295|0|MEMB003C|+|2464,1105,no,AATATA,TAAACCTTATA,TTCAAAAGTTT
2764,positive,2559,0.5938767790794373,VT65295|0|MEMB003F|-|2339,1169,no,TATTCG,AAAGCCTAACA,TAATGATTAGG
2765,positive,2559,-0.5216004252433777,VT65295|0|MEMB004A|-|1649,1358,no,TATACA,TAAGTCTGATA,TTGGGTCATTA
2766,positive,2559,-4.106563091278076,VT65295|0|MEMB004B|+|2160,1136,no,ACTACA,TAAACCTAAGA,TATAAGTTCTG
2767,positive,2559,-4.106563091278076,VT65295|0|MEMB004E|-|2307,1171,no,ACTATA,TAAGCCTAAAA,TATTAGCAATG
2768,positive,2559,-4.106563091278076,VT65295|0|MEMB005B|+|2303,1151,no,ACTACA,GAAGCCTAATA,AATAAGTACTC
2769,positive,2559,-1.1065629720687866,VT65295|0|MEMB005D|-|2647,1347,no,TTAACA,CCAAACCAATT,GTTTTACGAGA
2770,positive,2559,-2.1065628528594966,VT65295|0|MEMB006A|-|2731,1409,no,GTAACA,CCAAACCAATT,ATTGGAACAAT
2771,positive,2559,-4.106563091278076,VT65295|0|MEMB006C|+|2238,1159,no,ACTAAC,GAAGCCTAATA,TATGGTTACGT
2772,positive,2559,-0.5216004252433777,VT65295|0|MEMB007B|-|2640,1256,no,TATATG,aatatagaaat,TACAAAAGTTT
2773,positive,2559,-4.106563091278076,VT65295|0|MEMB007D|-|2925,1574,no,ACGACA,AGTTACAAAAT,ACTTACAATCG
2774,positive,2559,-4.106563091278076,VT65295|0|MEMB008C|-|2328,1171,no,ACTACT,TAAGCCTAATA,TTATAGGTACT
2775,negative,2561,-0.5216004252433777,VT65295|0|MEMB002A|+|3572,2184,no,AATATA,TTTATAAGGTT,CCAAACTTTTG
2776,negative,2561,-3.106562852859497,VT65295|0|MEMB002B|-|1683,1366,no,AATGTA,TATATCAGGCT,TTTAATGACCC
2777,negative,2561,-0.5216004252433777,VT65295|0|MEMB002C|-|3210,1830,no,AATATA,TTTATAAGGTT,CCAAACTTTTG
2778,negative,2561,3.1788392066955566,VT65295|0|MEMB002D|+|2569,1198,no,TACAAT,TGATTTAGTTA,TGTAAAACTTG
2779,negative,2561,-0.5216004252433777,VT65295|0|MEMB003C|+|2464,1107,no,AATATA,TTTATAAGGTT,CCAAACTTTTG
2780,negative,2561,-0.5216004252433777,VT65295|0|MEMB003F|-|2339,1171,no,TACGAA,TATGTTAGGCT,TTCCTAATCAT
2781,negative,2561,-3.106562852859497,VT65295|0|MEMB004A|-|1649,1360,no,AATGTA,TATATCAGACT,TCTAATGACCC
2782,negative,2561,-3.106562852859497,VT65295|0|MEMB004B|+|2160,1138,no,TATGTA,GTTCTTAGGTT,ATCAGAACTTA
2783,negative,2561,-0.5216004252433777,VT65295|0|MEMB004E|-|2307,1173,no,TATATA,GTTTTTAGGCT,TTCATTGCTAA
2784,negative,2561,-3.106562852859497,VT65295|0|MEMB005B|+|2303,1153,no,TTTGTA,GTTATTAGGCT,ATGAGTACTTA
2785,negative,2561,-1.991085767745972,VT65295|0|MEMB005D|-|2647,1349,no,ACTGTT,AAAATTGGTTT,TGTCTCGTAAA
2786,negative,2561,-1.991085767745972,VT65295|0|MEMB006A|-|2731,1411,no,ATTGTT,ACAATTGGTTT,CAATTGTTCCA
2787,negative,2561,-4.106563091278076,VT65295|0|MEMB006C|+|2238,1161,no,TAGTTA,GTTATTAGGCT,GAACGTAACCA
2788,negative,2561,0.06336206197738647,VT65295|0|MEMB007B|-|2640,1258,no,TACATA,TAATTTCTATA,ACAAACTTTTG
2789,negative,2561,-2.5216004848480225,VT65295|0|MEMB007D|-|2925,1576,no,GTTGTC,GTATTTTGTAA,AACGATTGTAA
2790,negative,2561,-4.106563091278076,VT65295|0|MEMB008C|-|2328,1173,no,AAAGTA,GTTATTAGGCT,TCAGTACCTAT
2791,positive,2567,2.0633621215820312,VT65295|0|MEMB002A|+|3572,2190,no,CAAAAG,ATAAATATATT,TTTGGGTCATT
2792,positive,2567,2.0633621215820312,VT65295|0|MEMB002C|-|3210,1836,no,CAAAAG,ATAAATATATT,TTTGGGTCATT
2793,positive,2567,3.2857544422149663,VT65295|0|MEMB002D|+|2569,1204,no,CAAGTT,AATCAATTGTA,TTACAATAATT
2794,positive,2567,2.0633621215820312,VT65295|0|MEMB003C|+|2464,1113,no,CAAAAG,ATAAATATATT,TTTGGGTCATT
2795,positive,2567,-4.106563091278076,VT65295|0|MEMB003F|-|2339,1177,no,ATGATT,ACATATTCGTA,AGGAATCGAAA
2796,positive,2567,2.7007920742034908,VT65295|0|MEMB004B|+|2160,1144,no,TAAGTT,AGAACTACATA,CTGATTGGGAG
2797,positive,2567,0.1158294826745987,VT65295|0|MEMB004E|-|2307,1179,no,TTAGCA,AAAACTATATA,ATGAATGGGAG
2798,positive,2567,2.7007920742034908,VT65295|0|MEMB005B|+|2303,1159,no,TAAGTA,ATAACTACAAA,CTCATTGGGAG
2799,positive,2567,-3.106562852859497,VT65295|0|MEMB005D|-|2647,1355,no,TTTACG,ATTTTAACAGT,AGACACTTAGT
2800,positive,2567,-3.106562852859497,VT65295|0|MEMB006A|-|2731,1417,no,TGGAAC,ATTGTAACAAT,AATTGCAATCT
2801,positive,2567,-1.991085767745972,VT65295|0|MEMB006C|+|2238,1167,no,TGGTTA,ATAACTAACTA,CGTTCCGATTG
2802,positive,2567,2.0633621215820312,VT65295|0|MEMB007B|-|2640,1264,no,CAAAAG,aatTATATGTA,TTTGTGTCATT
2803,positive,2567,-0.5216004252433777,VT65295|0|MEMB007D|-|2925,1582,no,TTACAA,AATACGACAAC,TCGTTGGTTGC
2804,positive,2567,-0.8841705322265625,VT65295|0|MEMB008C|-|2328,1179,no,ATAGGT,ATAACTACTTT,ACTGATTGGGA
2805,positive,2639,-3.5216004848480225,VT65295|0|MEMB002A|+|3572,2200,no,GGTCAT,TCAAAAGTTTG,TAAATAAATTG
2806,positive,2639,-3.5216004848480225,VT65295|0|MEMB002B|-|1683,1373,no,GGTCAT,TATATACATTG,TAAATAAATTG
2807,positive,2639,-3.5216004848480225,VT65295|0|MEMB002C|-|3210,1846,no,GGTCAT,TCAAAAGTTTG,TAAATAAATTG
2808,positive,2639,3.1788392066955566,VT65295|0|MEMB002D|+|2569,1213,no,CAATAA,TACAAGTTTTA,TTTTACTACTG
2809,positive,2639,1.5938767194747925,VT65295|0|MEMB002F|-|2530,1321,no,AAATAA,AAATGCGGAAG,TTAATGGATTC
2810,positive,2639,-2.1065628528594966,VT65295|0|MEMB003A|-|2218,1109,no,GGAAAA,ATATAAATTAG,TAAAAGTATTT
2811,positive,2639,1.0633620023727417,VT65295|0|MEMB003B|-|2439,1149,no,GAACAA,ATTAGCGGTCG,TTGTAATCTAA
2812,positive,2639,-3.5216004848480225,VT65295|0|MEMB003C|+|2464,1123,no,GGTCAT,TCAAAAGTTTG,TAATTAAATTG
2813,positive,2639,-2.1065628528594966,VT65295|0|MEMB003D|-|2218,1109,no,GGAAAA,ATATAAATTAG,TAAAAGTATTT
2814,positive,2639,1.0633620023727417,VT65295|0|MEMB003F|-|2339,1191,no,AAACAA,ATTAGGAATCG,TTGTAATCTAA
2815,positive,2639,-3.5216004848480225,VT65295|0|MEMB004A|-|1649,1367,no,GGTCAT,TATATACATTG,TAGATAAATTG
2816,positive,2639,1.0633620023727417,VT65295|0|MEMB004B|+|2160,1164,no,GAACAA,ATTGGGAGTCG,ATGTAATATAA
2817,positive,2639,1.0633620023727417,VT65295|0|MEMB004E|-|2307,1199,no,GAACAA,AATGGGAGTCG,TTGTAATCTAA
2818,positive,2639,1.0633620023727417,VT65295|0|MEMB005B|+|2303,1179,no,GAACAA,ATTGGGAGTCG,ATGTAATATAA
2819,positive,2639,1.0633620023727417,VT65295|0|MEMB005D|-|2647,1388,no,GAACAA,AGAAGGAGTGG,TTATAATCTAA
2820,positive,2639,1.0633620023727417,VT65295|0|MEMB006A|-|2731,1419,no,GAACAA,TGTAACAATTG,TTGCAATCTAA
2821,positive,2639,1.0633620023727417,VT65295|0|MEMB006C|+|2238,1191,no,GAACAA,ATTGGGAGTCG,ATGTAATCTAA
2822,positive,2639,-2.5216004848480225,VT65295|0|MEMB007B|-|2640,1274,no,TGTCAT,ACAAAAGTTTG,TAATAAGAATG
2823,positive,2639,1.0633620023727417,VT65295|0|MEMB007C|+|2249,1115,no,GAACAA,ATTAGGCATCG,TGGTAATCTAA
2824,positive,2639,-2.991085767745972,VT65295|0|MEMB007D|-|2925,1630,no,AGTTAT,ATCTCTACGTA,TACGTTTATAT
2825,positive,2639,1.0633620023727417,VT65295|0|MEMB008C|-|2328,1200,no,GAACAA,ATTGGGAGTCG,ATGTGTTCCAA
2826,positive,2639,-2.1065628528594966,VT65295|0|dkik|-|3985,1109,no,GGAAAA,ATATAAATTAG,TAAAAgtttgt
2827,positive,2713,0.1158294826745987,VT65295|0|MEMB002B|-|1683,1446,no,ttagat,atttttgctat,ttcttctttga
2828,positive,2713,3.2857544422149663,VT65295|0|MEMB002D|+|2569,1281,no,CAAGTT,TATGTTTGGAC,ACTAGGTTATT
2829,positive,2713,-0.9910857081413268,VT65295|0|MEMB002F|-|2530,1381,no,ATATTT,AATGTAATAAA,GTGGTTTTTTT
2830,positive,2713,-0.5216004252433777,VT65295|0|MEMB003A|-|2218,1143,no,CTAAGT,AATGTTTGTAA,GAATTGTACAA
2831,positive,2713,-0.5216004252433777,VT65295|0|MEMB003B|-|2439,1197,no,CGAATA,CATATTTGGAC,TATTTTATATA
2832,positive,2713,-0.5216004252433777,VT65295|0|MEMB003D|-|2218,1143,no,CTAAGT,AATGTTTGTAA,GAATTGTACAA
2833,positive,2713,0.1158294826745987,VT65295|0|MEMB003F|-|2339,1244,no,TTAGCC,TTTGGACACAG,AAATCATTTGA
2834,positive,2713,0.1158294826745987,VT65295|0|MEMB004A|-|1649,1440,no,TTAGAT,ATTTTTGCTAT,TTTTTCTTTGA
2835,positive,2713,2.0633621215820312,VT65295|0|MEMB005D|-|2647,1441,no,caaata,TTTATTTGaaa,ataaataaata
2836,positive,2713,3.2857544422149663,VT65295|0|MEMB006A|-|2731,1472,no,CAAGCC,TTTATTTGGAA,AAACTATAGTA
2837,positive,2713,0.1158294826745987,VT65295|0|MEMB006C|+|2238,1244,no,TTAGCC,TTTGGAGAAAG,AATAATTTTGG
2838,positive,2713,-1.1065629720687866,VT65295|0|MEMB007B|-|2640,1324,no,TTAAAT,TATTTTGTTAT,TACATTTCCGC
2839,positive,2713,-0.5216004252433777,VT65295|0|MEMB007C|+|2249,1168,no,CGAATA,TATATTTGGAG,TATTTTATATA
2840,positive,2713,0.008914276957511902,VT65295|0|MEMB007D|-|2925,1704,no,TTATAA,CAGCTTTAAAA,AATAAAACCAT
2841,positive,2713,-0.5216004252433777,VT65295|0|dkik|-|3985,1145,no,CTAAGT,aatgtttgtAA,GAATTGTACAA
2842,negative,2772,-1.1065629720687866,VT65295|0|MEMB002B|-|1683,1474,no,TATTAA,CTTAGATTAGC,TTAATATTAAA
2843,negative,2772,-1.1065629720687866,VT65295|0|MEMB002C|-|3210,1919,no,TATTCA,ATTAAGAAATA,TTGATATTAAA
2844,negative,2772,3.1788392066955566,VT65295|0|MEMB002D|+|2569,1304,no,TACAAT,CTAAAAAATAA,ATATTTAAAAG
2845,negative,2772,1.1788393259048462,VT65295|0|MEMB002E|-|2184,1162,no,TACAGT,ATAAAGAAATA,TTATCTAAAAG
2846,negative,2772,2.0633621215820312,VT65295|0|MEMB002F|-|2530,1384,no,CACAAA,TATTTTATTAC,ATCAAAAAAAC
2847,negative,2772,1.5938767194747925,VT65295|0|MEMB003A|-|2218,1171,no,CAAAAT,CTTTTTAAGAC,TCGGTCTCCAA
2848,negative,2772,-0.9910857081413268,VT65295|0|MEMB003B|-|2439,1211,no,CAATAT,ATAAAATATAT,ATTTAAAAAAA
2849,negative,2772,-1.1065629720687866,VT65295|0|MEMB003C|+|2464,1196,no,TATTAA,ATTATGAAATA,TTGATATTAAA
2850,negative,2772,1.5938767194747925,VT65295|0|MEMB003D|-|2218,1171,no,CAAAAT,CCTTTTAAGAC,TCGGTCTCCAA
2851,negative,2772,1.5938767194747925,VT65295|0|MEMB003F|-|2339,1272,no,TAGAAT,ATACAAAGTAT,ATATTTAAAAG
2852,negative,2772,-1.1065629720687866,VT65295|0|MEMB004A|-|1649,1468,no,TATTAA,CTTAGATCAGC,TTAATATTAAA
2853,negative,2772,0.1158294826745987,VT65295|0|MEMB004B|+|2160,1215,no,GATTAG,GCTAACTTTGT,CATTTTTAATC
2854,negative,2772,0.4783995747566223,VT65295|0|MEMB004E|-|2307,1247,no,AAAAAA,ACAAAACAAGA,TTTAAACAAAA
2855,negative,2772,0.4783995747566223,VT65295|0|MEMB005B|+|2303,1232,no,TAGAAA,AATACTTGATA,ATGATTCAAAG
2856,negative,2772,0.4783995747566223,VT65295|0|MEMB006A|-|2731,1500,no,CGAAAA,ATATTCAAGTA,ATTTGAAAACA
2857,negative,2772,3.1788392066955566,VT65295|0|MEMB006B|-|2950,1179,no,TACAAT,ATATATAAAAT,TTTTTTAAAAA
2858,negative,2772,-0.5216004252433777,VT65295|0|MEMB006C|+|2238,1265,no,TATAGA,ATATCCAAAAT,TATATAGAATA
2859,negative,2772,-1.1065629720687866,VT65295|0|MEMB007B|-|2640,1350,no,TATTAA,ATTAACGCAGC,TTGATATTAAA
2860,negative,2772,-0.9910857081413268,VT65295|0|MEMB007C|+|2249,1182,no,CAATAT,ATAAAATATAT,ATTTAAAAAGA
2861,negative,2772,1.4783995151519775,VT65295|0|MEMB007D|-|2925,1763,no,TATAAA,TTTTGTAAGTA,TACTACAAAGA
2862,negative,2772,-0.5216004252433777,VT65295|0|MEMB008C|-|2328,1259,no,TATTAC,ATTCCCATTTC,AAGGTAGAATA
2863,negative,2772,1.5938767194747925,VT65295|0|dkik|-|3985,1173,no,CAAAAT,CTTTTTAAGAC,TCGGTCTCCAA
2864,negative,3115,1.1788393259048462,VT65295|0|MEMB002A|+|3572,2373,no,CGCAGT,GGGCCCTCAAG,CTCGTTTGGAA
2865,negative,3115,1.1788393259048462,VT65295|0|MEMB002B|-|1683,1585,no,CGCAGT,GGGCCCTCAAG,CTCGTTTGGAA
2866,negative,3115,1.1788393259048462,VT65295|0|MEMB002C|-|3210,2030,no,CGCAGT,GGGCCCTCAAG,CTCGTTTGGAA
2867,negative,3115,3.1788392066955566,VT65295|0|MEMB002D|+|2569,1412,no,CACAAT,GGGCCATCAAA,CTCTTTTGGAA
2868,negative,3115,3.1788392066955566,VT65295|0|MEMB002E|-|2184,1272,no,CGCAAT,GGGCTATAAAA,TTCTTTCGGAA
2869,negative,3115,3.1788392066955566,VT65295|0|MEMB002F|-|2530,1496,no,CGCAAT,GGGCTCTAAAG,CTCGTTTGGAA
2870,negative,3115,3.1788392066955566,VT65295|0|MEMB003A|-|2218,1287,no,CGCAAT,GGGCTCTCAAA,TTCGTTTGGAA
2871,negative,3115,3.1788392066955566,VT65295|0|MEMB003B|-|2439,1324,no,CTCAAT,GGGCCATCAAA,TTCTTTTGGAA
2872,negative,3115,1.1788393259048462,VT65295|0|MEMB003C|+|2464,1307,no,CGCAGT,GGGCCCTCAAG,CTCGTTTGGAA
2873,negative,3115,3.1788392066955566,VT65295|0|MEMB003D|-|2218,1287,no,CACAAT,GGGCTCTCAAA,TTCGTTTGGAA
2874,negative,3115,3.1788392066955566,VT65295|0|MEMB003F|-|2339,1387,no,CGCAAT,GGGCCATCAAG,TACTTTCGGAA
2875,negative,3115,1.1788393259048462,VT65295|0|MEMB004A|-|1649,1571,no,CGCAGT,GGGCCCTCAAG,CTCGTTTGGAA
2876,negative,3115,3.1788392066955566,VT65295|0|MEMB004B|+|2160,1321,no,CGCAAT,GGGCCACCAAG,TACGTTCGGAA
2877,negative,3115,1.1788393259048462,VT65295|0|MEMB004E|-|2307,1365,no,TGCAGT,GGGCCATCAAG,TACTTTTGGAA
2878,negative,3115,3.1788392066955566,VT65295|0|MEMB005B|+|2303,1349,no,CGCAAT,GGGCCATCAAG,TACGTTCGGAA
2879,negative,3115,3.1788392066955566,VT65295|0|MEMB005D|-|2647,1539,no,CGCAAT,GGATCATCAAG,TTCGTTTGGAA
2880,negative,3115,3.1788392066955566,VT65295|0|MEMB006A|-|2731,1617,no,CGCAAT,GGTTCATCAAG,TTCTTTTGGAA
2881,negative,3115,3.1788392066955566,VT65295|0|MEMB006B|-|2950,1295,no,CTCAAT,GGCTCATCAAA,TAACTTTGGAA
2882,negative,3115,3.1788392066955566,VT65295|0|MEMB006C|+|2238,1383,no,CGCAAT,GGGCCGTCAAG,TACCTTTGGAA
2883,negative,3115,1.1788393259048462,VT65295|0|MEMB007B|-|2640,1461,no,CTCAGT,GGGCCCTCAAG,CTCGTTTGGAA
2884,negative,3115,3.1788392066955566,VT65295|0|MEMB007C|+|2249,1295,no,CTCAAT,GGGCCCTTAAA,TTCTTTTGGAA
2885,negative,3115,3.1788392066955566,VT65295|0|MEMB007D|-|2925,2106,no,CTCAAT,GGGCGATCAAG,TGCGTTTGGAA
2886,negative,3115,3.1788392066955566,VT65295|0|MEMB008C|-|2328,1371,no,CGCAAT,GGTTCATCAAA,TAAGTTTGGAA
2887,negative,3115,3.1788392066955566,VT65295|0|dkik|-|3985,1289,no,CGCAAT,GGGCTCTCAAA,TTCGTTTGGAA
2888,negative,3353,3.1788392066955566,VT65295|0|MEMB002D|+|2569,1547,no,CACACT,GAGATAATGGA,ACTTAAAGAGA
2889,negative,3353,-2.1065628528594966,VT65295|0|MEMB003B|-|2439,1464,no,ATGTAA,AATTTATGTGT,TTGGTGATACA
2890,negative,3353,-2.991085767745972,VT65295|0|MEMB006B|-|2950,1435,no,AAATTT,GTAATTAGGTT,ACAGCCATGTA
2891,negative,3353,-0.9910857081413268,VT65295|0|dkik|-|3985,1525,no,TCGTAT,CAACAAACTAT,GTGGTCGGGGC
2892,positive,3388,0.1158294826745987,VT65295|0|MEMB002A|+|3572,2511,no,TTAGAA,TTTCAGTAATC,AAAGTGAAGAA
2893,positive,3388,0.1158294826745987,VT65295|0|MEMB002C|-|3210,2168,no,TTAGAG,TTTCAGTAATC,AAAGTGAAGAA
2894,positive,3388,3.2857544422149663,VT65295|0|MEMB002D|+|2569,1572,no,CAAGGT,AGTTAAATATT,GTAGTGGTCAA
2895,positive,3388,-0.5216004252433777,VT65295|0|MEMB002F|-|2530,1634,no,CCAAAG,TTTCAATAACG,AAAGTCATGAC
2896,positive,3388,0.1158294826745987,VT65295|0|MEMB003C|+|2464,1423,no,TTAGAG,TTTCAGTAATC,AAAGTGAAGAA
2897,positive,3388,-0.5216004252433777,VT65295|0|MEMB003F|-|2339,1521,no,CTCAAG,TTTCAATAATC,TTTTACATTGG
2898,positive,3388,-2.5216004848480225,VT65295|0|MEMB004E|-|2307,1500,no,CTTAAG,GTTCAATAAGC,TTTTACATTGT
2899,positive,3388,-0.5216004252433777,VT65295|0|MEMB005B|+|2303,1490,no,CTAAAG,TTTCAATAATC,TCTCACTATAA
2900,positive,3388,-0.5216004252433777,VT65295|0|MEMB005D|-|2647,1665,no,CCCAAG,TTTCAATAATC,GAATAGCCTAG
2901,positive,3388,-0.5216004252433777,VT65295|0|MEMB006A|-|2731,1752,no,CCAAAG,TTTCAATAATT,CAAAATGTATC
2902,positive,3388,-1.991085767745972,VT65295|0|MEMB006B|-|2950,1470,no,TTTTCC,GTGAAGAAATC,GAACCTATAGG
2903,positive,3388,0.1158294826745987,VT65295|0|MEMB007B|-|2640,1599,no,TTAGAG,TTTCAGTAATC,AAAGTCAGAGA
2904,positive,3388,0.06336206197738647,VT65295|0|MEMB008C|-|2328,1506,no,CAGAAG,TTTCAATAATC,TTTTACAAAGT
2905,positive,3388,-2.5216004848480225,VT65295|0|dkik|-|3985,1550,no,cgtacg,cactattaatt,gcagctttttt
2906,positive,3402,1.5938767194747925,VT65295|0|MEMB002A|+|3572,2525,no,GAATTT,GAAAAAGTGAA,TCCTTATTTTT
2907,positive,3402,1.5938767194747925,VT65295|0|MEMB002C|-|3210,2182,no,GAATTT,GAGAAAGTGAA,TTATTATTTTT
2908,positive,3402,3.1788392066955566,VT65295|0|MEMB002D|+|2569,1586,no,CAATTT,GGTGTAGTGGT,TGTATGAACAT
2909,positive,3402,1.5938767194747925,VT65295|0|MEMB002F|-|2530,1648,no,GACTTT,AAGAAAGTCAT,CTTTTCGTCTC
2910,positive,3402,1.5938767194747925,VT65295|0|MEMB003C|+|2464,1437,no,GAATTT,GAGAAAGTGAA,TCATTCTTTTT
2911,positive,3402,-0.9910857081413268,VT65295|0|MEMB006A|-|2731,1766,no,ATCTTT,AAGCAAAATGT,TGTCGGCTTAA
2912,positive,3402,-2.991085767745972,VT65295|0|MEMB006B|-|2950,1484,no,AGGTTA,TCCGAACCTAT,CTACTCccttc
2913,positive,3402,-0.8841705322265625,VT65295|0|MEMB007B|-|2640,1613,no,AGAGAC,GAGAAAGTCAG,TTTCTTTCTTT
2914,positive,3402,-3.106562852859497,VT65295|0|dkik|-|3985,1564,no,tttact,acggcagcttt,cgtataaaata
2915,positive,3534,1.7007919549942017,VT65295|0|MEMB002A|+|3572,2566,no,AAAGCT,AAACAAGTAGG,ACAGTCGAGTG
2916,positive,3534,1.7007919549942017,VT65295|0|MEMB002C|-|3210,2223,no,AAAGCT,AAACAAGTAGG,ACAGTCGAGTG
2917,positive,3534,3.1788392066955566,VT65295|0|MEMB002D|+|2569,1633,no,cactgt,ACATATATAcc,agaacctcctt
2918,positive,3534,1.7007919549942017,VT65295|0|MEMB003C|+|2464,1478,no,AAAGCT,AAACAAGTAGG,ACTGTCGAGTG
2919,positive,3534,1.5938767194747925,VT65295|0|MEMB006B|-|2950,1616,no,gaatca,attcttgatca,acagccgagtc
2920,positive,3534,1.7007919549942017,VT65295|0|MEMB007B|-|2640,1656,no,AAAGCT,AAACGAGTAGG,ACAGTCGAGTG
2921,positive,3534,-2.1065628528594966,VT65295|0|dkik|-|3985,1695,no,acaaca,gtacttcgaca,acaatagtgtt
2922,positive,3710,-1.1065629720687866,VT65295|0|MEMB002A|+|3572,2642,no,TGAACA,TAAATAGCACA,TGGTAAATAAA
2923,positive,3710,-1.1065629720687866,VT65295|0|MEMB002C|-|3210,2303,no,TGAACA,TAAATAGCACA,TGGTAAATAAA
2924,positive,3710,3.1788392066955566,VT65295|0|MEMB002D|+|2569,1682,no,cactaa,taatttgtaca,tctctaacgta
2925,positive,3710,1.4783995151519775,VT65295|0|MEMB002E|-|2184,1428,no,TACAAC,AAAGGTTATGT,TTAGAAATAAT
2926,positive,3710,0.008914276957511902,VT65295|0|MEMB002F|-|2530,1713,no,TTATTT,TAACTTGGAAA,AAATAAATAAT
2927,positive,3710,1.4783995151519775,VT65295|0|MEMB003A|-|2218,1434,no,TAAAAC,GAAATTCAGGA,TTGGAAATAAG
2928,positive,3710,1.4783995151519775,VT65295|0|MEMB003B|-|2439,1513,no,TACAAT,AAAGTTTACAT,TTGGAAATATT
2929,positive,3710,-1.1065629720687866,VT65295|0|MEMB003C|+|2464,1558,no,TGAACA,TAAATAGCACA,TGGTAAATAAA
2930,positive,3710,1.4783995151519775,VT65295|0|MEMB003D|-|2218,1434,no,TAAAAC,GAAAGTCAGGA,TTGGAAATAAG
2931,positive,3710,1.4783995151519775,VT65295|0|MEMB003F|-|2339,1563,no,TACAAC,AAAGTGTAATT,TTGTAATGATA
2932,positive,3710,-1.1065629720687866,VT65295|0|MEMB004B|+|2160,1453,no,TGCAAA,ATTCTTTGCGT,CTAGAAATAGA
2933,positive,3710,1.4783995151519775,VT65295|0|MEMB004E|-|2307,1542,no,TACAAC,AAAGTGTACTG,TTGTATACAAT
2934,positive,3710,1.4783995151519775,VT65295|0|MEMB005B|+|2303,1516,no,TACAAC,AAAGAGTACGT,TTGTAAATAAT
2935,positive,3710,2.0633621215820312,VT65295|0|MEMB005D|-|2647,1709,no,CACATC,TAAAGGTCAGG,TTATAAATAAT
2936,positive,3710,2.593876838684082,VT65295|0|MEMB006A|-|2731,1812,no,TACTGC,AAATGTTAGGT,TCATAAATAAT
2937,positive,3710,1.4783995151519775,VT65295|0|MEMB006B|-|2950,1788,no,taaatt,ggaacgatcgg,tttcgaaaaaa
2938,positive,3710,0.008914276957511902,VT65295|0|MEMB007B|-|2640,1732,no,TGATCA,TAAATAGCACA,TGGTAAATAGA
2939,positive,3710,-2.1065628528594966,VT65295|0|MEMB007C|+|2249,1442,no,ACCAAA,TACATTGTATC,AGTTAAATAAA
2940,positive,3710,1.4783995151519775,VT65295|0|MEMB008C|-|2328,1529,no,TACAAC,AAAGTGTACGT,TTGTAAATAGT
2941,positive,3710,-3.106562852859497,VT65295|0|dkik|-|3985,1844,no,ttgacc,taacatcaccc,ttaacgacaca
2942,positive,3822,0.06336206197738647,VT65295|0|MEMB002A|+|3572,2726,no,TAGCTA,AAAAACAGTTG,GGAACATGTTG
2943,positive,3822,0.06336206197738647,VT65295|0|MEMB002C|-|3210,2387,no,TAGCTA,AAAATCAATTG,GGAACATGTTG
2944,positive,3822,3.1788392066955566,VT65295|0|MEMB002D|+|2569,1735,no,cactta,taattctaacc,gtgcacatgca
2945,positive,3822,-0.9910857081413268,VT65295|0|MEMB002F|-|2530,1760,no,GTATCC,AACCATCATCA,ATTTGACATGC
2946,positive,3822,0.5938767790794373,VT65295|0|MEMB003C|+|2464,1642,no,TAGTTA,AAAAACAATTG,GGAACATGTTG
2947,positive,3822,1.5938767194747925,VT65295|0|MEMB006B|-|2950,1897,no,aaatcg,aaatttcatga,gacgactatat
2948,positive,3822,0.4783995747566223,VT65295|0|MEMB006C|+|2238,1482,no,GACATA,AAGAAGATAAA,CGTATGCAAGC
2949,positive,3822,0.06336206197738647,VT65295|0|MEMB007B|-|2640,1796,no,TAGCTA,ATACACAATTG,GGAACATGTTG
2950,positive,3822,0.5938767790794373,VT65295|0|MEMB007C|+|2249,1487,no,TAGTTT,GAAAATAATTA,GGAGCTCAAGT
2951,positive,3822,-2.991085767745972,VT65295|0|dkik|-|3985,1956,no,gggttc,taattcagaca,tttgaggttca
2952,negative,4057,0.008914276957511902,VT65295|0|MEMB002A|+|3572,2731,no,GTTCCT,AGCTACAACTG,TCCTGCAACAT
2953,negative,4057,0.008914276957511902,VT65295|0|MEMB002C|-|3210,2392,no,GTTCCT,AGCTACAATTG,TCCTGCAACAT
2954,negative,4057,3.1788392066955566,VT65295|0|MEMB002D|+|2569,1740,no,TGCACT,AAGTGGGTTAG,TTGCTTGCATG
2955,negative,4057,-0.29920801520347595,VT65295|0|MEMB002F|-|2530,1765,no,CAAATG,GATACTGATGA,TTGAAGCATGT
2956,negative,4057,-2.5216004848480225,VT65295|0|MEMB003B|-|2439,1532,no,AACTTA,TAAATATTTCC,CTTGAGCTCGA
2957,negative,4057,0.008914276957511902,VT65295|0|MEMB003C|+|2464,1647,no,GTTCCT,AACTACAATTG,TCCTGCAACAT
2958,negative,4057,-0.9910857081413268,VT65295|0|MEMB005D|-|2647,1727,no,AAATAT,TATTATTTATA,CTTAAGCTTGA
2959,negative,4057,-0.9910857081413268,VT65295|0|MEMB006A|-|2731,1830,no,AAATAT,TATTATTTATG,CTTGAGCTTGA
2960,negative,4057,-1.5216004848480225,VT65295|0|MEMB006B|-|2950,1902,no,TCGTCC,GATTTTCATGA,ATAGGATATAG
2961,negative,4057,-2.991085767745972,VT65295|0|MEMB006C|+|2238,1487,no,ATACGT,ATGTCTTTATC,TCTAGGCTTGC
2962,negative,4057,0.008914276957511902,VT65295|0|MEMB007B|-|2640,1801,no,GTTCCT,AGCTACAATTG,TCCTGCAACAT
2963,negative,4057,-1.1065629720687866,VT65295|0|MEMB007C|+|2249,1492,no,GCTCCA,AACTATAATTA,TGGCCACTTGA
2964,negative,4057,-0.9910857081413268,VT65295|0|MEMB008C|-|2328,1547,no,AAATAT,CACTATTTACA,CTTAAGCCTGA
2965,negative,4057,-0.9910857081413268,VT65295|0|dkik|-|3985,2191,no,AAATAT,GTTAACATCTT,TCAACGCAGAA
2966,positive,4092,-0.8841705322265625,VT65295|0|MEMB002A|+|3572,2742,no,GCAGGA,AGGAACATGTT,ACCAATGTAGA
2967,positive,4092,-0.8841705322265625,VT65295|0|MEMB002C|-|3210,2403,no,GCAGGA,AGGAACATGTT,ACCGATGTAGA
2968,positive,4092,3.2857544422149663,VT65295|0|MEMB002D|+|2569,1750,no,caagca,tagtgcacatg,aacaatcttgc
2969,positive,4092,-1.1065629720687866,VT65295|0|MEMB002F|-|2530,1778,no,TCAACA,TTTGACATGCT,TTCAGTATGTT
2970,positive,4092,3.2857544422149663,VT65295|0|MEMB003A|-|2218,1453,no,CAAGTG,GGAAATAAGCT,GACAAAGTAGC
2971,positive,4092,3.2857544422149663,VT65295|0|MEMB003B|-|2439,1545,no,CAAGTG,AGTTTCGAGCT,GCcaagaaaga
2972,positive,4092,-0.8841705322265625,VT65295|0|MEMB003C|+|2464,1658,no,GCAGGA,AGGAACATGTT,ACCAATGTAGA
2973,positive,4092,1.7007919549942017,VT65295|0|MEMB003D|-|2218,1453,no,AAAGTG,GGAAATAAGCT,GACAAAATAGG
2974,positive,4092,3.2857544422149663,VT65295|0|MEMB003F|-|2339,1590,no,CAAGTC,ATTTTCAAACA,ACCAATTCGAA
2975,positive,4092,2.0633621215820312,VT65295|0|MEMB005B|+|2303,1547,no,CAAACC,ATTTTCAAGCT,ACCAATTTGTA
2976,positive,4092,2.7007920742034908,VT65295|0|MEMB005D|-|2647,1740,no,TAAGTT,ATTTTCAAGCT,GCCAGTTTGGT
2977,positive,4092,3.2857544422149663,VT65295|0|MEMB006A|-|2731,1843,no,CAAGTT,ATTTTCAAGCT,GCCAGAAaaga
2978,positive,4092,1.2857544422149658,VT65295|0|MEMB006B|-|2950,1937,no,caggga,ataggaacaat,aataatagaaa
2979,positive,4092,-0.8841705322265625,VT65295|0|MEMB007B|-|2640,1812,no,GCAGGA,AGGAACATGTT,ACCGATGTTGG
2980,positive,4092,3.2857544422149663,VT65295|0|MEMB007C|+|2249,1499,no,CAAGTG,AGTTTGGAGCT,GCCAAGAAAGA
2981,positive,4092,2.7007920742034908,VT65295|0|MEMB008C|-|2328,1560,no,TAAGCC,ATTTTCAGGCT,ACCAAAACCAT
2982,positive,4092,-0.8841705322265625,VT65295|0|dkik|-|3985,2226,no,gcagct,atcaataaagt,gccccactcct
2983,negative,4253,0.06336206197738647,VT65295|0|MEMB002A|+|3572,2754,no,CTCTAC,ATTGGTTCCTG,TCCAAAGGGCT
2984,negative,4253,0.06336206197738647,VT65295|0|MEMB002C|-|3210,2415,no,CTCTAC,ATCGGTTCCTG,TAGAAATTGTC
2985,negative,4253,3.2857544422149663,VT65295|0|MEMB002D|+|2569,1762,no,TGCAAG,ATTGTTTGCTT,CACCGGCATAG
2986,negative,4253,-0.9910857081413268,VT65295|0|MEMB002F|-|2530,1790,no,TAACAT,ACTGAATGTTG,GTATCAAACAT
2987,negative,4253,0.06336206197738647,VT65295|0|MEMB003A|-|2218,1465,no,CGCTAC,TTTGTCCACTT,AACATATTTTC
2988,negative,4253,-1.4061232805252075,VT65295|0|MEMB003B|-|2439,1557,no,ATCTTT,CTTGGCCACTT,GGCAGTTATCT
2989,negative,4253,0.06336206197738647,VT65295|0|MEMB003C|+|2464,1670,no,ATCTAC,ATTGGTTCCTG,TAGAAATTGTA
2990,negative,4253,0.5938767790794373,VT65295|0|MEMB003D|-|2218,1465,no,CCCTAT,TTTGTCCACTT,AACATATTTTC
2991,negative,4253,-3.106562852859497,VT65295|0|MEMB003F|-|2339,1602,no,TTTCGA,ATTGGTGACTT,ATATGTATGAT
2992,negative,4253,-2.1065628528594966,VT65295|0|MEMB005B|+|2303,1559,no,TTACAA,ATTGGTGGTTT,TGCTTTCTGAC
2993,negative,4253,-0.5216004252433777,VT65295|0|MEMB005D|-|2647,1752,no,TACCAA,ACTGGCAACTT,AGACATATGAT
2994,negative,4253,0.008914276957511902,VT65295|0|MEMB006B|-|2950,1949,no,TTTTCT,ATTATTTCCCT,AAGTTATGATT
2995,negative,4253,2.648324489593506,VT65295|0|MEMB007B|-|2640,1824,no,TCCAAC,ATCGGTTCCTG,CAAACTCCAAC
2996,negative,4253,-1.991085767745972,VT65295|0|MEMB008C|-|2328,1572,no,TATGGT,TTTGGTGGCTT,ACTAACGTATG
2997,negative,4253,0.008914276957511902,VT65295|0|dkik|-|3985,2387,no,TATCAT,ATTTAGCGATG,CAATGGAACAC
2998,positive,4257,-0.8841705322265625,VT65295|0|MEMB002A|+|3572,2758,no,AGAGCC,AACCAATGTAG,CTTTGGAGTTT
2999,positive,4257,-4.106563091278076,VT65295|0|MEMB002C|-|3210,2419,no,AGGACA,AACCGATGTAG,ATTTCTACATT
3000,positive,4257,3.1788392066955566,VT65295|0|MEMB002D|+|2569,1766,no,cactat,aaacaatcttg,gccggtggtta
3001,positive,4257,2.593876838684082,VT65295|0|MEMB002F|-|2530,1794,no,TAATGT,ATTCAGTATGT,TTGATACTCAA
3002,positive,4257,-2.5216004848480225,VT65295|0|MEMB003A|-|2218,1469,no,CGGAAA,GGACAAAGTAG,ATATGTTAAAA
3003,positive,4257,-0.8841705322265625,VT65295|0|MEMB003B|-|2439,1561,no,atagat,GGCcaagaaag,aactgccgcac
3004,positive,4257,-4.106563091278076,VT65295|0|MEMB003C|+|2464,1674,no,ATTACA,AACCAATGTAG,ATTTCTACATT
3005,positive,4257,-4.106563091278076,VT65295|0|MEMB003D|-|2218,1469,no,GGGAAA,GGACAAAATAG,ATATGTTGAAA
3006,positive,4257,1.5938767194747925,VT65295|0|MEMB003F|-|2339,1606,no,AAATCA,CACCAATTCGA,TACATATATAT
3007,positive,4257,-0.4061232209205627,VT65295|0|MEMB005B|+|2303,1563,no,AAGTCA,CACCAATTTGT,GAAAGcactgc
3008,positive,4257,2.593876838684082,VT65295|0|MEMB005D|-|2647,1756,no,TAATCA,TGCCAGTTTGG,TATGTCTAAAa
3009,positive,4257,0.4783995747566223,VT65295|0|MEMB006B|-|2950,1953,no,aaaatc,aaataatagaa,ataactttgct
3010,positive,4257,-0.4061232209205627,VT65295|0|MEMB007B|-|2640,1828,no,GAGTTG,AACCGATGTTG,GAGTTTGTTCC
3011,positive,4257,1.4783995151519775,VT65295|0|MEMB008C|-|2328,1576,no,TACATA,CACCAAAACCA,CGTTAGTCAAG
3012,positive,4257,0.5938767790794373,VT65295|0|dkik|-|3985,2391,no,tagtgt,gctaaatatga,tccattgcctt
3013,positive,4395,3.2857544422149663,VT65295|0|MEMB002D|+|2569,1832,no,cacgtg,acccgaacaga,attggtagtgc
3014,positive,4395,0.008914276957511902,VT65295|0|MEMB003B|-|2439,1655,no,tgatgc,cgactggctgt,tagtcgagaaa
3015,positive,4395,-2.991085767745972,VT65295|0|MEMB005D|-|2647,1894,no,acttta,agaataaataa,tagggtcggaa
3016,positive,4395,-2.991085767745972,VT65295|0|MEMB006A|-|2731,1978,no,acttta,agaatatttaa,tacggtcggaa
3017,positive,4395,-4.106563091278076,VT65295|0|MEMB006B|-|2950,2089,no,gggaaa,aggaacaatca,taatagaaaaa
3018,positive,4395,2.0633621215820312,VT65295|0|dkik|-|3985,2529,no,cacagt,acatagtctat,gcataccttat
3019,negative,4397,3.2857544422149663,VT65295|0|MEMB002D|+|2569,1834,no,ATCACG,TGTCTGTTCGG,ATGCACTACCA
3020,negative,4397,-0.9910857081413268,VT65295|0|MEMB003B|-|2439,1657,no,TAGCAT,CAACAGCCAGT,GTTTTCTCGAC
3021,negative,4397,1.4783995151519775,VT65295|0|MEMB005D|-|2647,1896,no,TATAAA,GTTTATTTATT,TTTTCCGACCC
3022,negative,4397,1.4783995151519775,VT65295|0|MEMB006A|-|2731,1980,no,TATAAA,GTTTAAATATT,CTTTCCGACCG
3023,negative,4397,-2.5216004848480225,VT65295|0|MEMB006B|-|2950,2091,no,TATTTC,CCTGATTGTTC,GTTTTTTCTAT
3024,negative,4397,-2.8841705322265625,VT65295|0|dkik|-|3985,2531,no,GCACTG,TGATAGACTAT,CTATAAGGTAT
3025,negative,4401,3.1788392066955566,VT65295|0|MEMB002D|+|2569,1838,no,ACCAAT,CACGTGTCTGT,GTTGATGCACT
3026,negative,4401,0.06336206197738647,VT65295|0|MEMB002E|-|2184,1445,no,AATATC,ATTATTTCTAA,TTGAGCTTAAA
3027,negative,4401,-4.106563091278076,VT65295|0|MEMB003B|-|2439,1661,no,CGACTA,GCATCAACAGC,TTATGTTTTCT
3028,negative,4401,-0.9910857081413268,VT65295|0|MEMB004E|-|2307,1560,no,AAATAT,AATTGTATACA,TGCTTTCTTAA
3029,negative,4401,-2.5216004848480225,VT65295|0|MEMB005D|-|2647,1900,no,ACCCTA,TAAAGTTTATT,GGTTTTTTCCG
3030,negative,4401,-2.5216004848480225,VT65295|0|MEMB006A|-|2731,1984,no,ACCGTA,TAAAGTTTAAA,GGTTCTTTCCG
3031,negative,4401,-4.106563091278076,VT65295|0|MEMB006B|-|2950,2095,no,CTATTA,TTTCCCTGATT,TAATGTTTTTT
3032,negative,4401,-3.5216004848480225,VT65295|0|dkik|-|3985,2535,no,GTATGC,ACTGTGATAGA,AGTTCTATAAG
3033,negative,4407,1.4783995151519775,VT65295|0|MEMB002A|+|3572,2826,no,TTTAAA,ACATCAAAAGT,TTGAACTTGAT
3034,negative,4407,1.4783995151519775,VT65295|0|MEMB002C|-|3210,2463,no,TTTAAA,ACATCACAAGT,TTGAACTTGAT
3035,negative,4407,3.1788392066955566,VT65295|0|MEMB002D|+|2569,1844,no,TGCACT,ACCAATCACGT,ATGACCGTTGA
3036,negative,4407,1.4783995151519775,VT65295|0|MEMB002E|-|2184,1451,no,CTTAAA,AATATCATTAT,AGCCAGTTGAG
3037,negative,4407,-1.1065629720687866,VT65295|0|MEMB002F|-|2530,1800,no,TATCAA,ACATTAACATA,ACAAATTTGAG
3038,negative,4407,0.008914276957511902,VT65295|0|MEMB003B|-|2439,1667,no,TTTTCT,CGACTAGCATC,CTGCGTTTATG
3039,negative,4407,1.4783995151519775,VT65295|0|MEMB003C|+|2464,1718,no,TTTAAA,ACATCAAAAGT,TTGAACTTGAT
3040,negative,4407,-1.1065629720687866,VT65295|0|MEMB004E|-|2307,1566,no,TCTTAA,AAATATAATTG,ACGCAGTGCTT
3041,negative,4407,0.1158294826745987,VT65295|0|MEMB005D|-|2647,1906,no,TTTCCG,ACCCTATAAAG,GTGAAGGGTTT
3042,negative,4407,0.1158294826745987,VT65295|0|MEMB006A|-|2731,1990,no,TTTCCG,ACCGTATAAAG,GTGAAGGGTTC
3043,negative,4407,-1.991085767745972,VT65295|0|MEMB006B|-|2950,2101,no,TTTTTT,CTATTATTTCC,GCGAAGTAATG
3044,negative,4407,1.4783995151519775,VT65295|0|MEMB007B|-|2640,1894,no,TTTAAA,ACATCAAAAGT,TTGAACTTGAT
3045,negative,4407,-3.106562852859497,VT65295|0|MEMB008C|-|2328,1588,no,TCTTGA,CTAACGTATGT,ACGAAGTGATT
3046,negative,4407,2.7007920742034908,VT65295|0|dkik|-|3985,2541,no,TATAAG,GTATGCACTGT,GATATAAGTTC
3047,negative,4730,-2.1065628528594966,VT65295|0|MEMB002A|+|3572,2868,no,AAACAA,AAAACATTATT,TGGATTTTGAA
3048,negative,4730,2.0633621215820312,VT65295|0|MEMB002C|-|3210,2505,no,AACAAA,AAAACATTATT,GGATTTTGAAA
3049,negative,4730,3.1788392066955566,VT65295|0|MEMB002D|+|2569,1883,no,ACCAAT,ATATAATTTAA,ATCTAACACAT
3050,negative,4730,-0.9910857081413268,VT65295|0|MEMB002E|-|2184,1487,no,ATATAT,AATATACATAT,AACATATTCCA
3051,negative,4730,1.5938767194747925,VT65295|0|MEMB003A|-|2218,1501,no,AAGAAT,TATATATTTTC,AACTATTTAGA
3052,negative,4730,-0.9910857081413268,VT65295|0|MEMB003B|-|2439,1745,no,GGGTAT,TCTTATTATCA,ACACTCTTGCA
3053,negative,4730,-2.1065628528594966,VT65295|0|MEMB003C|+|2464,1760,no,AAACAA,AAAACATTATT,TGGATTTTGAA
3054,negative,4730,1.5938767194747925,VT65295|0|MEMB003D|-|2218,1501,no,AAGAAT,TATATATTTTC,AACTATTTAGA
3055,negative,4730,-0.9910857081413268,VT65295|0|MEMB003F|-|2339,1643,no,GGGTAT,TCTAATTCTAG,TTACCCTTGCA
3056,negative,4730,-0.9910857081413268,VT65295|0|MEMB004B|+|2160,1470,no,GGGTAT,TCTATTTCTAG,AAACCCTAACA
3057,negative,4730,-0.9910857081413268,VT65295|0|MEMB004E|-|2307,1607,no,GGGTAT,TCTAATTCTAG,TGCCCCTTGCA
3058,negative,4730,-0.9910857081413268,VT65295|0|MEMB005B|+|2303,1606,no,GGGTAT,AATAATTCTAG,TTACCCTTGCA
3059,negative,4730,-2.991085767745972,VT65295|0|MEMB005D|-|2647,1947,no,GGATGT,ATTCATTTTAG,GTACTCTTGCA
3060,negative,4730,-3.5216004848480225,VT65295|0|MEMB006A|-|2731,2031,no,GGATGC,ATTAATTTTAG,ATGCTCTTGCA
3061,negative,4730,-0.9910857081413268,VT65295|0|MEMB006B|-|2950,2260,no,GGGTAT,TCTTATTCTCA,ACACCATTGCA
3062,negative,4730,-0.9910857081413268,VT65295|0|MEMB006C|+|2238,1539,no,GGGTAT,TCTAGTTCTAG,TTAATATTGCA
3063,negative,4730,-2.1065628528594966,VT65295|0|MEMB007B|-|2640,1936,no,AAACAA,AAAACATTATT,TGGATTTTGAA
3064,negative,4730,-0.9910857081413268,VT65295|0|MEMB007D|-|2925,2226,no,ATACAT,ATATTCATTCA,TTATTATTATA
3065,negative,4730,-0.9910857081413268,VT65295|0|MEMB008C|-|2328,1629,no,GGGTAT,TCGAAGTGTAG,TTACCTTTGCA
3066,negative,4730,0.4783995747566223,VT65295|0|dkik|-|3985,2864,no,AGGAAA,TAAGAATTTTA,GCCAATTTGCA
3067,positive,5191,2.648324489593506,VT65295|0|MEMB002A|+|3572,2907,no,CACCCG,ATTAAAACACT,AATAATGTTCA
3068,positive,5191,2.648324489593506,VT65295|0|MEMB002C|-|3210,2545,no,CACCCG,ATTAAAACACT,AATAATGTTCA
3069,positive,5191,3.1788392066955566,VT65295|0|MEMB002D|+|2569,1914,no,CACTCG,ACGATTAGACT,GATAATGTTCA
3070,positive,5191,3.1788392066955566,VT65295|0|MEMB002E|-|2184,1522,no,CACTCG,atGATTAGACT,GATAATGTTCA
3071,positive,5191,3.1788392066955566,VT65295|0|MEMB002F|-|2530,1858,no,CACTCG,CTGGAAAGACT,AATAATGTTCA
3072,positive,5191,3.1788392066955566,VT65295|0|MEMB003A|-|2218,1558,no,CACTCG,atttaAAAACT,GATAATGTTCA
3073,positive,5191,3.1788392066955566,VT65295|0|MEMB003B|-|2439,1789,no,CACTCG,ACGATAAGACT,GATAATGTTCA
3074,positive,5191,2.648324489593506,VT65295|0|MEMB003C|+|2464,1799,no,CACCCG,ATTAAAACACT,AATAACGTTCA
3075,positive,5191,3.1788392066955566,VT65295|0|MEMB003D|-|2218,1558,no,CACTCG,atttaAAAACT,GATAATGTTCA
3076,positive,5191,3.1788392066955566,VT65295|0|MEMB003F|-|2339,1683,no,CACTCG,ATGATAAGACT,AATAATGTTTA
3077,positive,5191,2.593876838684082,VT65295|0|MEMB004B|+|2160,1503,no,TACTCG,TCGAAGAGACT,AATTATGTTCA
3078,positive,5191,3.1788392066955566,VT65295|0|MEMB004E|-|2307,1647,no,CACTCG,ACGATAAGACT,AATAATGTTCA
3079,positive,5191,3.1788392066955566,VT65295|0|MEMB005B|+|2303,1646,no,CACTCG,ATGATGGGACT,AATAATGTTCA
3080,positive,5191,3.1788392066955566,VT65295|0|MEMB005D|-|2647,1991,no,CACTCG,ACGACAGGACT,GATAATGTTCA
3081,positive,5191,3.1788392066955566,VT65295|0|MEMB006A|-|2731,2075,no,CACTCG,ACGACAGGACT,GATAATGTTCA
3082,positive,5191,3.1788392066955566,VT65295|0|MEMB006B|-|2950,2303,no,CACTCG,ACAATAAGACT,GATAATGTTCA
3083,positive,5191,3.1788392066955566,VT65295|0|MEMB006C|+|2238,1579,no,CACTCG,ACCATGGGACT,AATAATGTTCA
3084,positive,5191,2.648324489593506,VT65295|0|MEMB007B|-|2640,1975,no,CACCCG,ATTAAAACACT,TATAATGTTCA
3085,positive,5191,3.1788392066955566,VT65295|0|MEMB007C|+|2249,1600,no,CACTCG,ACGATATTACT,GATAATGTTCA
3086,positive,5191,3.1788392066955566,VT65295|0|MEMB007D|-|2925,2268,no,CACTCG,ACGTAGAAACT,AATTATGTTCA
3087,positive,5191,3.1788392066955566,VT65295|0|MEMB008C|-|2328,1669,no,CACTCG,ACGAAGAGACT,AACAATGTTCA
3088,positive,5191,3.1788392066955566,VT65295|0|dkik|-|3985,3325,no,CACTCG,atttaAAAACT,GATAATGTTCA
3089,positive,5236,1.2857544422149658,VT65295|0|MEMB002A|+|3572,2952,no,CAGGAA,ATAAAATAGTA,CGTGGGCAGCC
3090,positive,5236,1.2857544422149658,VT65295|0|MEMB002C|-|3210,2590,no,CAGGAA,ATAAAATAGTA,CGTGGGCAGCC
3091,positive,5236,3.2857544422149663,VT65295|0|MEMB002D|+|2569,1959,no,CAAGAA,ATAAAATAATA,CATGGGCAGCC
3092,positive,5236,3.2857544422149663,VT65295|0|MEMB002E|-|2184,1567,no,CAAGAA,ATAAAATAATA,CGTGGGCAGCC
3093,positive,5236,1.2857544422149658,VT65295|0|MEMB002F|-|2530,1903,no,CAGGAA,ATAAAATAATA,CGTGGGCAGCC
3094,positive,5236,1.2857544422149658,VT65295|0|MEMB003A|-|2218,1603,no,CAGGAA,ATAAAATAATA,CGTGGGCAGCC
3095,positive,5236,3.2857544422149663,VT65295|0|MEMB003B|-|2439,1834,no,CAAGAA,ATAAAATAATA,TGTTGGCAGAC
3096,positive,5236,1.2857544422149658,VT65295|0|MEMB003C|+|2464,1844,no,CAGGAA,ATAAAATAGTA,CGTGGGCAGCC
3097,positive,5236,1.2857544422149658,VT65295|0|MEMB003D|-|2218,1603,no,CAGGAA,ATAAAATAATA,CGTTGGAAGCC
3098,positive,5236,1.2857544422149658,VT65295|0|MEMB003F|-|2339,1728,no,CAGGAA,ATAAAATAATA,CGTGGGCAGCC
3099,positive,5236,1.2857544422149658,VT65295|0|MEMB004B|+|2160,1548,no,CAGGAA,ATAAAATAATA,CGTGGGCAGCC
3100,positive,5236,1.2857544422149658,VT65295|0|MEMB004E|-|2307,1692,no,CAGGAA,ATAAAATAATA,CGTCGGAAGCC
3101,positive,5236,1.2857544422149658,VT65295|0|MEMB005B|+|2303,1691,no,CAGGAA,ATAAAATAATA,CGTGGGCAGTC
3102,positive,5236,1.2857544422149658,VT65295|0|MEMB005D|-|2647,2036,no,CAGGAA,ATAAAATAATA,CGTCGGCAGCC
3103,positive,5236,3.2857544422149663,VT65295|0|MEMB006A|-|2731,2120,no,CAAGAA,ATAAAATAATA,CGTCGGCAACC
3104,positive,5236,1.2857544422149658,VT65295|0|MEMB006B|-|2950,2348,no,CAGGAA,ATGAAGTAATA,CGTGGGAAGCC
3105,positive,5236,1.2857544422149658,VT65295|0|MEMB006C|+|2238,1624,no,CAGGAA,ATAAAATAATA,CGTGGGCAGCC
3106,positive,5236,1.2857544422149658,VT65295|0|MEMB007B|-|2640,2020,no,CAGGAA,ATAAAATAGTA,CGTGGGCAGCC
3107,positive,5236,3.2857544422149663,VT65295|0|MEMB007C|+|2249,1645,no,CAAGAA,ATAAAATAATA,TGTTGGCAGAC
3108,positive,5236,1.2857544422149658,VT65295|0|MEMB007D|-|2925,2313,no,CAGGAA,ATAAAATAATA,CATGGGAAGCC
3109,positive,5236,1.2857544422149658,VT65295|0|MEMB008C|-|2328,1714,no,CAGGAA,ATAAAATAATA,CGTGGGCAGCC
3110,positive,5236,1.2857544422149658,VT65295|0|dkik|-|3985,3370,no,CAGGAA,ATAAAATAATA,CGTGGGCAGCC
3111,positive,5256,0.7007919549942017,VT65295|0|MEMB002A|+|3572,2972,no,CCAGAC,GGGCAGCCGGG,TCATGGCGGCG
3112,positive,5256,0.7007919549942017,VT65295|0|MEMB002C|-|3210,2610,no,CCAGAC,GGGCAGCCGGG,TCATGGCGGCG
3113,positive,5256,3.2857544422149663,VT65295|0|MEMB002D|+|2569,1979,no,CAAGAC,GGGCAGCCGGG,TCATTGCGGCG
3114,positive,5256,3.2857544422149663,VT65295|0|MEMB002E|-|2184,1587,no,CAAGAC,GGGCAGCCGGG,TCATTGCGACG
3115,positive,5256,0.7007919549942017,VT65295|0|MEMB002F|-|2530,1923,no,CCAGAC,GGGCAGCCGGG,TCATTGCGGCA
3116,positive,5256,0.7007919549942017,VT65295|0|MEMB003A|-|2218,1623,no,CCAGAC,GGGCAGCCGGG,TCACTGCGGCG
3117,positive,5256,3.2857544422149663,VT65295|0|MEMB003B|-|2439,1854,no,CAAGAC,TGGCAGACGAA,TCCGGGCCGCG
3118,positive,5256,0.7007919549942017,VT65295|0|MEMB003C|+|2464,1864,no,CCAGAC,GGGCAGCCGGG,TCATGGCGGCA
3119,positive,5256,0.7007919549942017,VT65295|0|MEMB003D|-|2218,1623,no,CCAGAC,TGGAAGCCGGG,TCACTGCGGCG
3120,positive,5256,0.7007919549942017,VT65295|0|MEMB003F|-|2339,1748,no,CCAGAC,GGGCAGCCGGG,TCATAGCTACG
3121,positive,5256,0.7007919549942017,VT65295|0|MEMB004B|+|2160,1568,no,CCAGAC,GGGCAGCCGTT,TCATTGCGACA
3122,positive,5256,0.7007919549942017,VT65295|0|MEMB004E|-|2307,1712,no,CCAGGC,CGGAAGCCGGG,TCATGGTGACG
3123,positive,5256,0.7007919549942017,VT65295|0|MEMB005B|+|2303,1711,no,CCAGAC,GGGCAGTCGGG,TCATTGCGACG
3124,positive,5256,0.1158294826745987,VT65295|0|MEMB005D|-|2647,2056,no,TCAGAC,CGGCAGCCGGT,TCATTGTGGCG
3125,positive,5256,2.7007920742034908,VT65295|0|MEMB006A|-|2731,2140,no,TAAGAC,CGGCAACCGGT,TCATTGTGGCG
3126,positive,5256,2.7007920742034908,VT65295|0|MEMB006B|-|2950,2368,no,TAAGAC,GGGAAGCCGGG,TCATGGCGGCG
3127,positive,5256,0.7007919549942017,VT65295|0|MEMB006C|+|2238,1644,no,CCAGAC,GGGCAGCCGGG,TCATTGCGACG
3128,positive,5256,0.7007919549942017,VT65295|0|MEMB007B|-|2640,2040,no,CCAGAC,GGGCAGCCGGG,TCATGGCGGCG
3129,positive,5256,2.7007920742034908,VT65295|0|MEMB007C|+|2249,1665,no,TAAGAC,TGGCAGACGAG,TCCTGGCCGCG
3130,positive,5256,3.2857544422149663,VT65295|0|MEMB007D|-|2925,2333,no,CAAGAG,GGGAAGCCTGG,ACATTGCGGAG
3131,positive,5256,0.7007919549942017,VT65295|0|MEMB008C|-|2328,1734,no,CCAGAC,GGGCAGCCGGG,TCATTTTAACG
3132,positive,5256,0.7007919549942017,VT65295|0|dkik|-|3985,3390,no,CCAGAC,GGGCAGCCGGG,TCACTGCGGCG
3133,negative,5264,0.5938767790794373,VT65295|0|MEMB002A|+|3572,2980,no,CGCCAT,GAGTCTGGCCC,GATCCCTGCGC
3134,negative,5264,0.5938767790794373,VT65295|0|MEMB002C|-|3210,2618,no,CGCCAT,GAGTCTGGCCC,GATCCCTGCGC
3135,negative,5264,3.1788392066955566,VT65295|0|MEMB002D|+|2569,1987,no,CGCAAT,GAGTCTTGCCC,GAGCCCTGCGC
3136,negative,5264,3.1788392066955566,VT65295|0|MEMB002E|-|2184,1595,no,CGCAAT,GAGTCTTGCCC,GAGCCCTGCGT
3137,negative,5264,3.1788392066955566,VT65295|0|MEMB002F|-|2530,1931,no,CGCAAT,GAGTCTGGCCC,GAGCCCTGTGC
3138,negative,5264,1.1788393259048462,VT65295|0|MEMB003A|-|2218,1631,no,CGCAGT,GAGTCTGGCCC,GAGCCCTGCGC
3139,negative,5264,0.7007919549942017,VT65295|0|MEMB003B|-|2439,1862,no,GGCCCG,GAGTCTTGTTC,GAGCACTGCGC
3140,negative,5264,0.5938767790794373,VT65295|0|MEMB003C|+|2464,1872,no,CGCCAT,GAGTCTGGCCC,GATCCCTGTGC
3141,negative,5264,1.1788393259048462,VT65295|0|MEMB003D|-|2218,1631,no,CGCAGT,GAGTCTGGCCC,GAGCCCTGCGC
3142,negative,5264,0.5938767790794373,VT65295|0|MEMB003F|-|2339,1756,no,AGCTAT,GAGTCTGGCCC,CAGCCCTGCGT
3143,negative,5264,3.1788392066955566,VT65295|0|MEMB004B|+|2160,1576,no,CGCAAT,GAGTCTGGAAC,CAGCCCTGTGT
3144,negative,5264,0.5938767790794373,VT65295|0|MEMB004E|-|2307,1720,no,CACCAT,GAGCCTGGCCC,CAGCCCTGCGT
3145,negative,5264,3.1788392066955566,VT65295|0|MEMB005B|+|2303,1719,no,CGCAAT,GAGTCTGGCCC,CAGCCCTGCGT
3146,negative,5264,3.1788392066955566,VT65295|0|MEMB005D|-|2647,2064,no,CACAAT,GAGTCTGAACC,GAGCCCTGCGC
3147,negative,5264,3.1788392066955566,VT65295|0|MEMB006A|-|2731,2148,no,CACAAT,GAGTCTTAACC,GAGCCCTGCGC
3148,negative,5264,0.5938767790794373,VT65295|0|MEMB006B|-|2950,2376,no,CGCCAT,GAGTCTTACCC,GAGCCCTGCGC
3149,negative,5264,3.1788392066955566,VT65295|0|MEMB006C|+|2238,1652,no,CGCAAT,GAGTCTGGCCC,CAGCCTTGCGT
3150,negative,5264,0.5938767790794373,VT65295|0|MEMB007B|-|2640,2048,no,CGCCAT,GAGTCTGGCCC,GATCCCTGCGC
3151,negative,5264,0.7007919549942017,VT65295|0|MEMB007C|+|2249,1673,no,GGCCAG,GAGTCTTACTC,GAGCACTGCGC
3152,negative,5264,3.1788392066955566,VT65295|0|MEMB007D|-|2925,2341,no,CGCAAT,GTCTCTTGCCA,GAGCCCTGCTC
3153,negative,5264,1.5938767194747925,VT65295|0|MEMB008C|-|2328,1742,no,TAAAAT,GAGTCTGGCCC,CAGCCCTGCGT
3154,negative,5264,1.1788393259048462,VT65295|0|dkik|-|3985,3398,no,CGCAGT,GAGTCTGGCCC,GAGCCCTGCGC
3155,positive,5353,1.1788393259048462,VT65295|0|MEMB002A|+|3572,3069,no,CATTAG,CATTGGGCGCG,ATGGTACCACT
3156,positive,5353,1.1788393259048462,VT65295|0|MEMB002C|-|3210,2707,no,CATTAG,CATTGGGCGCG,ATGGTACCACT
3157,positive,5353,3.1788392066955566,VT65295|0|MEMB002D|+|2569,2076,no,CAATAG,GTTGCGGCGCG,ACGGTACCACT
3158,positive,5353,3.1788392066955566,VT65295|0|MEMB002E|-|2184,1684,no,CAATCG,AATTTTTCAAG,ATGGTACCACT
3159,positive,5353,1.1788393259048462,VT65295|0|MEMB002F|-|2530,2020,no,CAGTAG,AATTGGGCCTG,ATGGTACCACT
3160,positive,5353,3.1788392066955566,VT65295|0|MEMB003A|-|2218,1720,no,CAATAG,AATTGCTCGCG,ATGGTACCACT
3161,positive,5353,3.1788392066955566,VT65295|0|MEMB003B|-|2439,1951,no,CAATTG,AATAGAGTGGA,ATGGTACCACT
3162,positive,5353,1.1788393259048462,VT65295|0|MEMB003C|+|2464,1961,no,CATTAG,CATTGGGCGCG,ATGGTACCACT
3163,positive,5353,3.1788392066955566,VT65295|0|MEMB003D|-|2218,1720,no,CAATAG,AATTGGTCGCG,ATGGTACCACT
3164,positive,5353,1.1788393259048462,VT65295|0|MEMB003F|-|2339,1845,no,CAGTAG,AATTTGGCGCG,TTGGTACCACT
3165,positive,5353,2.648324489593506,VT65295|0|MEMB004B|+|2160,1665,no,CAACTC,ACTTTTTTGCG,ATTATACCACT
3166,positive,5353,1.5938767194747925,VT65295|0|MEMB004E|-|2307,1809,no,AAATCT,AATGTTTCTCG,ATTGTACCACT
3167,positive,5353,1.1788393259048462,VT65295|0|MEMB005B|+|2303,1808,no,CATTAG,ATTTTTTCGCG,TTTATACCACT
3168,positive,5353,3.1788392066955566,VT65295|0|MEMB005D|-|2647,2153,no,CAATCG,AACGGGTTGCG,ACGGTACCACT
3169,positive,5353,3.1788392066955566,VT65295|0|MEMB006A|-|2731,2237,no,CAATCG,AACGGGTCGCG,ACGGTACCACT
3170,positive,5353,3.1788392066955566,VT65295|0|MEMB006B|-|2950,2465,no,CAATAG,ATTTGGGTGCG,ATTGTACCACT
3171,positive,5353,3.1788392066955566,VT65295|0|MEMB006C|+|2238,1741,no,CAATCG,ATTTGTTGACG,ATTGTACCACT
3172,positive,5353,1.1788393259048462,VT65295|0|MEMB007B|-|2640,2137,no,CATTAG,CATTGGGCGCG,ATGGTACCACT
3173,positive,5353,3.1788392066955566,VT65295|0|MEMB007C|+|2249,1762,no,CAATTG,AATAGGGTGGC,ATGGTACCACT
3174,positive,5353,2.648324489593506,VT65295|0|MEMB007D|-|2925,2430,no,CAACAT,AAATGGGTACG,ACTGTACCATT
3175,positive,5353,3.1788392066955566,VT65295|0|MEMB008C|-|2328,1831,no,CAATAG,AATTGTTCGCG,ATTGTACCACT
3176,positive,5353,3.1788392066955566,VT65295|0|dkik|-|3985,3487,no,CAATAG,AATTGCTCGCG,ATGGTACCACT
3177,positive,5440,1.0633620023727417,VT65295|0|MEMB002A|+|3572,3156,no,GACCCG,GGGTTACTCTT,CTCCTTCTCGG
3178,positive,5440,1.0633620023727417,VT65295|0|MEMB002C|-|3210,2794,no,GACCCG,GGGTTACTCTT,CTCCTTCTCGG
3179,positive,5440,3.1788392066955566,VT65295|0|MEMB002D|+|2569,2163,no,CACTTG,ACATTTTTGCT,GTCCCGGTCGG
3180,positive,5440,3.1788392066955566,VT65295|0|MEMB002E|-|2184,1771,no,CACTTG,ATATTTTTGTC,CTCCCGGTCGC
3181,positive,5440,1.0633620023727417,VT65295|0|MEMB002F|-|2530,2107,no,GACCCG,TGGTTACTCTT,CTCGCGCTCGG
3182,positive,5440,1.0633620023727417,VT65295|0|MEMB003A|-|2218,1807,no,GACCTG,AGGTTTTTGCC,CTCCCGGTCGG
3183,positive,5440,1.5938767194747925,VT65295|0|MEMB003B|-|2439,2038,no,GACTTG,ATTGGTTTGTC,CTCCCGGTCGG
3184,positive,5440,1.0633620023727417,VT65295|0|MEMB003C|+|2464,2048,no,GACCCG,GGGTTACTCTT,CTCCTTATCGC
3185,positive,5440,1.0633620023727417,VT65295|0|MEMB003D|-|2218,1807,no,GACCTG,AGGTTTTTGCC,CTCCCGGTCGG
3186,positive,5440,-0.9366379380226136,VT65295|0|MEMB003F|-|2339,1932,no,GATCTG,ATACCTTTGCC,GTCTCGGTCGG
3187,positive,5440,1.0633620023727417,VT65295|0|MEMB004B|+|2160,1752,no,GACCTG,ATGACTTTGGT,CTCCCTGTCGG
3188,positive,5440,1.0633620023727417,VT65295|0|MEMB004E|-|2307,1896,no,GACCTG,ATAACTTTTGT,TTCCCGGTCGG
3189,positive,5440,1.0633620023727417,VT65295|0|MEMB005B|+|2303,1895,no,GACCTG,ATGACTTTGGT,CTCCCGGTCAG
3190,positive,5440,1.0633620023727417,VT65295|0|MEMB005D|-|2647,2240,no,AACCTT,ACCTTTTTGTC,TTCCCGGTTGG
3191,positive,5440,1.0633620023727417,VT65295|0|MEMB006A|-|2731,2324,no,GACCTT,ACCTTTTTGTC,CTCCCGGTTGG
3192,positive,5440,-0.9910857081413268,VT65295|0|MEMB006B|-|2950,2552,no,GGCTTG,ACCCTTTTGTC,CTCCCGGTCGG
3193,positive,5440,1.0633620023727417,VT65295|0|MEMB006C|+|2238,1828,no,GACCTG,ATGACCTTGGT,CTCCCGGTCGG
3194,positive,5440,1.0633620023727417,VT65295|0|MEMB007B|-|2640,2224,no,GACCCG,TGGTTACTCTT,CTCCTTCTCGG
3195,positive,5440,1.5938767194747925,VT65295|0|MEMB007C|+|2249,1849,no,GACTTG,ATATTTTTGCC,CTCCCGGTCGG
3196,positive,5440,-0.9366379380226136,VT65295|0|MEMB007D|-|2925,2517,no,GATCCG,GGGTCTTTTTT,TTCCCGATCAA
3197,positive,5440,1.0633620023727417,VT65295|0|MEMB008C|-|2328,1918,no,GACCTG,ATGACTTTGGT,CTCCCGGTCGG
3198,positive,5440,1.0633620023727417,VT65295|0|dkik|-|3985,3574,no,GACCTG,AGGTTTTTGTC,CTCCCGGTCGG
3199,negative,5442,-1.2992080450057983,VT65295|0|MEMB002A|+|3572,3158,no,AGCGGG,TCAAGAGTAAC,CGCCGAGAAGG
3200,negative,5442,-1.2992080450057983,VT65295|0|MEMB002C|-|3210,2796,no,AGCGGG,TCAAGAGTAAC,CGCCGAGAAGG
3201,negative,5442,3.2857544422149663,VT65295|0|MEMB002D|+|2569,2165,no,ACCAAG,TGAGCAAAAAT,TGCCGACCGGG
3202,negative,5442,3.2857544422149663,VT65295|0|MEMB002E|-|2184,1773,no,AGCAAG,TGGACAAAAAT,TAGCGACCGGG
3203,negative,5442,-1.2992080450057983,VT65295|0|MEMB002F|-|2530,2109,no,AGCGGG,TCAAGAGTAAC,CGCCGAGCGCG
3204,negative,5442,1.2857544422149658,VT65295|0|MEMB003A|-|2218,1809,no,AGCAGG,TCGGCAAAAAC,TGCCGACCGGG
3205,negative,5442,3.2857544422149663,VT65295|0|MEMB003B|-|2439,2040,no,AGCAAG,TCGACAAACCA,TACCGACCGGG
3206,negative,5442,-1.2992080450057983,VT65295|0|MEMB003C|+|2464,2050,no,AGCGGG,TCAAGAGTAAC,CGGCGATAAGG
3207,negative,5442,1.2857544422149658,VT65295|0|MEMB003D|-|2218,1809,no,AGCAGG,TCGGCAAAAAC,TGCCGACCGGG
3208,negative,5442,0.06336206197738647,VT65295|0|MEMB003F|-|2339,1934,no,ACCAGA,TCGGCAAAGGT,TGCCGACCGAG
3209,negative,5442,1.2857544422149658,VT65295|0|MEMB004B|+|2160,1754,no,AGCAGG,TCACCAAAGTC,TGCCGACAGGG
3210,negative,5442,1.2857544422149658,VT65295|0|MEMB004E|-|2307,1898,no,AACAGG,TCACAAAAGTT,TGCCGACCGGG
3211,negative,5442,1.2857544422149658,VT65295|0|MEMB005B|+|2303,1897,no,AGCAGG,TCACCAAAGTC,TGCTGACCGGG
3212,negative,5442,-0.29920801520347595,VT65295|0|MEMB005D|-|2647,2242,no,AAAAGG,TTGACAAAAAG,TTCCAACCGGG
3213,negative,5442,-0.29920801520347595,VT65295|0|MEMB006A|-|2731,2326,no,AGAAGG,TCGACAAAAAG,TTCCAACCGGG
3214,negative,5442,3.2857544422149663,VT65295|0|MEMB006B|-|2950,2554,no,AGCAAG,CCGACAAAAGG,TGCCGACCGGG
3215,negative,5442,1.2857544422149658,VT65295|0|MEMB006C|+|2238,1830,no,AGCAGG,TCACCAAGGTC,TGCCGACCGGG
3216,negative,5442,-1.2992080450057983,VT65295|0|MEMB007B|-|2640,2226,no,AGCGGG,TCAAGAGTAAC,CGCCGAGAAGG
3217,negative,5442,3.2857544422149663,VT65295|0|MEMB007C|+|2249,1851,no,AGCAAG,TCGGCAAAAAT,TACCGACCGGG
3218,negative,5442,-2.5216004848480225,VT65295|0|MEMB007D|-|2925,2519,no,AACGGA,TCAAAAAAGAC,TTTTGATCGGG
3219,negative,5442,1.2857544422149658,VT65295|0|MEMB008C|-|2328,1920,no,AGCAGG,TCACCAAAGTC,TGCCGACCGGG
3220,negative,5442,1.2857544422149658,VT65295|0|dkik|-|3985,3576,no,AGCAGG,TCGACAAAAAC,TGCCGACCGGG
3221,positive,5529,0.5938767790794373,VT65295|0|MEMB002A|+|3572,3245,no,CGCTGG,CGTACGGAACT,GGAAACGGATC
3222,positive,5529,0.5938767790794373,VT65295|0|MEMB002C|-|3210,2883,no,CGCTGG,CGTACGGAACT,GGAAACGGATC
3223,positive,5529,3.1788392066955566,VT65295|0|MEMB002D|+|2569,2252,no,CACTGG,CGTACGGAGCT,GGAATCGGATC
3224,positive,5529,3.1788392066955566,VT65295|0|MEMB002E|-|2184,1860,no,CACTGG,CGTACGGAACT,GGAAACGGATC
3225,positive,5529,0.5938767790794373,VT65295|0|MEMB002F|-|2530,2196,no,CGCTGG,CGTTCGGAGCT,GGAAACGGATG
3226,positive,5529,0.5938767790794373,VT65295|0|MEMB003A|-|2218,1896,no,CGCTGG,CGTACGAAACT,GAAAACGGATC
3227,positive,5529,3.1788392066955566,VT65295|0|MEMB003B|-|2439,2127,no,CACTGG,AGTCCGGAACT,GGAAACGGATC
3228,positive,5529,0.5938767790794373,VT65295|0|MEMB003C|+|2464,2137,no,CGCTGG,CGTACGGAACT,GGAAACGGATC
3229,positive,5529,0.5938767790794373,VT65295|0|MEMB003D|-|2218,1896,no,CGCTGG,CGTACGAAACT,GAAAACGGATC
3230,positive,5529,3.1788392066955566,VT65295|0|MEMB003F|-|2339,2021,no,CACTGG,CGTGCGGAACT,GGAAACGGATC
3231,positive,5529,3.1788392066955566,VT65295|0|MEMB004B|+|2160,1841,no,CACTGG,CGTGCGGAACT,GGAAACGGATC
3232,positive,5529,3.1788392066955566,VT65295|0|MEMB004E|-|2307,1985,no,CACTGG,CGTCCGGAACT,GGAAACGGATC
3233,positive,5529,3.1788392066955566,VT65295|0|MEMB005B|+|2303,1984,no,CACTGG,CGTGCGGAACT,GGAAACGGATC
3234,positive,5529,3.1788392066955566,VT65295|0|MEMB005D|-|2647,2329,no,CACTGG,CGTACGAAACT,GGAAACGGATG
3235,positive,5529,3.1788392066955566,VT65295|0|MEMB006A|-|2731,2413,no,CACTGG,CGTACGAAACT,GAAAACGGATG
3236,positive,5529,3.1788392066955566,VT65295|0|MEMB006B|-|2950,2641,no,CACTGG,CGTACGGAACT,GGAAACGGATC
3237,positive,5529,3.1788392066955566,VT65295|0|MEMB006C|+|2238,1917,no,CACTGG,CGTGCGAAACT,GGAAACGGATC
3238,positive,5529,0.5938767790794373,VT65295|0|MEMB007B|-|2640,2313,no,CGCTGG,CGTACGGAACT,GGAAACGGATC
3239,positive,5529,3.1788392066955566,VT65295|0|MEMB007C|+|2249,1938,no,CACTGG,AGTCCGGAACT,GGAAACGGATC
3240,positive,5529,0.5938767790794373,VT65295|0|MEMB007D|-|2925,2606,no,CGCTGG,CGTTCGGAACT,GGAAACGGATC
3241,positive,5529,3.1788392066955566,VT65295|0|MEMB008C|-|2328,2007,no,CACTGG,CGTGCGAAACT,GGAAACGGATC
3242,positive,5529,0.5938767790794373,VT65295|0|dkik|-|3985,3663,no,CGCTGG,CGTACGAAACT,GAAAACGGATC
3243,positive,5545,-1.9366379976272583,VT65295|0|MEMB002A|+|3572,3261,no,CGTCAC,GGGAAACGGAT,CGATAGCTCCA
3244,positive,5545,0.06336206197738647,VT65295|0|MEMB002C|-|3210,2899,no,CGACAG,GGGAAACGGAT,CGATAGCTCCA
3245,positive,5545,3.2857544422149663,VT65295|0|MEMB002D|+|2569,2268,no,CAAGAC,GGGAATCGGAT,ATCGAGGTTTT
3246,positive,5545,2.648324489593506,VT65295|0|MEMB002E|-|2184,1876,no,CAACAT,GGGAAACGGAT,ATTGAGTTTAT
3247,positive,5545,-0.8841705322265625,VT65295|0|MEMB002F|-|2530,2212,no,GGAGAC,GGGAAACGGAT,GGATAGCTCCA
3248,positive,5545,0.7007919549942017,VT65295|0|MEMB003A|-|2218,1912,no,CGAGAC,GGAAAACGGAT,ATCCAGGACCA
3249,positive,5545,-1.2992080450057983,VT65295|0|MEMB003B|-|2439,2143,no,CTGGAC,GGGAAACGGAT,ATCAAGGCGCT
3250,positive,5545,-1.9366379976272583,VT65295|0|MEMB003C|+|2464,2153,no,CGTCAG,GGGAAACGGAT,CGATAGCTCCA
3251,positive,5545,0.7007919549942017,VT65295|0|MEMB003D|-|2218,1912,no,CGAGAC,GGAAAACGGAT,ATCCAGGACCA
3252,positive,5545,0.7007919549942017,VT65295|0|MEMB003F|-|2339,2037,no,CGAGAC,GGGAAACGGAT,TTCGAGAGTGT
3253,positive,5545,0.7007919549942017,VT65295|0|MEMB004B|+|2160,1857,no,CGAGAC,GGGAAACGGAT,TTCGAGACTCA
3254,positive,5545,0.7007919549942017,VT65295|0|MEMB004E|-|2307,2001,no,CGAGAC,GGGAAACGGAT,GTCGAGAATAT
3255,positive,5545,-1.2992080450057983,VT65295|0|MEMB005B|+|2303,2000,no,CTGGAC,GGGAAACGGAT,TTCGAGAGTAT
3256,positive,5545,-2.8841705322265625,VT65295|0|MEMB005D|-|2647,2345,no,GTTGAC,GGGAAACGGAT,ATCGAGTGTTT
3257,positive,5545,-0.8841705322265625,VT65295|0|MEMB006A|-|2731,2429,no,GTAGAC,GGAAAACGGAT,ATCGAGTTTTT
3258,positive,5545,1.2857544422149658,VT65295|0|MEMB006B|-|2950,2657,no,CAGGAC,GGGAAACGGAT,ATTAAGTTTCT
3259,positive,5545,-1.2992080450057983,VT65295|0|MEMB006C|+|2238,1933,no,CGTGAC,GGGAAACGGAT,TTCGAGTTTCT
3260,positive,5545,-1.9366379976272583,VT65295|0|MEMB007B|-|2640,2329,no,CGTCAG,GGGAAACGGAT,CGATAGCTCCA
3261,positive,5545,-1.2992080450057983,VT65295|0|MEMB007C|+|2249,1954,no,CTTGAC,GGGAAACGGAT,ATCAAGCTGCT
3262,positive,5545,0.7007919549942017,VT65295|0|MEMB007D|-|2925,2622,no,CGAGAC,GGGAAACGGAT,GGAAAGATGCT
3263,positive,5545,0.7007919549942017,VT65295|0|MEMB008C|-|2328,2023,no,CGAGAC,GGGAAACGGAT,ATCGAGAGTCT
3264,positive,5545,0.7007919549942017,VT65295|0|dkik|-|3985,3679,no,CGAGAC,GGAAAACGGAT,ATCCAGGACCA
3265,positive,5609,-1.5216004848480225,VT65295|0|MEMB002A|+|3572,3318,no,GAGACC,CCTTTGAAGAC,CGCCAAGGTGG
3266,positive,5609,-1.5216004848480225,VT65295|0|MEMB002C|-|3210,2956,no,GAGACC,CCTTTGAAGAC,CGCCAAGGTGG
3267,positive,5609,3.1788392066955566,VT65295|0|MEMB002D|+|2569,2319,no,CAATCC,CCCCTGAAAAC,CGCCAAGGTGG
3268,positive,5609,0.06336206197738647,VT65295|0|MEMB002E|-|2184,1927,no,CAGACC,CCTCTGAAAAC,CGCTAAAGTGG
3269,positive,5609,-0.29920801520347595,VT65295|0|MEMB002F|-|2530,2266,no,GAGGCC,CCGTTGAAGAC,CGCCATGGTGG
3270,positive,5609,-0.9366379380226136,VT65295|0|MEMB003A|-|2218,1966,no,GAGCCC,CCTTTGAAGAC,CGCCAAGGTGG
3271,positive,5609,-0.9366379380226136,VT65295|0|MEMB003B|-|2439,2191,no,GAGCCC,CCTATGAAAAC,CGCCAAGGTGG
3272,positive,5609,-1.5216004848480225,VT65295|0|MEMB003C|+|2464,2210,no,GAGACC,CCTTTGAAGAC,CGCCAAGGTGG
3273,positive,5609,-0.9366379380226136,VT65295|0|MEMB003D|-|2218,1966,no,GAGCCC,CCTTTGAAGAC,CGCCAAGGTGG
3274,positive,5609,-0.9366379380226136,VT65295|0|MEMB003F|-|2339,2088,no,AAGCCC,CCTATAAAAAC,AGCCAAGGTGG
3275,positive,5609,-0.9366379380226136,VT65295|0|MEMB004B|+|2160,1908,no,GAGCCC,CCTTTGAAAAC,AGCCAAGGTGG
3276,positive,5609,-0.9366379380226136,VT65295|0|MEMB004E|-|2307,2055,no,GAGCCC,CCTATAAAAAC,AGCCAAGGTGT
3277,positive,5609,-0.9366379380226136,VT65295|0|MEMB005B|+|2303,2051,no,GAGCCC,CCTTTGAAAAC,AGCTAATGTGG
3278,positive,5609,-0.9366379380226136,VT65295|0|MEMB005D|-|2647,2396,no,GAGCCC,CCTTTGAAAAC,CGCCAAGGTGG
3279,positive,5609,-0.9366379380226136,VT65295|0|MEMB006A|-|2731,2480,no,GAGCCC,CCCTTGAAAAC,CGCCAAGGTGG
3280,positive,5609,-0.9366379380226136,VT65295|0|MEMB006B|-|2950,2708,no,GAGCCC,CCTTTGAAAAC,CGCCAAAGTGG
3281,positive,5609,1.1788393259048462,VT65295|0|MEMB006C|+|2238,1984,no,CAGTCC,CCTACGAAAAC,AGCCAAGGTGG
3282,positive,5609,-1.5216004848480225,VT65295|0|MEMB007B|-|2640,2386,no,GAGACC,CCTTTGAAGAC,CGCCAAGGTGG
3283,positive,5609,-0.9366379380226136,VT65295|0|MEMB007C|+|2249,2005,no,GAGCCC,CCTACGAAAAC,CGCCAAGGTGG
3284,positive,5609,-0.29920801520347595,VT65295|0|MEMB007D|-|2925,2676,no,GAGGCC,CCATGGAAGAC,CGCCAAGGTGG
3285,positive,5609,-0.9366379380226136,VT65295|0|MEMB008C|-|2328,2074,no,GAGCCC,CCTTTGAAAAC,AGCCAAGGTGG
3286,positive,5609,-0.9366379380226136,VT65295|0|dkik|-|3985,3733,no,GAGCCC,CCTTTGAAGAC,CGCCAAGGTGG
3287,negative,5638,1.1788393259048462,VT65295|0|MEMB002A|+|3572,3347,no,ATCAGT,TCGACGAGAAG,CGAGTTGCAGG
3288,negative,5638,1.1788393259048462,VT65295|0|MEMB002C|-|3210,2985,no,ATCAGT,TCGACGAGAAG,CGAGTTGCAGG
3289,negative,5638,3.1788392066955566,VT65295|0|MEMB002D|+|2569,2348,no,ATCAAT,TAGACGAACGG,CGAGTTAGAGA
3290,negative,5638,1.1788393259048462,VT65295|0|MEMB002E|-|2184,1956,no,ATCAGT,TAGATGAACGG,CGAGTTAGAGA
3291,negative,5638,1.1788393259048462,VT65295|0|MEMB002F|-|2530,2295,no,ATCAGT,TCGACGAGAAG,CGAGTTGCAGG
3292,negative,5638,0.6483245491981506,VT65295|0|MEMB003A|-|2218,1995,no,ATCAGC,TAGACGAGCGG,CGAGTTAGAGA
3293,negative,5638,1.1788393259048462,VT65295|0|MEMB003B|-|2439,2220,no,ATCAGT,TAGACGAACGG,AGATTTAGAGA
3294,negative,5638,1.1788393259048462,VT65295|0|MEMB003C|+|2464,2239,no,ATCAGT,TCGACGAGAAG,CGAGTTGCAGG
3295,negative,5638,0.6483245491981506,VT65295|0|MEMB003D|-|2218,1995,no,ATCAGC,TAGACGAGCGG,CGAGTTAGAGA
3296,negative,5638,1.1788393259048462,VT65295|0|MEMB003F|-|2339,2117,no,ATCAGT,TAGACGAACGG,AGATTTAGAGA
3297,negative,5638,1.1788393259048462,VT65295|0|MEMB004B|+|2160,1937,no,ATCAGT,TAGACGAGCGG,AGATTTGGAGA
3298,negative,5638,3.1788392066955566,VT65295|0|MEMB004E|-|2307,2084,no,ATCACT,TAGACGAGCGG,AGATTTAGAAA
3299,negative,5638,1.1788393259048462,VT65295|0|MEMB005B|+|2303,2080,no,ATCAGT,TAGACGAGCGG,AGAGTTAGAGA
3300,negative,5638,1.1788393259048462,VT65295|0|MEMB005D|-|2647,2425,no,ATCAGT,TAGACGAACGG,CGTGATGGAGA
3301,negative,5638,1.1788393259048462,VT65295|0|MEMB006A|-|2731,2509,no,ATCAGT,TAGACGAACGG,CGTGATGGAGA
3302,negative,5638,1.1788393259048462,VT65295|0|MEMB006B|-|2950,2737,no,ATCAGT,TAGACGAACGA,GGAGTTAGAGA
3303,negative,5638,1.1788393259048462,VT65295|0|MEMB006C|+|2238,2013,no,ATCAGT,TGGACGAGCGG,AGATTTAGAGA
3304,negative,5638,1.1788393259048462,VT65295|0|MEMB007B|-|2640,2415,no,ATCAGT,TCGACGAGAAG,CGAGTTGCAGG
3305,negative,5638,1.1788393259048462,VT65295|0|MEMB007C|+|2249,2034,no,ATCAGT,TAGACGAACGA,AGATTTAGAGA
3306,negative,5638,0.06336206197738647,VT65295|0|MEMB007D|-|2925,2705,no,ATCAGA,TTGACGAGCGG,TGAAATGGTGA
3307,negative,5638,1.1788393259048462,VT65295|0|MEMB008C|-|2328,2103,no,ATCAGT,TAGACGAGCGG,AGATTTAGAGA
3308,negative,5638,0.6483245491981506,VT65295|0|dkik|-|3985,3762,no,ATCAGC,TAGACGAGCGG,CGAGTTAGAGA
3309,negative,5673,0.5938767790794373,VT65295|0|MEMB002A|+|3572,3382,no,AACGAT,CGGCTACGCGA,GAGCTAAATGG
3310,negative,5673,0.5938767790794373,VT65295|0|MEMB002C|-|3210,3020,no,AACGAT,CGGCTACTCGA,GAGCTAAATGG
3311,negative,5673,3.1788392066955566,VT65295|0|MEMB002D|+|2569,2383,no,CACAAT,ACCCTTCGAGA,GAGCTGAATGC
3312,negative,5673,0.5938767790794373,VT65295|0|MEMB002E|-|2184,1991,no,CACGAT,TCCCTTCGAGA,GAGCTTAATGA
3313,negative,5673,0.5938767790794373,VT65295|0|MEMB002F|-|2530,2330,no,AACGAT,CGGCTACGCGA,GAGCTAAATGC
3314,negative,5673,0.5938767790794373,VT65295|0|MEMB003A|-|2218,2030,no,AACGAT,ACCCTTCGAGA,GAGCTGAATGC
3315,negative,5673,0.5938767790794373,VT65295|0|MEMB003B|-|2439,2255,no,CACGAT,ACCCTTCGACA,GAGCTGAATGC
3316,negative,5673,0.5938767790794373,VT65295|0|MEMB003C|+|2464,2274,no,AACGAT,CGGCTACGCGA,GAGCTAAATGG
3317,negative,5673,0.5938767790794373,VT65295|0|MEMB003D|-|2218,2030,no,AACGAT,ACCCTTCGAGA,GAGCTGAATGC
3318,negative,5673,0.5938767790794373,VT65295|0|MEMB003F|-|2339,2152,no,AACGAT,TGCCTTCGACA,GAGCTGAATAC
3319,negative,5673,0.5938767790794373,VT65295|0|MEMB004B|+|2160,1972,no,AACGAT,ACCCTTTGAAA,GAGCTAAATGC
3320,negative,5673,0.5938767790794373,VT65295|0|MEMB004E|-|2307,2119,no,AACGAT,ACCCTACGAGA,GAGCTGAATGC
3321,negative,5673,0.5938767790794373,VT65295|0|MEMB005B|+|2303,2115,no,AACGAT,ACCCTTCGAAA,GAGCTGAATGC
3322,negative,5673,0.5938767790794373,VT65295|0|MEMB005D|-|2647,2460,no,AACGAT,AGCCTTTGAGA,GAGCTGAATCA
3323,negative,5673,0.5938767790794373,VT65295|0|MEMB006A|-|2731,2544,no,AACGAT,AGCCTTCGAGA,GAGCTGAATAC
3324,negative,5673,0.5938767790794373,VT65295|0|MEMB006B|-|2950,2772,no,CACGAT,ACCCTTCGAGA,GAACTGAATGC
3325,negative,5673,0.5938767790794373,VT65295|0|MEMB006C|+|2238,2048,no,AACGAT,ACCCTTCGAGA,GAGCTGAATGC
3326,negative,5673,0.5938767790794373,VT65295|0|MEMB007B|-|2640,2450,no,AACGAT,CGGCTACGAGA,GAGCTAAATGG
3327,negative,5673,0.5938767790794373,VT65295|0|MEMB007C|+|2249,2069,no,CACGAT,TCCCTTCAACA,GAGCTGAATGC
3328,negative,5673,3.1788392066955566,VT65295|0|MEMB007D|-|2925,2740,no,CACAAT,TGGGTTCGCCA,GACCTGAATGA
3329,negative,5673,0.5938767790794373,VT65295|0|MEMB008C|-|2328,2138,no,AACGAT,ACCCTTCGACT,GAGCTGAATGC
3330,negative,5673,0.5938767790794373,VT65295|0|dkik|-|3985,3797,no,AACGAT,ACCCTTCGAGA,GAGCTGAATGC
3331,negative,5706,-2.1065628528594966,VT65295|0|MEMB002A|+|3572,3415,no,CAAGAA,GGTGGTCAAGA,ACCACGTTGGC
3332,negative,5706,-2.1065628528594966,VT65295|0|MEMB002C|-|3210,3053,no,CAAGAA,GGTGGTCAAGA,ACCACGTTGGC
3333,negative,5706,3.2857544422149663,VT65295|0|MEMB002D|+|2569,2416,no,CGCAAG,GGTGATGATGA,TCTGGCCTGGC
3334,negative,5706,0.4783995747566223,VT65295|0|MEMB002E|-|2184,2024,no,CGGAAA,GGTGATGATGA,TCTCAACTGGC
3335,negative,5706,-2.1065628528594966,VT65295|0|MEMB002F|-|2530,2363,no,CCAGAA,GGTGGTCAAGA,GTCGATTTGGC
3336,negative,5706,2.0633621215820312,VT65295|0|MEMB003A|-|2218,2063,no,TGCAAA,GGTGGTAACGA,TCTAACCTGGC
3337,negative,5706,2.0633621215820312,VT65295|0|MEMB003B|-|2439,2288,no,CGCAAA,GGTGATGGCGA,TCTAACCTGGC
3338,negative,5706,-2.1065628528594966,VT65295|0|MEMB003C|+|2464,2307,no,CAAGAA,GGTGATCAAGA,ACCACGTTGGC
3339,negative,5706,2.0633621215820312,VT65295|0|MEMB003D|-|2218,2063,no,TGCAAA,GGTGGTAACGA,TCTAACCTGGC
3340,negative,5706,0.4783995747566223,VT65295|0|MEMB003F|-|2339,2185,no,CGAAAA,AGTGGTTAGAA,GCTGAACTGGC
3341,negative,5706,0.4783995747566223,VT65295|0|MEMB004B|+|2160,2005,no,CGAAAA,AGTGAGAAAGA,TCTGAAGTGGT
3342,negative,5706,-0.9366379380226136,VT65295|0|MEMB004E|-|2307,2152,no,CGAAGC,AGTCCGGCTTA,ACTGACCTGGC
3343,negative,5706,0.4783995747566223,VT65295|0|MEMB005B|+|2303,2148,no,CGAAAA,AGTGAGTAAGT,GCTGACGTGGC
3344,negative,5706,1.7007919549942017,VT65295|0|MEMB005D|-|2647,2493,no,CGAAAG,GGTGAGGACCA,GCTGATCTGGC
3345,negative,5706,1.7007919549942017,VT65295|0|MEMB006A|-|2731,2577,no,CGAAAG,GGTGAGGAACA,GCTGATCTGGC
3346,negative,5706,0.4783995747566223,VT65295|0|MEMB006B|-|2950,2805,no,CGAAAA,GGTGATGAAGA,ACTGAACTGGC
3347,negative,5706,-1.5216004848480225,VT65295|0|MEMB006C|+|2238,2081,no,CGAAGA,AGTGAAAAAGA,GCTGAATTGGC
3348,negative,5706,-2.1065628528594966,VT65295|0|MEMB007B|-|2640,2483,no,CAAGAA,GGTGGTCAAGA,TCCACGGTGGC
3349,negative,5706,2.0633621215820312,VT65295|0|MEMB007C|+|2249,2102,no,CGCAAA,GGTGATGGCGA,TCTAACCTGGC
3350,negative,5706,-0.8841705322265625,VT65295|0|MEMB007D|-|2925,2773,no,CAGCAG,GGTGGGTAAGA,GCTACCTTGGC
3351,negative,5706,0.4783995747566223,VT65295|0|MEMB008C|-|2328,2171,no,CGAAAA,AGTGAGGAAGA,TCTAACTTGGC
3352,negative,5706,2.0633621215820312,VT65295|0|dkik|-|3985,3830,no,TGCAAA,GGTGGTAACGA,TCTAACCTGGC
3353,negative,5735,2.0633621215820312,VT65295|0|MEMB002A|+|3572,3444,no,CCCAAA,ACGCCATTTGT,TGGCGTACACG
3354,negative,5735,2.0633621215820312,VT65295|0|MEMB002C|-|3210,3082,no,CCCAAA,ACGCCATTTGT,TGGCGTACACA
3355,negative,5735,3.1788392066955566,VT65295|0|MEMB002D|+|2569,2445,no,CCCAAT,ACGCCTTTTGT,TGGGCTACACA
3356,negative,5735,3.1788392066955566,VT65295|0|MEMB002E|-|2184,2053,no,CCCAAT,ACGCCCTTTGT,TGGGCTATACA
3357,negative,5735,2.0633621215820312,VT65295|0|MEMB002F|-|2530,2392,no,CCCAAA,TCGCCATTTGT,TGGCCTACACA
3358,negative,5735,3.2857544422149663,VT65295|0|MEMB003A|-|2218,2092,no,CCCAAG,ACGCCATTTGT,TGGGCTACACA
3359,negative,5735,3.1788392066955566,VT65295|0|MEMB003B|-|2439,2317,no,CCCAAT,ACGGAGTTTGT,TGGGCTACACA
3360,negative,5735,2.0633621215820312,VT65295|0|MEMB003C|+|2464,2336,no,CCCAAA,ACGCCATTTGT,TGGCGTACACA
3361,negative,5735,3.2857544422149663,VT65295|0|MEMB003D|-|2218,2092,no,CCCAAG,ACGCCATTTGT,TGGGCTACACA
3362,negative,5735,3.2857544422149663,VT65295|0|MEMB003F|-|2339,2214,no,CCCAAG,ACGCCCTTTGT,TGGGCTACACA
3363,negative,5735,3.2857544422149663,VT65295|0|MEMB004B|+|2160,2034,no,CCCAAG,ACGGCCTTTGT,TGGGCTACACC
3364,negative,5735,1.5938767194747925,VT65295|0|MEMB004E|-|2307,2181,no,CCAAAT,ACACCCTTTGT,TGGGCTACACC
3365,negative,5735,0.7007919549942017,VT65295|0|MEMB005B|+|2303,2177,no,CCCCCG,ACGGCCTTTGT,TGGGCTACACC
3366,negative,5735,3.1788392066955566,VT65295|0|MEMB005D|-|2647,2522,no,CCCAAT,ACGCCCTTTGT,TGGGCTACACG
3367,negative,5735,3.1788392066955566,VT65295|0|MEMB006A|-|2731,2606,no,CCCAAT,ACGCCCTTTGT,TGGGCTACACA
3368,negative,5735,3.1788392066955566,VT65295|0|MEMB006B|-|2950,2834,no,CCCAAT,ACGCCATTTCT,TGGGCTACACA
3369,negative,5735,3.1788392066955566,VT65295|0|MEMB006C|+|2238,2110,no,CCCAAT,AAGCCATTTGT,TGGGATACACC
3370,negative,5735,2.0633621215820312,VT65295|0|MEMB007B|-|2640,2512,no,CCCAAA,ACGCCATTTGT,TGGCCTACACA
3371,negative,5735,2.648324489593506,VT65295|0|MEMB007C|+|2249,2131,no,CCCAAC,ACGGAGTTTGT,TGGGCTACACA
3372,negative,5735,-0.8841705322265625,VT65295|0|MEMB007D|-|2925,2802,no,CCGCAG,ACGGAATTTGT,TGGCCTATACA
3373,negative,5735,3.1788392066955566,VT65295|0|MEMB008C|-|2328,2200,no,CCCAAT,ACTGCCTTTGT,TGGGCTACACC
3374,negative,5735,3.2857544422149663,VT65295|0|dkik|-|3985,3859,no,CCCAAG,ACGCCATTTGT,TGGGCTACACA
3375,negative,5802,3.1788392066955566,VT65295|0|MEMB002D|+|2569,2510,no,TTCAAT,ACCTTAGGAGT,CCTTCACCCAC
3376,negative,5802,3.1788392066955566,VT65295|0|MEMB002E|-|2184,2118,no,CTCAAT,ATCTTAGGAGT,CCTTCACCTAC
3377,negative,5802,-1.991085767745972,VT65295|0|MEMB002F|-|2530,2458,no,TGTGGT,CCTCTCAGTGG,CCCATCCGATC
3378,negative,5802,-1.4061232805252075,VT65295|0|MEMB003A|-|2218,2157,no,TACGGT,ACCTTAGGGGA,TTCACATTCTG
3379,negative,5802,-0.9910857081413268,VT65295|0|MEMB003B|-|2439,2382,no,CCATAT,ACCTCAGGAGT,CTTGTTGACCT
3380,negative,5802,-1.4061232805252075,VT65295|0|MEMB003D|-|2218,2157,no,AACGGT,ACCTTAGGGGA,TTCACATTCTG
3381,negative,5802,-1.991085767745972,VT65295|0|MEMB003F|-|2339,2279,no,TATGGT,ACCTCAGGAGT,TTCACATTCGA
3382,negative,5802,-1.4061232805252075,VT65295|0|MEMB004B|+|2160,2099,no,AACGTT,ACCTCAGGAGT,TTCACATTCGA
3383,negative,5802,-1.4061232805252075,VT65295|0|MEMB004E|-|2307,2246,no,TACGGT,ACCTCAGGAGT,TTCACGTTCGA
3384,negative,5802,-1.4061232805252075,VT65295|0|MEMB005B|+|2303,2242,no,TACGGT,ACCTCAGGAGT,TTCACTTTCGA
3385,negative,5802,-1.4061232805252075,VT65295|0|MEMB005D|-|2647,2587,no,CACGGT,ACCTCAGGAGT,TTCACTTTCGA
3386,negative,5802,-1.4061232805252075,VT65295|0|MEMB006A|-|2731,2671,no,CACGGT,ACCTCAGGAGT,TTCACTTTCGG
3387,negative,5802,-0.9910857081413268,VT65295|0|MEMB006B|-|2950,2899,no,CCATAT,ACCTCAGGAGT,TTTATTGACCT
3388,negative,5802,-1.4061232805252075,VT65295|0|MEMB006C|+|2238,2177,no,TACGGT,ACCTCTCAGGA,TTCACACTCGA
3389,negative,5802,-2.991085767745972,VT65295|0|MEMB007C|+|2249,2196,no,CCATGT,ACCTCAGGAGT,TTTGTTGACCT
3390,negative,5802,0.5938767790794373,VT65295|0|MEMB007D|-|2925,2869,no,TACGAT,TACACTTAGTG,TTTACACTCGA
3391,negative,5802,-1.4061232805252075,VT65295|0|MEMB008C|-|2328,2265,no,CGCGGT,GCCTCAGGAGT,CACAATCGATA
3392,negative,5802,-1.4061232805252075,VT65295|0|dkik|-|3985,3924,no,TACGGT,ACCTAAGGGGA,TTCACATTCTG
3393,negative,5811,0.1158294826745987,VT65295|0|MEMB002A|+|3572,3509,no,CATCCG,ATGTCAGTGGA,AACAACCTTCA
3394,negative,5811,0.1158294826745987,VT65295|0|MEMB002C|-|3210,3147,no,CATCCG,ATGTCAGTGGA,AACAACCTTCA
3395,negative,5811,3.1788392066955566,VT65295|0|MEMB002D|+|2569,2515,no,CCCACT,TCAATACCTTA,GTTGACCTTCA
3396,negative,5811,2.0633621215820312,VT65295|0|MEMB002E|-|2184,2123,no,CCTACC,TCAATATCTTA,ATTGACCTTCA
3397,negative,5811,0.1158294826745987,VT65295|0|MEMB002F|-|2530,2467,no,CATCCG,ATCTGTGGTCC,CACAACCTTCC
3398,negative,5811,0.008914276957511902,VT65295|0|MEMB003A|-|2218,2164,no,CATTCT,GTACGGTACCT,GTTGACCTTCA
3399,negative,5811,0.1158294826745987,VT65295|0|MEMB003C|+|2464,2401,no,CATCCG,ATGTCAGTGGA,GACAACCTTCA
3400,negative,5811,0.008914276957511902,VT65295|0|MEMB003D|-|2218,2164,no,CATTCT,GAACGGTACCT,GTTGACCTTCA
3401,negative,5811,0.1158294826745987,VT65295|0|MEMB003F|-|2339,2286,no,CATTCG,ATATGGTACCT,GCTGACCTTCA
3402,negative,5811,0.1158294826745987,VT65295|0|MEMB004B|+|2160,2106,no,CATTCG,AAACGTTACCT,AATGACCTTCA
3403,negative,5811,0.1158294826745987,VT65295|0|MEMB004E|-|2307,2253,no,CGTTCG,ATACGGTACCT,GTTAACCTTCA
3404,negative,5811,0.1158294826745987,VT65295|0|MEMB005B|+|2303,2249,no,CTTTCG,ATACGGTACCT,ATTGACCTTCA
3405,negative,5811,0.1158294826745987,VT65295|0|MEMB005D|-|2647,2594,no,CTTTCG,ACACGGTACCT,GTTGATCTTCA
3406,negative,5811,0.1158294826745987,VT65295|0|MEMB006A|-|2731,2678,no,CTTTCG,GCACGGTACCT,GTTGATCTTCA
3407,negative,5811,0.7007919549942017,VT65295|0|MEMB006C|+|2238,2184,no,CACTCG,ATACGGTACCT,GTTGACCTTCA
3408,negative,5811,0.1158294826745987,VT65295|0|MEMB007B|-|2640,2577,no,CATCCG,ATGTCAGTGGA,AACAACCTTCA
3409,negative,5811,0.7007919549942017,VT65295|0|MEMB007D|-|2925,2876,no,CACTCG,ATACGATTACA,GTTTTTGTTTA
3410,negative,5811,-0.8841705322265625,VT65295|0|MEMB008C|-|2328,2274,no,CAATCG,ATACGCGGTGC,ATTGACCTTCA
3411,negative,5811,0.008914276957511902,VT65295|0|dkik|-|3985,3931,no,CATTCT,GTACGGTACCT,GTTGACCTTCA
3412,positive,5838,0.4783995747566223,VT65295|0|MEMB002A|+|3572,3536,no,GAAATA,TTTAAGACGAA,ACGCTAATGTC
3413,positive,5838,0.4783995747566223,VT65295|0|MEMB002C|-|3210,3174,no,GAAATG,TTTAAGACGAA,AAGCTAATGTC
3414,positive,5838,3.2857544422149663,VT65295|0|MEMB002D|+|2569,2531,yes,CAAGGA,GTGAAGGTCAA,ACGCCTATGTT
3415,positive,5838,1.4783995151519775,VT65295|0|MEMB002E|-|2184,2139,no,TAAAAA,GTGAAGGTCAA,ACGCTTATGTT
3416,positive,5838,1.7007919549942017,VT65295|0|MEMB002F|-|2530,2494,no,GAAGGA,GTCAAAACGTA,ACGCTAAAGTT
3417,positive,5838,2.0633621215820312,VT65295|0|MEMB003A|-|2218,2180,no,CAAAGA,GTGAAGGTCAA,TCGCTTATGTT
3418,positive,5838,3.2857544422149663,VT65295|0|MEMB003B|-|2439,2395,no,CAAGAA,ATGGAGGTCAA,GCGCTTATGTA
3419,positive,5838,0.4783995747566223,VT65295|0|MEMB003C|+|2464,2428,no,GAAAGA,CTTAGGACGAA,ACGCTAATGTC
3420,positive,5838,2.0633621215820312,VT65295|0|MEMB003D|-|2218,2180,no,CAAAGA,GTGAAGGTCAA,TCGCTTATGTT
3421,positive,5838,-1.2992080450057983,VT65295|0|MEMB003F|-|2339,2302,no,CTGGAA,GTGAAGGTCAG,ACGTTCAAGTC
3422,positive,5838,-1.8841705322265625,VT65295|0|MEMB004B|+|2160,2122,no,TTGGGA,GTGAAGGTCAT,ACGCTTATGTC
3423,positive,5838,-1.2992080450057983,VT65295|0|MEMB004E|-|2307,2269,no,CTGGGA,GTGAAGGTTAA,ACGCTTATATC
3424,positive,5838,-1.8841705322265625,VT65295|0|MEMB005B|+|2303,2265,no,TTGGGA,GTGAAGGTCAA,ACGCTTATGTC
3425,positive,5838,2.0633621215820312,VT65295|0|MEMB005D|-|2647,2610,no,CAAATA,GTGAAGATCAA,ACACTAATGTC
3426,positive,5838,2.0633621215820312,VT65295|0|MEMB006A|-|2731,2694,no,CAAAGA,GTGAAGATCAA,ACACCAATGTC
3427,positive,5838,1.4783995151519775,VT65295|0|MEMB006B|-|2950,2912,no,TAAAGA,ATGGAGGTCAA,ACGCTTATGCC
3428,positive,5838,-1.2992080450057983,VT65295|0|MEMB006C|+|2238,2200,no,CTGGGA,GTGAAGGTCAA,ACGCTTATGTC
3429,positive,5838,0.4783995747566223,VT65295|0|MEMB007B|-|2640,2604,no,GAAAGA,TTTAAGACGAA,ACGCTGATATC
3430,positive,5838,2.0633621215820312,VT65295|0|MEMB007C|+|2249,2209,no,CAAAAA,ATGGAGGTCAA,ACGTTTGTGTC
3431,positive,5838,2.0633621215820312,VT65295|0|MEMB007D|-|2925,2886,no,CAAAAA,TCGAGTGTAAA,CCGCTCATGCC
3432,positive,5838,-1.8841705322265625,VT65295|0|MEMB008C|-|2328,2290,no,TTTGGA,GTGAAGGTCAA,ATGCTTATGTC
3433,positive,5838,2.0633621215820312,VT65295|0|dkik|-|3985,3947,no,CAAAGA,GTGAAGGTCAA,TCGCTTATGTT
3434,negative,154,0.6483245491981506,VT65295|0|MEMB002A|+|3572,144,no,GCCAGC,GAAGCGGATCG,TCAAGCTGACG
3435,negative,154,2.648324489593506,VT65295|0|MEMB002B|-|1683,144,no,GCCAAC,GAATCGGATCG,TAAAGCTGACG
3436,negative,154,0.6483245491981506,VT65295|0|MEMB002C|-|3210,144,no,GCCAGC,GAAGCGGATCG,TCAAGCTGACG
3437,negative,154,0.06336206197738647,VT65295|0|MEMB002D|+|2569,144,no,GCCCAC,GACTCGGATCG,TCAAGCTGACG
3438,negative,154,3.1788392066955566,VT65295|0|MEMB002E|-|2184,144,no,GCCAAT,GACTCGGATCG,TCAAGCTGACG
3439,negative,154,2.0633621215820312,VT65295|0|MEMB002F|-|2530,144,no,CCTAAC,GAATCGGATCG,TGAAGCTGGCG
3440,negative,154,2.0633621215820312,VT65295|0|MEMB003A|-|2218,144,no,GCCAAA,GACTCGGATCG,TCAAGCTGTCG
3441,negative,154,3.1788392066955566,VT65295|0|MEMB003B|-|2439,144,no,GCCAAT,GACATGGATCG,TCAAGCTGACG
3442,negative,154,0.5938767790794373,VT65295|0|MEMB003C|+|2464,120,no,CCCTAT,AAAGTATATAT,GAAATCTCCGA
3443,negative,154,2.0633621215820312,VT65295|0|MEMB003D|-|2218,144,no,GCCAAA,GACTCGGATCG,TCAAGCTGTCA
3444,negative,154,0.5938767790794373,VT65295|0|MEMB003F|-|2339,144,no,GCCCAT,GACTCGGATCG,TCAAGCTCGCG
3445,negative,154,2.648324489593506,VT65295|0|MEMB004A|-|1649,144,no,GCCAAC,GAATCGGATCG,TAAAGCTGACG
3446,negative,154,0.5938767790794373,VT65295|0|MEMB004B|+|2160,144,no,GCCCAT,GATTCGGATCG,TCAAGCTCACG
3447,negative,154,0.5938767790794373,VT65295|0|MEMB004E|-|2307,144,no,GCCCAT,GATTCGGATCG,TCAAGCTCACG
3448,negative,154,2.648324489593506,VT65295|0|MEMB005B|+|2303,144,no,GCCAAC,GATTCGGATCG,TCAAGCTCACG
3449,negative,154,0.5938767790794373,VT65295|0|MEMB005D|-|2647,144,no,GCTAGT,GAATCGGACCG,TAAAGCTGTCG
3450,negative,154,0.5938767790794373,VT65295|0|MEMB006A|-|2731,144,no,GCTAGT,GAATCGGACCG,TAAAGCTGTCG
3451,negative,154,-1.991085767745972,VT65295|0|MEMB006B|-|2950,144,no,GCTGTT,GACTCGGACCG,TTAAGCTGTCG
3452,negative,154,3.1788392066955566,VT65295|0|MEMB006C|+|2238,144,no,GCCAAT,GACTCGGACCG,TCAAACTCTCG
3453,negative,154,0.6483245491981506,VT65295|0|MEMB007B|-|2640,144,no,GCCAGC,GAAGCGGATCG,TGAAGCTGACG
3454,negative,154,1.5938767194747925,VT65295|0|MEMB007C|+|2249,144,no,GCGAAT,GACTCGGATCG,TCAAGCTGACG
3455,negative,154,2.648324489593506,VT65295|0|MEMB007D|-|2925,144,no,GCCAAC,GACTCGGATCG,TTAAACTATCG
3456,negative,154,0.5938767790794373,VT65295|0|MEMB008C|-|2328,144,no,GCCCAT,GACTCGGATCG,TCAAGCTCACG
3457,negative,154,2.0633621215820312,VT65295|0|dkik|-|3985,144,no,GCCAAA,GACTCGGATCG,TCAAGCTGTCG
3458,positive,276,0.4783995747566223,VT65295|0|MEMB002A|+|3572,265,no,AAAAAG,CTAAAAAAATA,GTACCCTTTCA
3459,positive,276,1.4783995151519775,VT65295|0|MEMB002B|-|1683,263,no,TAAAGA,ACCTGTAAGGG,ATGCCTTTAAA
3460,positive,276,1.4783995151519775,VT65295|0|MEMB002C|-|3210,263,no,TAAAGG,ACCTGAAAGTG,AGACCTTTCAC
3461,positive,276,1.2857544422149658,VT65295|0|MEMB002D|+|2569,263,no,CATGGT,GCCTAAAAGTG,AAGAACTTTGA
3462,positive,276,3.2857544422149663,VT65295|0|MEMB002E|-|2184,263,no,CACGGT,ACCTAAAAGTA,ATCAACTTTAA
3463,positive,276,0.4783995747566223,VT65295|0|MEMB002F|-|2530,263,no,AAAAGG,ACCTAATAGTA,ATACTTTTAAA
3464,positive,276,3.2857544422149663,VT65295|0|MEMB003A|-|2218,263,no,CACGGG,GCCTGGAAGTG,AAAAACTTTTA
3465,positive,276,1.7007919549942017,VT65295|0|MEMB003B|-|2439,263,no,AACGGG,GCCTAAAATTG,ATAAACATTTA
3466,positive,276,-1.8841705322265625,VT65295|0|MEMB003C|+|2464,203,no,tcgggt,ccctatgggta,ataaCTACTAT
3467,positive,276,3.2857544422149663,VT65295|0|MEMB003D|-|2218,263,no,CACGGG,GCCTGGAAGTG,ATAAACTTTTA
3468,positive,276,3.2857544422149663,VT65295|0|MEMB003F|-|2339,263,no,CACGGA,GCCTAGAAGTG,ATGATCTCTTA
3469,positive,276,1.4783995151519775,VT65295|0|MEMB004A|-|1649,263,no,TAAAGG,ACCTGCAAGGG,AGAATTTAAAA
3470,positive,276,-1.1065629720687866,VT65295|0|MEMB004B|+|2160,263,no,TGCAAT,GCCTAGAAGAA,TCATGAATGAG
3471,positive,276,3.2857544422149663,VT65295|0|MEMB004E|-|2307,263,no,CACGGG,GCCTAGAAATG,ATGAACTTTTA
3472,positive,276,-0.8841705322265625,VT65295|0|MEMB005B|+|2303,263,no,GGCGGG,GCCTAGAAGTG,GGGATGAGCTT
3473,positive,276,1.2857544422149658,VT65295|0|MEMB005D|-|2647,263,no,CATGGG,GCCTGAAAGTG,ATAAACTTTTG
3474,positive,276,3.2857544422149663,VT65295|0|MEMB006A|-|2731,263,no,CACGAG,GCCTGAAAGTG,ATAAGCTTTTG
3475,positive,276,1.7007919549942017,VT65295|0|MEMB006B|-|2950,263,no,AACGGG,GCCTAAAAGTG,ATGAACTTTTA
3476,positive,276,3.2857544422149663,VT65295|0|MEMB006C|+|2238,266,no,CACGGG,TGGAAGGGATG,ATGAACTTTTC
3477,positive,276,1.4783995151519775,VT65295|0|MEMB007B|-|2640,263,no,TAAATA,ACCTAAAAAAT,AGGAGACCTTT
3478,positive,276,1.4783995151519775,VT65295|0|MEMB007D|-|2925,263,no,TACAGG,ACCTAAAAGTG,AAATCCTTTTA
3479,positive,276,3.2857544422149663,VT65295|0|MEMB008C|-|2328,263,no,CACGGG,GCCTAGAAGTG,ATGGACTTTTA
3480,positive,276,3.2857544422149663,VT65295|0|dkik|-|3985,263,no,CACGGG,TCCTGGAAGTG,ATAAACTTTTA
3481,negative,1313,-1.4061232805252075,VT65295|0|MEMB002A|+|3572,1206,no,TTCTTT,ATTTATTCTCC,TAAAGTGAAAA
3482,negative,1313,1.5938767194747925,VT65295|0|MEMB002B|-|1683,476,no,ACGAAT,ATACCTAAAAT,GAGGTCTAAGA
3483,negative,1313,-0.9910857081413268,VT65295|0|MEMB002C|-|3210,903,no,AAGTAT,ATATATATATA,TAGGGTATTAT
3484,negative,1313,2.648324489593506,VT65295|0|MEMB002D|+|2569,314,no,TGCAAC,AATTCACATTT,ATAATTGATAT
3485,negative,1313,3.1788392066955566,VT65295|0|MEMB002E|-|2184,302,no,TGCAAT,ATTTCCCATTT,GTACAAACTGT
3486,negative,1313,2.593876838684082,VT65295|0|MEMB002F|-|2530,458,no,CTTAAT,ATTTCCTTTGT,ATGGTTGATAG
3487,negative,1313,1.5938767194747925,VT65295|0|MEMB003B|-|2439,303,no,AAAAAT,ATTTCCCATTT,TGAGAGCTTGT
3488,negative,1313,3.1788392066955566,VT65295|0|MEMB003F|-|2339,310,no,TGCAAT,ATTTCTCATTC,GTAAATAATAA
3489,negative,1313,2.0633621215820312,VT65295|0|MEMB004A|-|1649,479,no,GCTAAC,ACTTCTTTAGA,TAGTTGAAATG
3490,negative,1313,2.593876838684082,VT65295|0|MEMB004B|+|2160,284,no,TGTAAT,ATTTCTCATTC,CTAAATAATAT
3491,negative,1313,1.1788393259048462,VT65295|0|MEMB004E|-|2307,310,no,TGCATT,ACTTCTCATTC,GTGTATATTAT
3492,negative,1313,1.5938767194747925,VT65295|0|MEMB005B|+|2303,313,no,ACAAAT,ATTTCTCATTC,TAATTTCTCGT
3493,negative,1313,0.008914276957511902,VT65295|0|MEMB005D|-|2647,308,no,TTTCCT,ATTTGGCTGCT,TATTGTGATTG
3494,negative,1313,0.008914276957511902,VT65295|0|MEMB006A|-|2731,308,no,TCTCCT,ATTTGGCTCAT,TATTGTGATTG
3495,negative,1313,3.1788392066955566,VT65295|0|MEMB006B|-|2950,320,no,TGCAAT,ATTTCCCCACA,GTAGAAAGTAT
3496,negative,1313,1.5938767194747925,VT65295|0|MEMB006C|+|2238,311,no,GTAAAT,GTCTCATCAAT,AATAATGGCTC
3497,negative,1313,0.008914276957511902,VT65295|0|MEMB007B|-|2640,371,no,TTTGAT,ATTAATACTTA,AGTAGTTTATA
3498,negative,1313,1.5938767194747925,VT65295|0|MEMB007C|+|2249,274,no,AAAAAT,ATTTGCCATTT,TAAAAGCTTGT
3499,negative,1313,2.593876838684082,VT65295|0|MEMB007D|-|2925,645,no,TTTAAT,ATATTTACTCT,ATGTATATATA
3500,negative,1313,3.1788392066955566,VT65295|0|MEMB008C|-|2328,310,no,TGCAAT,ATTTCGCTTTA,GTTAATAACAT
3501,positive,1407,-0.5216004252433777,VT65295|0|MEMB002A|+|3572,1300,no,CTAATA,CTATTTAAGAG,ATTAATTCTCC
3502,positive,1407,-1.9366379976272583,VT65295|0|MEMB002B|-|1683,489,no,CCTCTA,TCGTTCTTAGA,AAGAAATGTTA
3503,positive,1407,0.5938767790794373,VT65295|0|MEMB002C|-|3210,950,no,CTCTTA,CTTTTTAAGAG,ATTCTCCCCCT
3504,positive,1407,3.1788392066955566,VT65295|0|MEMB002E|-|2184,322,no,CACTTA,GTTTGTACAGT,TTTAAATAAAT
3505,positive,1407,0.5938767790794373,VT65295|0|MEMB002F|-|2530,485,no,CTCTTA,TTATTTAAAAG,TTTATGCCTCT
3506,positive,1407,0.5938767790794373,VT65295|0|MEMB003B|-|2439,314,no,CTCTCA,ATTTTTACAAG,TCTACAAAATG
3507,positive,1407,0.5938767790794373,VT65295|0|MEMB003C|+|2464,227,no,CTCTTA,CTATTTAAGAG,ATTCTCCCCCT
3508,positive,1407,0.5938767790794373,VT65295|0|MEMB003F|-|2339,330,no,CCCTTC,TTATTTACGAG,TTTTAATATAT
3509,positive,1407,-1.9366379976272583,VT65295|0|MEMB004A|-|1649,507,no,CTTCTA,TTATTTACAAG,ATTGTCCCCCA
3510,positive,1407,3.1788392066955566,VT65295|0|MEMB004B|+|2160,304,no,CACTTA,TTATTTAGGAG,TTTAAATGTAT
3511,positive,1407,0.5938767790794373,VT65295|0|MEMB004E|-|2307,330,no,CCCTAA,ATATACACGGG,TTTAAATATAT
3512,positive,1407,0.06336206197738647,VT65295|0|MEMB005B|+|2303,338,no,CCCCTA,TTATGTATGAG,CGTACCGGTGT
3513,positive,1407,-0.5216004252433777,VT65295|0|MEMB005D|-|2647,334,no,TTCCTA,TATGCTTGGAG,CCTACCGGTGT
3514,positive,1407,0.008914276957511902,VT65295|0|MEMB006A|-|2731,335,no,TTCTAA,ATGCTTTAGAG,TATAGCCAAAG
3515,positive,1407,0.5938767790794373,VT65295|0|MEMB006C|+|2238,320,no,CCATTA,ACATTTACGAG,TTTAAATACAT
3516,positive,1407,0.5938767790794373,VT65295|0|MEMB007B|-|2640,397,no,CTCTTA,CTATTTAGGAG,ATTCTCCCCCT
3517,positive,1407,-1.4061232805252075,VT65295|0|MEMB007C|+|2249,285,no,CTTTTA,ATTTTTACAAG,TTTAAATGGAT
3518,positive,1407,1.5938767194747925,VT65295|0|MEMB007D|-|2925,673,no,GAATGA,acatatataAT,CTTTAAGTTGT
3519,positive,1407,0.5938767790794373,VT65295|0|MEMB008C|-|2328,330,no,CCCTTA,TTATTAACGAG,TTTAAATATAT
3520,negative,1521,0.7007919549942017,VT65295|0|MEMB002A|+|3572,1376,no,GGCTCG,GTGTCCCTTAT,TCCCTTTGCGC
3521,negative,1521,0.5938767790794373,VT65295|0|MEMB002B|-|1683,572,no,GGCTCT,GTGTCCCTTAT,TTCCATTGCGC
3522,negative,1521,0.7007919549942017,VT65295|0|MEMB002C|-|3210,1022,no,GGCTCG,GTGTCCCTTAT,TCCCTTTGCGC
3523,negative,1521,1.1788393259048462,VT65295|0|MEMB002D|+|2569,399,no,GGCAGT,GTATTGCTTAT,TCCCAATACGC
3524,negative,1521,3.1788392066955566,VT65295|0|MEMB002E|-|2184,397,no,GGCACT,GTATTGCTAAC,ACCCAATACGC
3525,negative,1521,1.1788393259048462,VT65295|0|MEMB002F|-|2530,569,no,GGCAGT,GTGGTCGTTAT,TCCCCGTGCGC
3526,negative,1521,1.1788393259048462,VT65295|0|MEMB003A|-|2218,348,no,GGCAGT,ATCTTGTTTAT,TTCCAATTCGC
3527,negative,1521,3.1788392066955566,VT65295|0|MEMB003B|-|2439,394,no,GGCACT,GTATACCTTAT,TCCCACTGCGC
3528,negative,1521,0.7007919549942017,VT65295|0|MEMB003C|+|2464,299,no,GGCTCG,GTGTCCCTTAT,TTCCATTACGC
3529,negative,1521,1.1788393259048462,VT65295|0|MEMB003D|-|2218,348,no,GGCAGT,ATCTTGTTTAT,TTCCAATTCGC
3530,negative,1521,3.1788392066955566,VT65295|0|MEMB003F|-|2339,401,no,GGCACT,ATAATGCTTAT,ACCCAATACGC
3531,negative,1521,0.5938767790794373,VT65295|0|MEMB004A|-|1649,567,no,GGCTCT,GTGTCCCTTAT,TTCCATTGCGC
3532,negative,1521,3.1788392066955566,VT65295|0|MEMB004B|+|2160,368,no,GGCACT,GTAATGCTTAA,ACCCAATACGC
3533,negative,1521,3.1788392066955566,VT65295|0|MEMB004E|-|2307,402,no,GGCAAT,GTACTGCTTAT,ACCCAATACGC
3534,negative,1521,3.1788392066955566,VT65295|0|MEMB005B|+|2303,383,no,GGCACT,GTACTGCTTAA,ACCCAATACGA
3535,negative,1521,3.1788392066955566,VT65295|0|MEMB005D|-|2647,379,no,GGCACT,GTACTGCTTAT,TCCCAATTCGC
3536,negative,1521,3.1788392066955566,VT65295|0|MEMB006A|-|2731,402,no,GGCACT,GTACTGCTTAT,TCCCAATTCGC
3537,negative,1521,3.1788392066955566,VT65295|0|MEMB006B|-|2950,412,no,GGCACT,GTATTGCTTAT,TCCCACTACGC
3538,negative,1521,3.1788392066955566,VT65295|0|MEMB006C|+|2238,391,no,GGCACT,GTAATGCTTAG,ACCCAATACGC
3539,negative,1521,0.7007919549942017,VT65295|0|MEMB007B|-|2640,469,no,GGCTCG,GTGTCCCTGAT,TTCCTTTGCGC
3540,negative,1521,3.1788392066955566,VT65295|0|MEMB007C|+|2249,360,no,GGCACT,GTATACCTTAT,TCCCACTGCGC
3541,negative,1521,1.1788393259048462,VT65295|0|MEMB007D|-|2925,755,no,GGCAGT,GTACTCGTTAT,TTCCGATGCGC
3542,negative,1521,3.1788392066955566,VT65295|0|MEMB008C|-|2328,403,no,GGCACT,GTACTGCTTAA,ACCCAATACGC
3543,negative,1521,1.1788393259048462,VT65295|0|dkik|-|3985,348,no,GGCAGT,ACCTTGTTTAT,TTCCAATTCGC
3544,positive,1542,-0.5216004252433777,VT65295|0|MEMB002A|+|3572,1397,no,TAGACC,AAAGGGAACTT,TGCCATCACCC
3545,positive,1542,-0.5216004252433777,VT65295|0|MEMB002B|-|1683,593,no,TAGACC,AATGGAAACTT,TGCCATTACCC
3546,positive,1542,-0.5216004252433777,VT65295|0|MEMB002C|-|3210,1043,no,TAGACC,AAAGGGAACTT,TGCCATCACCC
3547,positive,1542,0.6483245491981506,VT65295|0|MEMB002D|+|2569,420,no,CAGCCC,ATTGGGAATTT,AGCCATGACCC
3548,positive,1542,3.2857544422149663,VT65295|0|MEMB002E|-|2184,418,no,CAAGCC,ATTGGGTATTT,AGCCATGACCC
3549,positive,1542,0.06336206197738647,VT65295|0|MEMB002F|-|2530,590,no,CAGACC,ACGGGGAACTT,TGCCATGACCC
3550,positive,1542,3.2857544422149663,VT65295|0|MEMB003A|-|2218,369,no,CAAGCC,ATTGGAAATTT,GGCCATCACCC
3551,positive,1542,1.2857544422149658,VT65295|0|MEMB003B|-|2439,415,no,CAGGCC,AGTGGGAATTT,GGCCATCAGCC
3552,positive,1542,-0.5216004252433777,VT65295|0|MEMB003C|+|2464,320,no,TAGACC,AATGGAAACTT,TGCCATCACCC
3553,positive,1542,3.2857544422149663,VT65295|0|MEMB003D|-|2218,369,no,CAAGCC,ATTGGAAATTT,GGCCATCACCC
3554,positive,1542,1.2857544422149658,VT65295|0|MEMB003F|-|2339,422,no,CAGGCC,ATTGGGTACTT,GGCCATGACCC
3555,positive,1542,-0.5216004252433777,VT65295|0|MEMB004A|-|1649,588,no,TAGACC,AATGGAAACTT,TGCCATTACCC
3556,positive,1542,1.2857544422149658,VT65295|0|MEMB004B|+|2160,389,no,CAGGCC,ATTGGGTATTT,GGCCATGACCC
3557,positive,1542,1.2857544422149658,VT65295|0|MEMB004E|-|2307,423,no,CAGGCC,ATTGGGTATTT,GGCCATGACCC
3558,positive,1542,1.2857544422149658,VT65295|0|MEMB005B|+|2303,404,no,CAGGCC,ATTGGGTATTT,GGCCATGACCC
3559,positive,1542,1.2857544422149658,VT65295|0|MEMB005D|-|2647,400,no,CAGGCC,ATTGGGAATTT,GGCCATGACCC
3560,positive,1542,1.2857544422149658,VT65295|0|MEMB006A|-|2731,423,no,CAGGCC,ATTGGGAATTT,GGCCATGACCC
3561,positive,1542,-0.29920801520347595,VT65295|0|MEMB006B|-|2950,433,no,AAGGCC,AGTGGGAATTT,GGCCATCACCC
3562,positive,1542,1.2857544422149658,VT65295|0|MEMB006C|+|2238,412,no,CAGGCC,ATTGGGTATTT,GGCCATGACCC
3563,positive,1542,-0.5216004252433777,VT65295|0|MEMB007B|-|2640,490,no,TAGACC,AAAGGAAACTT,TGCCATCACCC
3564,positive,1542,1.2857544422149658,VT65295|0|MEMB007C|+|2249,381,no,CAGGCC,AGTGGGAATTT,GGCCATCAGCC
3565,positive,1542,0.06336206197738647,VT65295|0|MEMB007D|-|2925,776,no,CAGACC,ATCGGAAACTT,GGCCATTACCC
3566,positive,1542,1.2857544422149658,VT65295|0|MEMB008C|-|2328,424,no,CAGGCC,ATTGGGTATTT,GGCCATGACCC
3567,positive,1542,3.2857544422149663,VT65295|0|dkik|-|3985,369,no,CAAGCC,ATTGGAAATTT,GGCCATCACCC
3568,positive,1872,1.2857544422149658,VT65295|0|MEMB002A|+|3572,1727,no,CATGAC,AAGAAGTAAAT,CGATCCAATGG
3569,positive,1872,2.0633621215820312,VT65295|0|MEMB002B|-|1683,923,no,CAAAAT,AAGAAGTAAAT,CGATCCGATGG
3570,positive,1872,1.2857544422149658,VT65295|0|MEMB002C|-|3210,1373,no,CATGAC,AAGAAGTAAAT,CGATCCAATGG
3571,positive,1872,0.7007919549942017,VT65295|0|MEMB002D|+|2569,750,no,TATGCA,AAGTAGTAAAT,CGATCCTATGG
3572,positive,1872,3.2857544422149663,VT65295|0|MEMB002E|-|2184,748,no,CAAGCC,AAGTAGTAAAT,CGATCCTATGA
3573,positive,1872,1.2857544422149658,VT65295|0|MEMB002F|-|2530,920,no,CAGGGC,AAGAAGTAAAT,CGATCCTATAG
3574,positive,1872,3.2857544422149663,VT65295|0|MEMB003A|-|2218,699,no,CAAGGT,AAGTAAAAAAT,CGATCCTATGA
3575,positive,1872,-0.29920801520347595,VT65295|0|MEMB003B|-|2439,745,no,AATGCC,AAATAGTAAAT,CGATGCTATGA
3576,positive,1872,1.2857544422149658,VT65295|0|MEMB003C|+|2464,650,no,CATGAC,AAGAAGTAAAT,CAATCCAATGG
3577,positive,1872,3.2857544422149663,VT65295|0|MEMB003D|-|2218,699,no,CAAGGT,AAGTAAAAAAT,CGATCCTATGA
3578,positive,1872,3.2857544422149663,VT65295|0|MEMB003F|-|2339,752,no,CAAGGC,AAGTAGTAAAT,CGATCCTAGGA
3579,positive,1872,2.0633621215820312,VT65295|0|MEMB004A|-|1649,918,no,CAAAAT,AAGAAGTAAAT,CGATCCGATGG
3580,positive,1872,3.2857544422149663,VT65295|0|MEMB004B|+|2160,719,no,CAAGGC,AAGTAGTAAAT,CGATCCTATGA
3581,positive,1872,3.2857544422149663,VT65295|0|MEMB004E|-|2307,750,no,CAAGGC,AAGTAGTAAAT,CGATCCTATGA
3582,positive,1872,3.2857544422149663,VT65295|0|MEMB005B|+|2303,734,no,CAAGGC,AAGTAGTAAAT,CGATCCCAAGA
3583,positive,1872,3.2857544422149663,VT65295|0|MEMB005D|-|2647,730,no,CAAGGC,AAGTAGTAAAT,CGAGCCTATGA
3584,positive,1872,3.2857544422149663,VT65295|0|MEMB006A|-|2731,753,no,CAAGGC,AAGTAGTAAAT,CGATCCTATGG
3585,positive,1872,-0.29920801520347595,VT65295|0|MEMB006B|-|2950,763,no,AATGAA,AAGTAGTAAAT,GGATGCCACGG
3586,positive,1872,1.2857544422149658,VT65295|0|MEMB006C|+|2238,742,no,CAGGGC,AAGTAGTAAAT,CGATCCTATGC
3587,positive,1872,1.2857544422149658,VT65295|0|MEMB007B|-|2640,820,no,CATGAC,AAGAAGTAAAT,CGATCCTATGG
3588,positive,1872,-0.29920801520347595,VT65295|0|MEMB007C|+|2249,711,no,AATGCC,AAGTAGTAAAT,CGATGCTATGA
3589,positive,1872,3.2857544422149663,VT65295|0|MEMB007D|-|2925,1106,no,CAAGGT,AAATAGTAAAT,CGATCCTATGG
3590,positive,1872,3.2857544422149663,VT65295|0|MEMB008C|-|2328,754,no,CACGGC,AAGTAGTAAAT,CGATCCTATCA
3591,positive,1872,3.2857544422149663,VT65295|0|dkik|-|3985,699,no,CAAGGT,AAGTAAAAAAT,CGATCCTATGA
3592,positive,1902,2.648324489593506,VT65295|0|MEMB002A|+|3572,1757,no,CACCAC,GCGGCGAAGAG,ATAGTCAATGG
3593,positive,1902,2.648324489593506,VT65295|0|MEMB002B|-|1683,953,no,CACCAC,GCGGTGAAGAG,ATAATCAATGT
3594,positive,1902,2.648324489593506,VT65295|0|MEMB002C|-|3210,1403,no,CACCAC,GCGGTGAAGAG,ATAGTCAATGG
3595,positive,1902,2.648324489593506,VT65295|0|MEMB002D|+|2569,780,no,CACCAC,GAGACGAAGAG,GAAGTCGTTGG
3596,positive,1902,3.2857544422149663,VT65295|0|MEMB002E|-|2184,778,no,CACGAC,GAGACGAAGAG,GAAGTCGTTGG
3597,positive,1902,2.648324489593506,VT65295|0|MEMB002F|-|2530,950,no,CACCAC,GCGGCGAAAAG,ATAATCAATGG
3598,positive,1902,2.648324489593506,VT65295|0|MEMB003A|-|2218,729,no,CACCAC,GAGGCGAAGAG,GTAATCATTGG
3599,positive,1902,2.648324489593506,VT65295|0|MEMB003B|-|2439,775,no,CACCAC,GAGACGAAGAG,GTAATCGCCGT
3600,positive,1902,2.648324489593506,VT65295|0|MEMB003C|+|2464,680,no,CACCAC,GCGGTGAAGAG,ATAGTCAATGG
3601,positive,1902,2.648324489593506,VT65295|0|MEMB003D|-|2218,729,no,CACCAC,GAGGCGAAGAG,GTAATCATTGG
3602,positive,1902,2.648324489593506,VT65295|0|MEMB003F|-|2339,782,no,CACCAC,GAGACGAAGAG,GAAATCATCTG
3603,positive,1902,2.648324489593506,VT65295|0|MEMB004A|-|1649,948,no,CACCAC,GCGGTGAAGAG,ATAATCAATGT
3604,positive,1902,2.648324489593506,VT65295|0|MEMB004B|+|2160,749,no,CACCAC,GAGACGAAGAG,GAAATCATTCG
3605,positive,1902,2.648324489593506,VT65295|0|MEMB004E|-|2307,780,no,CACCAC,GAGACGAAGAG,GAAATCATTCG
3606,positive,1902,2.648324489593506,VT65295|0|MEMB005B|+|2303,764,no,CACCAC,GAGACGAAGAG,GAAATCATTCG
3607,positive,1902,2.648324489593506,VT65295|0|MEMB005D|-|2647,760,no,CACCAC,GAGACGAAGAG,GAAATCATTGG
3608,positive,1902,2.648324489593506,VT65295|0|MEMB006A|-|2731,783,no,CACCAC,GAGACGAAGAG,GTAATCGTCGG
3609,positive,1902,2.648324489593506,VT65295|0|MEMB006B|-|2950,793,no,CACCAC,GACACGAAGAG,GTAATCGTCCT
3610,positive,1902,2.648324489593506,VT65295|0|MEMB006C|+|2238,772,no,CACCAC,GAGACGAAGAG,GAAATCATCCA
3611,positive,1902,2.648324489593506,VT65295|0|MEMB007B|-|2640,850,no,CACCAC,GCGGTGAAGAG,ATAGTCAATGG
3612,positive,1902,2.648324489593506,VT65295|0|MEMB007C|+|2249,741,no,CACCAC,GAGACGAAGAG,GTAATCCCCCC
3613,positive,1902,0.4783995747566223,VT65295|0|MEMB007D|-|2925,1136,no,GACAAC,GAGGCGAAAAG,GAAATCATTCT
3614,positive,1902,3.1788392066955566,VT65295|0|MEMB008C|-|2328,784,no,CACTAC,GAGACGAAGAG,GAAGTCACTCG
3615,positive,1902,2.648324489593506,VT65295|0|dkik|-|3985,729,no,CACCAC,GAGGCGAAGAG,GTAATCATTGG
3616,negative,1940,-0.8841705322265625,VT65295|0|MEMB002A|+|3572,1795,no,CCGTCG,AACGCCCCGAA,ATTCAGGCTCT
3617,negative,1940,-0.8841705322265625,VT65295|0|MEMB002B|-|1683,991,no,CCGTCG,AACGCCCCGAT,ATTTAGGCTCT
3618,negative,1940,-0.8841705322265625,VT65295|0|MEMB002C|-|3210,1441,no,CCGTCG,AACGCCCCGAA,ATTCAGGCTCT
3619,negative,1940,2.648324489593506,VT65295|0|MEMB002D|+|2569,818,no,CCCACC,AAAACCCCGAA,GTTTAGGTACT
3620,negative,1940,3.2857544422149663,VT65295|0|MEMB002E|-|2184,816,no,CTCACG,AAAACCCCGAT,TTTTAGGTATT
3621,negative,1940,-0.8841705322265625,VT65295|0|MEMB002F|-|2530,988,no,CTACCG,AACGCCCCGAA,ATTTAGGCACA
3622,negative,1940,2.7007920742034908,VT65295|0|MEMB003A|-|2218,767,no,CTTACG,AATTCCCCCAA,TTTTCGGTATT
3623,negative,1940,3.2857544422149663,VT65295|0|MEMB003B|-|2439,813,no,CCCACG,AAAATCCCGAT,TTTCAGGTATT
3624,negative,1940,-0.8841705322265625,VT65295|0|MEMB003C|+|2464,718,no,CCGTCG,AACGCCCCGAA,ATTCAGGCTCT
3625,negative,1940,2.7007920742034908,VT65295|0|MEMB003D|-|2218,767,no,CCTACG,AATTCCCCCAA,TTTTCGGTATT
3626,negative,1940,3.2857544422149663,VT65295|0|MEMB003F|-|2339,820,no,CCCACG,AGAGCCCCGAA,TTTTAGGTATT
3627,negative,1940,-0.8841705322265625,VT65295|0|MEMB004A|-|1649,986,no,CCGTCG,AACGCCCCGAT,ATTTAGGCTCT
3628,negative,1940,3.2857544422149663,VT65295|0|MEMB004B|+|2160,787,no,CCCACG,AAAACCCTGAA,TTTTAGGTACT
3629,negative,1940,3.2857544422149663,VT65295|0|MEMB004E|-|2307,818,no,CCCACG,AAAGCCCCGAA,TTTTAGGTACT
3630,negative,1940,3.2857544422149663,VT65295|0|MEMB005B|+|2303,802,no,CCCACG,AGAACCCCGAA,TTTTAGGTACT
3631,negative,1940,3.2857544422149663,VT65295|0|MEMB005D|-|2647,798,no,CCCACG,AAAACCCCGAA,TTTTAGGTATT
3632,negative,1940,3.2857544422149663,VT65295|0|MEMB006A|-|2731,821,no,CCCACG,AAAACACCGAT,TTTTAGGTACT
3633,negative,1940,3.2857544422149663,VT65295|0|MEMB006B|-|2950,831,no,CCCACG,ACAACACCGAT,TTTCCAGAATT
3634,negative,1940,3.2857544422149663,VT65295|0|MEMB006C|+|2238,810,no,CCCACG,AGAGCCCCGAT,TTTTAGGTACG
3635,negative,1940,-0.8841705322265625,VT65295|0|MEMB007B|-|2640,888,no,CCGTCG,AACGCCCCGAA,ATTCAGGCTCT
3636,negative,1940,3.2857544422149663,VT65295|0|MEMB007C|+|2249,779,no,CACACG,AAAACCCCGAT,TTTCAGGTATT
3637,negative,1940,0.7007919549942017,VT65295|0|MEMB007D|-|2925,1174,no,GCCTCG,AACAGCCTGAT,CTTTAGGCATA
3638,negative,1940,3.2857544422149663,VT65295|0|MEMB008C|-|2328,822,no,CCCACG,AGAACCCCGAA,CTTTAGGTACT
3639,negative,1940,2.7007920742034908,VT65295|0|dkik|-|3985,767,no,CCTACG,AATTCCCCCAA,TTTTCGGTATT
3640,positive,2048,2.593876838684082,VT65295|0|MEMB002A|+|3572,1903,no,TAATGG,ACGTTCCAAAA,CGAAGGCGGCA
3641,positive,2048,2.593876838684082,VT65295|0|MEMB002B|-|1683,1099,no,TAATGG,ACGTTCCAGAA,CGAAGGCGGCA
3642,positive,2048,2.593876838684082,VT65295|0|MEMB002C|-|3210,1549,no,TAATGG,ACGTTCCAAAA,CGAAGGCGGCA
3643,positive,2048,1.1788393259048462,VT65295|0|MEMB002D|+|2569,926,no,CAGTAG,AAGCTCCAAAA,TGAAGGCGGCA
3644,positive,2048,3.1788392066955566,VT65295|0|MEMB002E|-|2184,924,no,CAATGG,GCGCTCCAAAA,CGAAGGCGGCA
3645,positive,2048,2.593876838684082,VT65295|0|MEMB002F|-|2530,1096,no,TAATGG,ACGTTCCAAAA,CGAAGGCGGCA
3646,positive,2048,1.1788393259048462,VT65295|0|MEMB003A|-|2218,875,no,CAGTGG,ACGTTCCAAAA,TGAAGGCGGCA
3647,positive,2048,1.5938767194747925,VT65295|0|MEMB003B|-|2439,921,no,GAATGG,ACGATCCAGAA,CGAAGGCGGCA
3648,positive,2048,2.593876838684082,VT65295|0|MEMB003C|+|2464,826,no,TAATGG,ACGTTCCAAAA,CGAAGGCGGCA
3649,positive,2048,1.1788393259048462,VT65295|0|MEMB003D|-|2218,875,no,CAGTGG,ACGTTCCAAAA,TGAAGGCGGCA
3650,positive,2048,1.1788393259048462,VT65295|0|MEMB003F|-|2339,928,no,CAGTGG,GCGTTCCAAAA,CGAAGGCGGCA
3651,positive,2048,2.593876838684082,VT65295|0|MEMB004A|-|1649,1094,no,TAATGG,ACGTTCCAGAA,CGAAGGCGGCA
3652,positive,2048,1.1788393259048462,VT65295|0|MEMB004B|+|2160,895,no,CAGTGG,GCGTTGCAATA,CAAAGGCGGCA
3653,positive,2048,1.1788393259048462,VT65295|0|MEMB004E|-|2307,926,no,CAGTGG,GCGTTGCAAAA,CAAAGGCGGCA
3654,positive,2048,1.1788393259048462,VT65295|0|MEMB005B|+|2303,910,no,CAGTGG,GCGTTGCAAAA,CGAAGGCGGCA
3655,positive,2048,3.1788392066955566,VT65295|0|MEMB005D|-|2647,906,no,CAATCG,ACGTTCCAAGA,CGAATGCGGCA
3656,positive,2048,3.1788392066955566,VT65295|0|MEMB006A|-|2731,929,no,CAATGG,ACGTTCCAAGA,CGAAGGCGGCA
3657,positive,2048,1.5938767194747925,VT65295|0|MEMB006B|-|2950,939,no,GAATAG,ACGTTCCAAAA,CGAAGGCGGCA
3658,positive,2048,-1.4061232805252075,VT65295|0|MEMB006C|+|2238,918,no,CGGTGG,GCGTTGCAAAA,TGAAGGCGGCA
3659,positive,2048,2.593876838684082,VT65295|0|MEMB007B|-|2640,996,no,TAATGG,ACGTTCCAAAA,CGAAGGCGGCA
3660,positive,2048,1.5938767194747925,VT65295|0|MEMB007C|+|2249,887,no,GAATGG,ACGTTCCAGAA,CGAAGGCGGCA
3661,positive,2048,1.1788393259048462,VT65295|0|MEMB007D|-|2925,1282,no,CAGTGG,ACGTTCCAGCA,TGAAGGCGGCA
3662,positive,2048,1.1788393259048462,VT65295|0|MEMB008C|-|2328,930,no,CAGTGG,GCGTTGCAAAA,CGAAGGCGGCA
3663,positive,2048,1.1788393259048462,VT65295|0|dkik|-|3985,875,no,CAGTGG,ACGTTCCAAAA,TGAAGGCGGCA
3664,positive,3046,2.648324489593506,VT65295|0|MEMB002A|+|3572,2304,no,CAACAA,AGAGCTTACCG,TAAATACAAAA
3665,positive,3046,2.648324489593506,VT65295|0|MEMB002B|-|1683,1516,no,CAACAA,AGAGCTTACCA,TCAATACAAAA
3666,positive,3046,2.648324489593506,VT65295|0|MEMB002C|-|3210,1961,no,CAACAA,AGAGCTTACCG,TAAATACAAAA
3667,positive,3046,2.648324489593506,VT65295|0|MEMB002D|+|2569,1343,no,CAACAA,TTGACTTACCA,TCAATATAAAA
3668,positive,3046,3.1788392066955566,VT65295|0|MEMB002E|-|2184,1203,no,CAATAA,GTTACTTACCA,TCAAAATGAAA
3669,positive,3046,2.648324489593506,VT65295|0|MEMB002F|-|2530,1427,no,CAACAA,TGAGCTTACCA,TTATTACAAAA
3670,positive,3046,3.1788392066955566,VT65295|0|MEMB003A|-|2218,1218,no,CAATTA,GGAGCTTACCA,TAAGTATAAAA
3671,positive,3046,0.5938767790794373,VT65295|0|MEMB003B|-|2439,1255,no,CTATAA,TAACCTTACCA,TAATTATAAAA
3672,positive,3046,2.648324489593506,VT65295|0|MEMB003C|+|2464,1238,no,CAACAA,AGAGCTTACCG,TAAATACAAAA
3673,positive,3046,3.1788392066955566,VT65295|0|MEMB003D|-|2218,1218,no,CAATTA,GGAGCTTACCA,TAAGTATAAAA
3674,positive,3046,3.1788392066955566,VT65295|0|MEMB003F|-|2339,1318,no,CAATAA,GGTGCTTACCA,TAAGTATAAAA
3675,positive,3046,2.648324489593506,VT65295|0|MEMB004A|-|1649,1502,no,CAACAA,CATATTTACCA,TCAATACAAAA
3676,positive,3046,1.5938767194747925,VT65295|0|MEMB004B|+|2160,1252,no,AAATCA,TCTGCTTACCA,TCAATATAAAA
3677,positive,3046,1.5938767194747925,VT65295|0|MEMB004E|-|2307,1296,no,AAATAA,TGCGCTTACCA,TTATTATAAAA
3678,positive,3046,1.5938767194747925,VT65295|0|MEMB005B|+|2303,1280,no,AAATCA,ATAGCTTACCA,TCACTATAAAA
3679,positive,3046,3.1788392066955566,VT65295|0|MEMB005D|-|2647,1470,no,CAATCA,ataGCTTACCA,TGAATATAAAA
3680,positive,3046,1.5938767194747925,VT65295|0|MEMB006A|-|2731,1548,no,AAATCA,TTAGCTTACCA,TAAATATAAAA
3681,positive,3046,2.648324489593506,VT65295|0|MEMB006B|-|2950,1226,no,CAACAA,TAAACTTACCA,TAATTATAAAA
3682,positive,3046,0.5938767790794373,VT65295|0|MEMB006C|+|2238,1314,no,CTATGA,TGTGCTTACCA,TCAATATAAAA
3683,positive,3046,2.648324489593506,VT65295|0|MEMB007B|-|2640,1392,no,CAACAA,AGAGCTTACCG,TCAATACAAAA
3684,positive,3046,3.1788392066955566,VT65295|0|MEMB007C|+|2249,1226,no,CAATAA,TAAGCTTACCA,TAATTATAAAA
3685,positive,3046,1.0633620023727417,VT65295|0|MEMB007D|-|2925,2037,no,AAACAA,AGAGCTTACCA,TACCCACAAAA
3686,positive,3046,1.5938767194747925,VT65295|0|MEMB008C|-|2328,1302,no,AAATCA,AGTGCTTACCA,TCAATATAAAA
3687,positive,3046,3.1788392066955566,VT65295|0|dkik|-|3985,1220,no,CAATTA,GGAGCTTACCA,TAAGTATAAAA
3688,positive,3206,0.5938767790794373,VT65295|0|MEMB002A|+|3572,2464,no,TATTAT,ATATTACATAT,AGAGAAGACTT
3689,positive,3206,0.5938767790794373,VT65295|0|MEMB002B|-|1683,1676,no,TATTAT,AGAGAACACAT,A
3690,positive,3206,0.5938767790794373,VT65295|0|MEMB002C|-|3210,2121,no,TATTAT,AGATTACATAT,AGAGAAGACTT
3691,positive,3206,0.5938767790794373,VT65295|0|MEMB002D|+|2569,1502,no,TATTAT,GAGTTTAGTTT,TAGTTGCTAAT
3692,positive,3206,3.1788392066955566,VT65295|0|MEMB002E|-|2184,1362,no,CACTAT,GAGTTTAGTTT,AAGTTATCAGA
3693,positive,3206,0.5938767790794373,VT65295|0|MEMB002F|-|2530,1587,no,TATTAA,AGATAACATTT,ATGAGAGATCC
3694,positive,3206,1.1788393259048462,VT65295|0|MEMB003A|-|2218,1377,no,CATTAT,GAGATTAGTTT,CAACAGGTGTC
3695,positive,3206,0.5938767790794373,VT65295|0|MEMB003B|-|2439,1414,no,TATTAT,AAGATAGGTTT,AAGAAGGTTTC
3696,positive,3206,0.5938767790794373,VT65295|0|MEMB003C|+|2464,1398,no,TATTAT,AGATTACATAT,AGATTACTTTT
3697,positive,3206,1.1788393259048462,VT65295|0|MEMB003D|-|2218,1377,no,CATTAT,GAGATTAGTTT,TAACAGGTGTC
3698,positive,3206,2.593876838684082,VT65295|0|MEMB003F|-|2339,1476,no,TACTTA,GAGATTAGTTT,AAGGAAGTTTT
3699,positive,3206,0.5938767790794373,VT65295|0|MEMB004B|+|2160,1411,no,TAGTAA,GAGATTAGTTT,ACAGAGGTTTC
3700,positive,3206,0.5938767790794373,VT65295|0|MEMB004E|-|2307,1455,no,TATTAA,GAGATTAGTTT,AAGGAGATTTT
3701,positive,3206,0.5938767790794373,VT65295|0|MEMB005B|+|2303,1439,no,TAGTAA,GAGATTAGTTT,AAGGAAGTTTC
3702,positive,3206,0.5938767790794373,VT65295|0|MEMB005D|-|2647,1624,no,TATTAA,TAAAGAAGAAT,GGGTTTCAGAA
3703,positive,3206,0.5938767790794373,VT65295|0|MEMB006A|-|2731,1707,no,TATTAA,AAGAATAGTTT,AATGAGATTTC
3704,positive,3206,0.7007919549942017,VT65295|0|MEMB006B|-|2950,1385,no,TATGTT,GAGATTAGTTT,AAGGAGGTTTC
3705,positive,3206,-1.991085767745972,VT65295|0|MEMB007B|-|2640,1552,no,TGTTAT,AGATTACATAT,AGAGAAGACTT
3706,positive,3206,0.5938767790794373,VT65295|0|MEMB007C|+|2249,1380,no,TATTAT,TAAGGAAGATT,AACAAGGTTTC
3707,positive,3206,-0.4061232209205627,VT65295|0|MEMB007D|-|2925,2196,no,AATTAT,AATATATTTTT,ATGGATTACGA
3708,positive,3206,0.5938767790794373,VT65295|0|MEMB008C|-|2328,1461,no,TATTAA,GAGATAAGTTT,AAGGAGGTGTC
3709,positive,3206,1.1788393259048462,VT65295|0|dkik|-|3985,1379,no,CATTAT,GAGATTAGTTT,TAACAGGTGTC
3710,negative,4734,0.4783995747566223,VT65295|0|MEMB002A|+|3572,2872,no,TGAAAA,ACAAAAAACAT,GGTCTGGATTT
3711,negative,4734,0.4783995747566223,VT65295|0|MEMB002C|-|3210,2509,no,GAAAAA,CAAAAAAACAT,GTCTGGATTTT
3712,negative,4734,3.1788392066955566,VT65295|0|MEMB002E|-|2184,1491,no,TCCAAT,ATATAATATAC,ATCTAACATAT
3713,negative,4734,0.4783995747566223,VT65295|0|MEMB003A|-|2218,1505,no,TAGAAA,GAATTATATAT,AACAAACTATT
3714,negative,4734,1.2857544422149658,VT65295|0|MEMB003B|-|2439,1749,no,TGCAGG,GTATTCTTATT,ATATACACTCT
3715,negative,4734,0.4783995747566223,VT65295|0|MEMB003C|+|2464,1764,no,TGAAAA,ACAAAAAACAT,GGTCTGGATTT
3716,negative,4734,0.4783995747566223,VT65295|0|MEMB003D|-|2218,1505,no,TAGAAA,GAATTATATAT,AACAAACTATT
3717,negative,4734,1.2857544422149658,VT65295|0|MEMB003F|-|2339,1647,no,TGCAGG,GTATTCTAATT,ACATTTACCCT
3718,negative,4734,1.2857544422149658,VT65295|0|MEMB004B|+|2160,1474,no,AACAGG,GTATTCTATTT,TGATAAACCCT
3719,negative,4734,1.2857544422149658,VT65295|0|MEMB004E|-|2307,1611,no,TGCAGG,GTATTCTAATT,GCATTGCCCCT
3720,negative,4734,1.2857544422149658,VT65295|0|MEMB005B|+|2303,1610,no,TGCAGG,GTATAATAATT,ACATTTACCCT
3721,negative,4734,1.2857544422149658,VT65295|0|MEMB005D|-|2647,1951,no,TGCAGG,ATGTATTCATT,TTATGTACTCT
3722,negative,4734,1.2857544422149658,VT65295|0|MEMB006A|-|2731,2035,no,TGCAGG,ATGCATTAATT,TTATATGCTCT
3723,negative,4734,1.2857544422149658,VT65295|0|MEMB006B|-|2950,2264,no,TGCAGG,GTATTCTTATT,ATTTACACCAT
3724,negative,4734,1.2857544422149658,VT65295|0|MEMB006C|+|2238,1543,no,TGCAGG,GTATTCTAGTT,ACATTTAATAT
3725,negative,4734,0.4783995747566223,VT65295|0|MEMB007B|-|2640,1940,no,TGAAAA,ACAAAAAACAT,GGTCTGGATTT
3726,negative,4734,2.593876838684082,VT65295|0|MEMB007D|-|2925,2230,no,TATAAT,ACATATATTCA,TTTATTATTAT
3727,negative,4734,1.2857544422149658,VT65295|0|MEMB008C|-|2328,1633,no,TGCAGG,GTATTCGAAGT,ACATTTACCTT
3728,negative,4734,3.2857544422149663,VT65295|0|dkik|-|3985,2868,no,TGCAAG,GAAATAAGAAT,GAAAGCCAATT
3729,positive,5311,0.7007919549942017,VT65295|0|MEMB002A|+|3572,3027,no,CTCGAC,ACGTTAAACAC,GGCCGGTTCCG
3730,positive,5311,0.7007919549942017,VT65295|0|MEMB002C|-|3210,2665,no,CTCGAC,ACATTAAACAC,GTTCGGTTCCG
3731,positive,5311,-0.29920801520347595,VT65295|0|MEMB002D|+|2569,2034,no,GATGAC,ACGCTGTTCAT,ATTTGGTTCCG
3732,positive,5311,3.2857544422149663,VT65295|0|MEMB002E|-|2184,1642,no,CAAGAC,ATGTTGTACAT,ATTGGGTTCCG
3733,positive,5311,0.7007919549942017,VT65295|0|MEMB002F|-|2530,1978,no,CTCGAC,ATGTTGAACAC,GTGAGGTTCCG
3734,positive,5311,-1.2992080450057983,VT65295|0|MEMB003A|-|2218,1678,no,CGTGAC,ACGTTGTACAT,ACTCGGTTCCG
3735,positive,5311,1.2857544422149658,VT65295|0|MEMB003B|-|2439,1909,no,CATGAC,ATGTTGTAGAC,ATTCGGATCTT
3736,positive,5311,0.7007919549942017,VT65295|0|MEMB003C|+|2464,1919,no,CTCGAC,ACGTTATATAC,GTTCGGTTCCG
3737,positive,5311,-1.2992080450057983,VT65295|0|MEMB003D|-|2218,1678,no,CGTGAC,ACGTTGTACAT,ACTCGGTTCCG
3738,positive,5311,1.2857544422149658,VT65295|0|MEMB003F|-|2339,1803,no,CATGAC,ATGTTGTACAT,CTTCGGGTTGT
3739,positive,5311,-1.2992080450057983,VT65295|0|MEMB004B|+|2160,1623,no,CGTGAC,ACGTTGTACAC,CTTCGGGTAGT
3740,positive,5311,1.2857544422149658,VT65295|0|MEMB004E|-|2307,1767,no,CATGAT,ACGTTGTACAT,CTTCGGGTCCC
3741,positive,5311,1.2857544422149658,VT65295|0|MEMB005B|+|2303,1766,no,CATGAC,ACGTTGTACAC,CTTCGGGAACT
3742,positive,5311,1.2857544422149658,VT65295|0|MEMB005D|-|2647,2111,no,CATGAC,ACGTTGAACAT,GTTGGGTTCCG
3743,positive,5311,1.2857544422149658,VT65295|0|MEMB006A|-|2731,2195,no,CATGAC,ACGTTGAACAT,GTTCGGTTCCG
3744,positive,5311,0.7007919549942017,VT65295|0|MEMB006B|-|2950,2423,no,TATGAC,ACGTTGTACAT,ATTCGGTGTCT
3745,positive,5311,-2.8841705322265625,VT65295|0|MEMB006C|+|2238,1699,no,AGTGAC,ACGTTGTACAC,CTTCGGATACT
3746,positive,5311,0.7007919549942017,VT65295|0|MEMB007B|-|2640,2095,no,CTCGAC,ACGTTAAACAC,GGTCGGTTCCG
3747,positive,5311,-0.29920801520347595,VT65295|0|MEMB007C|+|2249,1720,no,GATGAC,ATGTTGTAGAC,ATTCGGATCCT
3748,positive,5311,1.7007919549942017,VT65295|0|MEMB007D|-|2925,2388,no,GACGAC,ATGTTGTACAC,ATTAGGTCTCT
3749,positive,5311,1.1788393259048462,VT65295|0|MEMB008C|-|2328,1789,no,CATTAT,ACGTTGTACAT,GTTCGTTGCCT
3750,positive,5311,-1.2992080450057983,VT65295|0|dkik|-|3985,3445,no,CGTGAC,ACGTTGTACAT,ACTCGGTTCCG
3751,negative,5317,-1.5216004848480225,VT65295|0|MEMB002A|+|3572,3033,no,CCGGCC,GTCGAGGTGTT,CCTATCCGGAA
3752,negative,5317,1.0633620023727417,VT65295|0|MEMB002C|-|3210,2671,no,CCGAAC,GTCGAGGTGTT,CCTTTCCGGAA
3753,negative,5317,1.5938767194747925,VT65295|0|MEMB002D|+|2569,2040,no,CCAAAT,GTCATCATGAA,AATATGCGGAA
3754,negative,5317,3.1788392066955566,VT65295|0|MEMB002E|-|2184,1648,no,CCCAAT,GTCTTGATGTA,AATATTCGGAA
3755,negative,5317,-0.5216004252433777,VT65295|0|MEMB002F|-|2530,1984,no,CCTCAC,GTCGAGGTGTT,ACTATCCGGAA
3756,negative,5317,-0.4061232209205627,VT65295|0|MEMB003A|-|2218,1684,no,CCGAGT,GTCACGATGTA,ACTTTCCGGAA
3757,negative,5317,1.5938767194747925,VT65295|0|MEMB003B|-|2439,1915,no,CCGAAT,GTCATGGTCTA,ATAATGAAGAT
3758,negative,5317,1.0633620023727417,VT65295|0|MEMB003C|+|2464,1925,no,CCGAAC,GTCGAGGTATA,CCTATCCGGAA
3759,negative,5317,-0.4061232209205627,VT65295|0|MEMB003D|-|2218,1684,no,CCGAGT,GTCACGATGTA,ACTTTCCGGAA
3760,negative,5317,1.7007919549942017,VT65295|0|MEMB003F|-|2339,1809,no,CCGAAG,GTCATGATGTA,ACTATGACAAC
3761,negative,5317,1.7007919549942017,VT65295|0|MEMB004B|+|2160,1629,no,CCGAAG,GTCACGGTGTA,ACCAGGACTAC
3762,negative,5317,1.7007919549942017,VT65295|0|MEMB004E|-|2307,1773,no,CCGAAG,ATCATGATGTA,ATTATGGGGAC
3763,negative,5317,1.7007919549942017,VT65295|0|MEMB005B|+|2303,1772,no,CCGAAG,GTCATGGTGTA,ACCAGGAGTTC
3764,negative,5317,2.648324489593506,VT65295|0|MEMB005D|-|2647,2117,no,CCCAAC,GTCATGATGTT,CCTATGCGGAA
3765,negative,5317,1.0633620023727417,VT65295|0|MEMB006A|-|2731,2201,no,CCGAAC,GTCATGATGTT,CCTACACGGAA
3766,negative,5317,1.5938767194747925,VT65295|0|MEMB006B|-|2950,2429,no,CCGAAT,GTCATAATGTA,CTTATGAGACA
3767,negative,5317,1.7007919549942017,VT65295|0|MEMB006C|+|2238,1705,no,CCGAAG,GTCACTGTGTA,ATACGGAGTAT
3768,negative,5317,1.0633620023727417,VT65295|0|MEMB007B|-|2640,2101,no,CCGACC,GTCGAGGTGTT,CCTATCCGGAA
3769,negative,5317,1.5938767194747925,VT65295|0|MEMB007C|+|2249,1726,no,CCGAAT,GTCATCGTCTA,AGAATGAGGAT
3770,negative,5317,2.593876838684082,VT65295|0|MEMB007D|-|2925,2394,no,CCTAAT,GTCGTCGTGTA,CATATCAGAGA
3771,negative,5317,1.0633620023727417,VT65295|0|MEMB008C|-|2328,1795,no,ACGAAC,ATAATGATGTA,ACCCGGAGGCA
3772,negative,5317,-0.4061232209205627,VT65295|0|dkik|-|3985,3451,no,CCGAGT,GTCACGATGTA,ACTTTCCGGAA
3773,positive,5349,0.7007919549942017,VT65295|0|MEMB002A|+|3572,3065,no,CGCGCA,GACCCATTGGG,TTAGATGGTAC
3774,positive,5349,0.7007919549942017,VT65295|0|MEMB002C|-|3210,2703,no,CGCGCA,GACCCATTGGG,TTAGATGGTAC
3775,positive,5349,0.7007919549942017,VT65295|0|MEMB002D|+|2569,2072,no,CGCGCA,ATCAGTTGCGG,ATAGACGGTAC
3776,positive,5349,3.2857544422149663,VT65295|0|MEMB002E|-|2184,1680,no,CAAGCA,GTTGAATTTTT,ATCGATGGTAC
3777,positive,5349,-1.2992080450057983,VT65295|0|MEMB002F|-|2530,2016,no,CCTGCA,GACCAATTGGG,GTAGATGGTAC
3778,positive,5349,0.7007919549942017,VT65295|0|MEMB003A|-|2218,1716,no,CGCGCA,TTCAAATTGCT,ATAGATGGTAC
3779,positive,5349,-3.106562852859497,VT65295|0|MEMB003B|-|2439,1947,no,TGGACA,TTCAAATAGAG,ATTGATGGTAC
3780,positive,5349,0.7007919549942017,VT65295|0|MEMB003C|+|2464,1957,no,CGCGCA,GACCCATTGGG,TTAGATGGTAC
3781,positive,5349,0.7007919549942017,VT65295|0|MEMB003D|-|2218,1716,no,CGCGCA,TTCAAATTGGT,ATAGATGGTAC
3782,positive,5349,0.7007919549942017,VT65295|0|MEMB003F|-|2339,1841,no,CGCGCA,GGCGAATTTGG,GTAGTTGGTAC
3783,positive,5349,0.1158294826745987,VT65295|0|MEMB004B|+|2160,1661,no,TGCGCA,TTTAACTTTTT,ACTCATTATAC
3784,positive,5349,0.7007919549942017,VT65295|0|MEMB004E|-|2307,1805,no,CTCGAA,TGGAAATGTTT,ATCTATTGTAC
3785,positive,5349,0.7007919549942017,VT65295|0|MEMB005B|+|2303,1804,no,CGCGCA,GTTAATTTTTT,TTAGTTTATAC
3786,positive,5349,0.1158294826745987,VT65295|0|MEMB005D|-|2647,2149,no,TGCGCA,GGGAAACGGGT,ATCGACGGTAC
3787,positive,5349,0.7007919549942017,VT65295|0|MEMB006A|-|2731,2233,no,CGCGCA,GGGAAACGGGT,ATCGACGGTAC
3788,positive,5349,0.1158294826745987,VT65295|0|MEMB006B|-|2950,2461,no,TGCGCA,TTGAATTTGGG,ATAGATTGTAC
3789,positive,5349,1.7007919549942017,VT65295|0|MEMB006C|+|2238,1737,no,GACGCA,TTGAATTTGTT,ATCGATTGTAC
3790,positive,5349,0.7007919549942017,VT65295|0|MEMB007B|-|2640,2133,no,CGCGCA,GACCCATTGGG,TTAGATGGTAC
3791,positive,5349,-2.5216004848480225,VT65295|0|MEMB007C|+|2249,1758,no,TGGCCA,TTCAAATAGGG,ATTGATGGTAC
3792,positive,5349,2.7007920742034908,VT65295|0|MEMB007D|-|2925,2426,no,TACGCA,TACGAAATGGG,ACATACTGTAC
3793,positive,5349,0.7007919549942017,VT65295|0|MEMB008C|-|2328,1827,no,CGCGCA,GTTCAATTGTT,ATAGATTGTAC
3794,positive,5349,0.7007919549942017,VT65295|0|dkik|-|3985,3483,no,CGCGCA,TTGAAATTGCT,ATAGATGGTAC
3795,negative,5458,2.648324489593506,VT65295|0|MEMB002A|+|3572,3174,no,ATCAAC,GCCGAGAAGGA,GCTCGGGACGC
3796,negative,5458,2.648324489593506,VT65295|0|MEMB002C|-|3210,2812,no,ATCAAC,GCCGAGAAGGA,GCTCGGGACGC
3797,negative,5458,0.5938767790794373,VT65295|0|MEMB002D|+|2569,2181,no,ATCGAT,GCCGACCGGGA,GCTCGGGACTC
3798,negative,5458,3.1788392066955566,VT65295|0|MEMB002E|-|2184,1789,no,ATCAAT,AGCGACCGGGA,GCTCGGGACTC
3799,negative,5458,0.06336206197738647,VT65295|0|MEMB002F|-|2530,2125,no,ATCGAC,GCCGAGCGCGA,GCTCGGGCCGC
3800,negative,5458,-0.9910857081413268,VT65295|0|MEMB003A|-|2218,1825,no,ATAGAT,GCCGACCGGGA,GCTCGGGACAA
3801,negative,5458,0.5938767790794373,VT65295|0|MEMB003B|-|2439,2056,no,ATCTAT,ACCGACCGGGA,GCTCGGGACTC
3802,negative,5458,2.648324489593506,VT65295|0|MEMB003C|+|2464,2066,no,ATCAAC,GGCGATAAGGA,GCTCGGGACGC
3803,negative,5458,-0.9910857081413268,VT65295|0|MEMB003D|-|2218,1825,no,ATAGAT,GCCGACCGGGA,GCTCGGGACAA
3804,negative,5458,0.5938767790794373,VT65295|0|MEMB003F|-|2339,1950,no,GTCCAT,GCCGACCGAGA,GCTCGGGACTT
3805,negative,5458,0.5938767790794373,VT65295|0|MEMB004B|+|2160,1770,no,ATCGAT,GCCGACAGGGA,GCTCGGGACTT
3806,negative,5458,0.5938767790794373,VT65295|0|MEMB004E|-|2307,1914,no,ATCGAT,GCCGACCGGGA,GCTCGGGACTT
3807,negative,5458,0.5938767790794373,VT65295|0|MEMB005B|+|2303,1913,no,ATCGAT,GCTGACCGGGA,GTTCGGGACTT
3808,negative,5458,0.5938767790794373,VT65295|0|MEMB005D|-|2647,2258,no,ATCGAT,TCCAACCGGGA,GTTCGGGACTC
3809,negative,5458,0.5938767790794373,VT65295|0|MEMB006A|-|2731,2342,no,ATCGAT,TCCAACCGGGA,GTTCGGGACTC
3810,negative,5458,0.5938767790794373,VT65295|0|MEMB006B|-|2950,2570,no,ATCGAT,GCCGACCGGGA,GCTCGGGACTA
3811,negative,5458,0.5938767790794373,VT65295|0|MEMB006C|+|2238,1846,no,ATCGAT,GCCGACCGGGA,GCTCGGGACTT
3812,negative,5458,2.648324489593506,VT65295|0|MEMB007B|-|2640,2242,no,ATCAAC,GCCGAGAAGGA,GCTCGGGACGC
3813,negative,5458,0.5938767790794373,VT65295|0|MEMB007C|+|2249,1867,no,ATCTAT,ACCGACCGGGA,GCTCGGGACTC
3814,negative,5458,0.5938767790794373,VT65295|0|MEMB007D|-|2925,2535,no,ATCGAT,TTTGATCGGGA,GCTCGGGCAGC
3815,negative,5458,0.5938767790794373,VT65295|0|MEMB008C|-|2328,1936,no,ATCGAT,GCCGACCGGGA,GCTCGGGACTT
3816,negative,5458,-0.9910857081413268,VT65295|0|dkik|-|3985,3592,no,ATAGAT,GCCGACCGGGA,GCTCGGGACAA
3817,negative,5551,-0.8841705322265625,VT65295|0|MEMB002A|+|3572,3267,no,CTATCG,GTGACGATCCG,CGCCTCTGGAG
3818,negative,5551,-0.8841705322265625,VT65295|0|MEMB002C|-|3210,2905,no,CTATCG,CTGTCGATCCG,CGCCCCTGGAG
3819,negative,5551,0.5938767790794373,VT65295|0|MEMB002D|+|2569,2274,no,CTCGAT,GTCTTGATCCG,CGCCCAAAAAC
3820,negative,5551,3.1788392066955566,VT65295|0|MEMB002E|-|2184,1882,no,CTCAAT,ATGTTGATCCG,TGCCCAATAAA
3821,negative,5551,-1.5216004848480225,VT65295|0|MEMB002F|-|2530,2218,no,CTATCC,GTCTCCATCCG,CGCCCCTGGAG
3822,negative,5551,-0.9910857081413268,VT65295|0|MEMB003A|-|2218,1918,no,CTGGAT,GTCTCGATCCG,CGCCTTTGGTC
3823,negative,5551,0.008914276957511902,VT65295|0|MEMB003B|-|2439,2149,no,CTTGAT,GTCCAGATCCG,TGCCCAAGCGC
3824,negative,5551,-0.8841705322265625,VT65295|0|MEMB003C|+|2464,2159,no,CTATCG,CTGACGATCCG,CGCCCCTGGAG
3825,negative,5551,-0.9910857081413268,VT65295|0|MEMB003D|-|2218,1918,no,CTGGAT,GTCTCGATCCG,CGCCTTTGGTC
3826,negative,5551,-0.5216004252433777,VT65295|0|MEMB003F|-|2339,2043,no,CTCGAA,GTCTCGATCCG,CGCCCAACACT
3827,negative,5551,-0.5216004252433777,VT65295|0|MEMB004B|+|2160,1863,no,CTCGAA,GTCTCGATCCG,CGCCCATGAGT
3828,negative,5551,0.06336206197738647,VT65295|0|MEMB004E|-|2307,2007,no,CTCGAC,GTCTCGATCCG,CGCCCAATATT
3829,negative,5551,-0.5216004252433777,VT65295|0|MEMB005B|+|2303,2006,no,CTCGAA,GTCCAGATCCG,CGCCCAATACT
3830,negative,5551,0.5938767790794373,VT65295|0|MEMB005D|-|2647,2351,no,CTCGAT,GTCAACATCCG,CGCCCAAAACA
3831,negative,5551,0.5938767790794373,VT65295|0|MEMB006A|-|2731,2435,no,CTCGAT,GTCTACATCCG,CGCCCAAAAAA
3832,negative,5551,2.593876838684082,VT65295|0|MEMB006B|-|2950,2663,no,CTTAAT,GTCCTGATCCG,CGCCCAAGAAA
3833,negative,5551,-0.5216004252433777,VT65295|0|MEMB006C|+|2238,1939,no,CTCGAA,GTCACGATCCG,TGCCCAAGAAA
3834,negative,5551,-0.8841705322265625,VT65295|0|MEMB007B|-|2640,2335,no,CTATCG,CTGACGATCCG,CGCCCCTGGAG
3835,negative,5551,0.008914276957511902,VT65295|0|MEMB007C|+|2249,1960,no,CTTGAT,GTCAAGATCCG,TGCCCAAGCAG
3836,negative,5551,-0.5216004252433777,VT65295|0|MEMB007D|-|2925,2628,no,CTTTCC,GTCTCGATCCG,CGCCTAAGCAT
3837,negative,5551,0.5938767790794373,VT65295|0|MEMB008C|-|2328,2029,no,CTCGAT,GTCTCGATCCG,CGCCCAAGACT
3838,negative,5551,-0.9910857081413268,VT65295|0|dkik|-|3985,3685,no,CTGGAT,GTCTCGATCCG,CGCCTTTGGTC
3839,negative,5560,-1.8841705322265625,VT65295|0|MEMB002A|+|3572,3276,no,CCTCTG,GAGCTATCGGT,AGGAGGGGCCG
3840,negative,5560,-1.2992080450057983,VT65295|0|MEMB002C|-|3210,2914,no,CCCCTG,GAGCTATCGCT,AGGAGGGGCCG
3841,negative,5560,2.0633621215820312,VT65295|0|MEMB002D|+|2569,2283,no,CCCAAA,AACCTCGATGT,TCGAGGATACG
3842,negative,5560,3.1788392066955566,VT65295|0|MEMB002E|-|2184,1891,no,CCCAAT,AAACTCAATAT,TCAATGATGTG
3843,negative,5560,-1.2992080450057983,VT65295|0|MEMB002F|-|2530,2227,no,CCCCTG,GAGCTATCCGT,AGGCGGGACCG
3844,negative,5560,-1.8841705322265625,VT65295|0|MEMB003A|-|2218,1927,no,CCTTTG,GTCCTGGATGT,GACCTCAGCCG
3845,negative,5560,3.2857544422149663,VT65295|0|MEMB003B|-|2439,2158,no,CCCAAG,CGCCTTGATGT,TCACGAAAGTG
3846,negative,5560,-1.2992080450057983,VT65295|0|MEMB003C|+|2464,2168,no,CCCCTG,GAGCTATCGCT,AGGAGGGGCCG
3847,negative,5560,-1.8841705322265625,VT65295|0|MEMB003D|-|2218,1927,no,CCTTTG,GTCCTGGATGT,GACCTCAGCCG
3848,negative,5560,2.648324489593506,VT65295|0|MEMB003F|-|2339,2052,no,CCCAAC,ACTCTCGAAGT,TTCAGGAGGCG
3849,negative,5560,1.2857544422149658,VT65295|0|MEMB004B|+|2160,1872,no,CCCATG,AGTCTCGAAGT,TTGAGGAGGCG
3850,negative,5560,3.1788392066955566,VT65295|0|MEMB004E|-|2307,2016,no,CCCAAT,ATTCTCGACGT,AGGATCAGGCG
3851,negative,5560,3.1788392066955566,VT65295|0|MEMB005B|+|2303,2015,no,CCCAAT,ACTCTCGAAGT,TCCAGGAGACG
3852,negative,5560,2.0633621215820312,VT65295|0|MEMB005D|-|2647,2360,no,CCCAAA,ACACTCGATGT,TCCAAGATACG
3853,negative,5560,2.0633621215820312,VT65295|0|MEMB006A|-|2731,2444,no,CCCAAA,AAACTCGATGT,TCCAAGATACG
3854,negative,5560,3.2857544422149663,VT65295|0|MEMB006B|-|2950,2672,no,CCCAAG,AAACTTAATGT,TCGAAGAGACG
3855,negative,5560,3.2857544422149663,VT65295|0|MEMB006C|+|2238,1948,no,CCCAAG,AAACTCGAAGT,TCGAGGAGGTG
3856,negative,5560,-1.2992080450057983,VT65295|0|MEMB007B|-|2640,2344,no,CCCCTG,GAGCTATCGCT,AGGAGGGGCCG
3857,negative,5560,3.2857544422149663,VT65295|0|MEMB007C|+|2249,1969,no,CCCAAG,CAGCTTGATGT,TCACAAACGTG
3858,negative,5560,2.7007920742034908,VT65295|0|MEMB007D|-|2925,2637,no,CCTAAG,CATCTTTCCGT,AGGAGAAGCCG
3859,negative,5560,3.2857544422149663,VT65295|0|MEMB008C|-|2328,2038,no,CCCAAG,ACTCTCGATGT,TCCAGGAGGCG
3860,negative,5560,-1.8841705322265625,VT65295|0|dkik|-|3985,3694,no,CCTTTG,GTCCTGGATGT,GACCTCAGCCG
3861,negative,5575,0.1158294826745987,VT65295|0|MEMB002A|+|3572,3291,no,TCTGAG,GAGGGGCCGCC,GGATCGAGGTC
3862,negative,5575,0.1158294826745987,VT65295|0|MEMB002C|-|3210,2929,no,GCTGAG,GAGGGGCCGCC,GGGTCGAGGTC
3863,negative,5575,0.7007919549942017,VT65295|0|MEMB002D|+|2569,2295,no,CTCGAG,GATACGCCCAA,GGGGAGATGAC
3864,negative,5575,3.1788392066955566,VT65295|0|MEMB002E|-|2184,1903,no,CTCAAT,GATGTGCCCAA,GAGGAGATGAT
3865,negative,5575,0.1158294826745987,VT65295|0|MEMB002F|-|2530,2242,no,AATCAG,GCGGGACCGCC,ACGGGGTGGAG
3866,negative,5575,3.2857544422149663,VT65295|0|MEMB003B|-|2439,2170,no,CTCACG,AAAGTGCCCAA,TCATAGGGGAT
3867,negative,5575,0.1158294826745987,VT65295|0|MEMB003C|+|2464,2183,no,TCTGAG,GAGGGGCCGCC,GGATCGAGGAC
3868,negative,5575,0.1158294826745987,VT65295|0|MEMB003F|-|2339,2064,no,CTTCAG,GAGGCGCCCAA,TAGGCGATGAT
3869,negative,5575,0.1158294826745987,VT65295|0|MEMB004B|+|2160,1884,no,CTTGAG,GAGGCGCCCAT,AAGGGAATAAT
3870,negative,5575,0.7007919549942017,VT65295|0|MEMB004E|-|2307,2031,no,CTCCAG,GATCAGGCGCC,TAGGCAATAAT
3871,negative,5575,0.7007919549942017,VT65295|0|MEMB005B|+|2303,2027,no,CTCCAG,GAGACGCCCAA,AAGGGAATAAT
3872,negative,5575,-0.5216004252433777,VT65295|0|MEMB005D|-|2647,2372,no,CTCCAA,GATACGCCCAA,AAGGGGAGAAT
3873,negative,5575,-0.5216004252433777,VT65295|0|MEMB006A|-|2731,2456,no,CTCCAA,GATACGCCCAA,AGGGGGAGAAT
3874,negative,5575,-0.5216004252433777,VT65295|0|MEMB006B|-|2950,2684,no,CTCGAA,GAGACGCCCAA,AAGGGGATAAT
3875,negative,5575,0.7007919549942017,VT65295|0|MEMB006C|+|2238,1960,no,CTCGAG,GAGGTGCCCAA,TAGGGGATAAA
3876,negative,5575,-0.8841705322265625,VT65295|0|MEMB007B|-|2640,2359,no,CAAGAG,GAGGGGCCGCC,GCGTCGACTCC
3877,negative,5575,2.0633621215820312,VT65295|0|MEMB007C|+|2249,1981,no,CTCACA,AACGTGCCCAA,TAGGGAATGAT
3878,negative,5575,0.7007919549942017,VT65295|0|MEMB007D|-|2925,2652,no,CACGAG,GAGAAGCCGCC,ATGGAGACTTG
3879,negative,5575,0.7007919549942017,VT65295|0|MEMB008C|-|2328,2050,no,CTCCAG,GAGGCGCCCAA,AAGGGGATAAT
3880,negative,5621,2.648324489593506,VT65295|0|MEMB002A|+|3572,3330,no,ACCACC,TTGGCGGGTCT,TCGACGAGAAG
3881,negative,5621,2.648324489593506,VT65295|0|MEMB002C|-|3210,2968,no,ACCACC,TTGGCGGGTCT,TCGACGAGAAG
3882,negative,5621,2.648324489593506,VT65295|0|MEMB002D|+|2569,2331,no,ACCACC,TTGGCGGGATT,TAGACGAACGG
3883,negative,5621,3.1788392066955566,VT65295|0|MEMB002E|-|2184,1939,no,ACCACT,TTAGCGGGTCT,TAGATGAACGG
3884,negative,5621,2.648324489593506,VT65295|0|MEMB002F|-|2530,2278,no,ACCACC,ATGGCGGGCCT,TCGACGAGAAG
3885,negative,5621,2.648324489593506,VT65295|0|MEMB003A|-|2218,1978,no,ACCACC,TTGGCGGGGCT,TAGACGAGCGG
3886,negative,5621,2.648324489593506,VT65295|0|MEMB003B|-|2439,2203,no,ACCACC,TTGGCGGGGCT,TAGACGAACGG
3887,negative,5621,2.648324489593506,VT65295|0|MEMB003C|+|2464,2222,no,ACCACC,TTGGCGGGTCT,TCGACGAGAAG
3888,negative,5621,2.648324489593506,VT65295|0|MEMB003D|-|2218,1978,no,ACCACC,TTGGCGGGGCT,TAGACGAGCGG
3889,negative,5621,2.648324489593506,VT65295|0|MEMB003F|-|2339,2100,no,ACCACC,TTGGCTGGGCT,TAGACGAACGG
3890,negative,5621,2.648324489593506,VT65295|0|MEMB004B|+|2160,1920,no,ACCACC,TTGGCTGGGCT,TAGACGAGCGG
3891,negative,5621,2.648324489593506,VT65295|0|MEMB004E|-|2307,2067,no,AACACC,TTGGCTGGGCT,TAGACGAGCGG
3892,negative,5621,2.0633621215820312,VT65295|0|MEMB005B|+|2303,2063,no,ACCACA,TTAGCTGGGCT,TAGACGAGCGG
3893,negative,5621,2.648324489593506,VT65295|0|MEMB005D|-|2647,2408,no,ACCACC,TTGGCGGGGCT,TAGACGAACGG
3894,negative,5621,2.648324489593506,VT65295|0|MEMB006A|-|2731,2492,no,ACCACC,TTGGCGGGGCT,TAGACGAACGG
3895,negative,5621,3.1788392066955566,VT65295|0|MEMB006B|-|2950,2720,no,ACCACT,TTGGCGGGGCT,TAGACGAACGA
3896,negative,5621,2.648324489593506,VT65295|0|MEMB006C|+|2238,1996,no,ACCACC,TTGGCTGGACT,TGGACGAGCGG
3897,negative,5621,2.648324489593506,VT65295|0|MEMB007B|-|2640,2398,no,ACCACC,TTGGCGGGTCT,TCGACGAGAAG
3898,negative,5621,2.648324489593506,VT65295|0|MEMB007C|+|2249,2017,no,ACCACC,TTGGCGGGGCT,TAGACGAACGA
3899,negative,5621,2.648324489593506,VT65295|0|MEMB007D|-|2925,2688,no,ACCACC,TTGGCGGGCCT,TTGACGAGCGG
3900,negative,5621,2.648324489593506,VT65295|0|MEMB008C|-|2328,2086,no,ACCACC,TTGGCTGGGCT,TAGACGAGCGG
3901,negative,5621,2.648324489593506,VT65295|0|dkik|-|3985,3745,no,ACCACC,TTGGCGGGGCT,TAGACGAGCGG
3902,negative,5675,1.7007919549942017,VT65295|0|MEMB002A|+|3572,3384,no,GGAACG,ATCGGCTACGC,TGGAGCTAAAT
3903,negative,5675,1.7007919549942017,VT65295|0|MEMB002C|-|3210,3022,no,GGAACG,ATCGGCTACTC,TGGAGCTAAAT
3904,negative,5675,2.0633621215820312,VT65295|0|MEMB002D|+|2569,2385,no,GCCACA,ATACCCTTCGA,TGGAGCTGAAT
3905,negative,5675,3.2857544422149663,VT65295|0|MEMB002E|-|2184,1993,no,GACACG,ATTCCCTTCGA,TGGAGCTTAAT
3906,negative,5675,1.7007919549942017,VT65295|0|MEMB002F|-|2530,2332,no,GCAACG,ATCGGCTACGC,TGGAGCTAAAT
3907,negative,5675,1.7007919549942017,VT65295|0|MEMB003A|-|2218,2032,no,GCAACG,ATACCCTTCGA,TGGAGCTGAAT
3908,negative,5675,3.2857544422149663,VT65295|0|MEMB003B|-|2439,2257,no,GCCACG,ATACCCTTCGA,TGGAGCTGAAT
3909,negative,5675,1.7007919549942017,VT65295|0|MEMB003C|+|2464,2276,no,GGAACG,ATCGGCTACGC,TGGAGCTAAAT
3910,negative,5675,1.7007919549942017,VT65295|0|MEMB003D|-|2218,2032,no,GCAACG,ATACCCTTCGA,TGGAGCTGAAT
3911,negative,5675,1.7007919549942017,VT65295|0|MEMB003F|-|2339,2154,no,ACAACG,ATTGCCTTCGA,TGGAGCTGAAT
3912,negative,5675,1.7007919549942017,VT65295|0|MEMB004B|+|2160,1974,no,GCAACG,ATACCCTTTGA,TGGAGCTAAAT
3913,negative,5675,1.7007919549942017,VT65295|0|MEMB004E|-|2307,2121,no,GCAACG,ATACCCTACGA,TGGAGCTGAAT
3914,negative,5675,1.7007919549942017,VT65295|0|MEMB005B|+|2303,2117,no,GCAACG,ATACCCTTCGA,TGGAGCTGAAT
3915,negative,5675,1.7007919549942017,VT65295|0|MEMB005D|-|2647,2462,no,CAAACG,ATAGCCTTTGA,TGGAGCTGAAT
3916,negative,5675,1.7007919549942017,VT65295|0|MEMB006A|-|2731,2546,no,ACAACG,ATAGCCTTCGA,TGGAGCTGAAT
3917,negative,5675,3.2857544422149663,VT65295|0|MEMB006B|-|2950,2774,no,GCCACG,ATACCCTTCGA,TGGAACTGAAT
3918,negative,5675,1.7007919549942017,VT65295|0|MEMB006C|+|2238,2050,no,GCAACG,ATACCCTTCGA,TGGAGCTGAAT
3919,negative,5675,1.7007919549942017,VT65295|0|MEMB007B|-|2640,2452,no,GGAACG,ATCGGCTACGA,TGGAGCTAAAT
3920,negative,5675,3.2857544422149663,VT65295|0|MEMB007C|+|2249,2071,no,GCCACG,ATTCCCTTCAA,TGGAGCTGAAT
3921,negative,5675,2.0633621215820312,VT65295|0|MEMB007D|-|2925,2742,no,GACACA,ATTGGGTTCGC,TCGACCTGAAT
3922,negative,5675,1.7007919549942017,VT65295|0|MEMB008C|-|2328,2140,no,GCAACG,ATACCCTTCGA,TGGAGCTGAAT
3923,negative,5675,1.7007919549942017,VT65295|0|dkik|-|3985,3799,no,GCAACG,ATACCCTTCGA,TGGAGCTGAAT
3924,positive,5788,-0.5216004252433777,VT65295|0|MEMB002A|+|3572,3497,no,TTCCAC,TGAGTCCGCCA,TGACATCGGAT
3925,positive,5788,-0.5216004252433777,VT65295|0|MEMB002C|-|3210,3135,no,TTCCAC,TGAGTCCGCCA,TGACATCGGAT
3926,positive,5788,2.593876838684082,VT65295|0|MEMB002D|+|2569,2498,no,TACTCC,CGAGTCCGTCA,TAAGGTATTGA
3927,positive,5788,3.1788392066955566,VT65295|0|MEMB002E|-|2184,2106,no,CACTCC,TGAGTCCGTCA,TAAGATATTGA
3928,positive,5788,-0.5216004252433777,VT65295|0|MEMB002F|-|2530,2445,no,TTCCAC,GGAGTCCGACA,TGAGAGGACCA
3929,positive,5788,0.06336206197738647,VT65295|0|MEMB003A|-|2218,2145,no,CTCCCC,TGAGTCAATCA,TAAGGTACCGT
3930,positive,5788,2.593876838684082,VT65295|0|MEMB003B|-|2439,2370,no,TACTCC,CGAGTCCGTCA,TGAGGTATATG
3931,positive,5788,-0.5216004252433777,VT65295|0|MEMB003C|+|2464,2389,no,TTCCAC,TGAGTCCGCCA,TGACATCGGAT
3932,positive,5788,0.06336206197738647,VT65295|0|MEMB003D|-|2218,2145,no,CTCCCC,TGAGTCAATCA,TAAGGTACCGT
3933,positive,5788,3.1788392066955566,VT65295|0|MEMB003F|-|2339,2267,no,CACTCC,TGAGTCTGTCA,TGAGGTACCAT
3934,positive,5788,3.1788392066955566,VT65295|0|MEMB004B|+|2160,2087,no,CACTCC,TGAGTCCGACA,TGAGGTAACGT
3935,positive,5788,3.1788392066955566,VT65295|0|MEMB004E|-|2307,2234,no,CACTCC,TGAGTCCGTCA,TGAGGTACCGT
3936,positive,5788,3.1788392066955566,VT65295|0|MEMB005B|+|2303,2230,no,CACTCC,TGAGTCCGTCA,TGAGGTACCGT
3937,positive,5788,3.1788392066955566,VT65295|0|MEMB005D|-|2647,2575,no,CACTCC,GGAGTCCGTCA,TGAGGTACCGT
3938,positive,5788,3.1788392066955566,VT65295|0|MEMB006A|-|2731,2659,no,CACTCC,GGAGTCCGTCA,TGAGGTACCGT
3939,positive,5788,2.593876838684082,VT65295|0|MEMB006B|-|2950,2887,no,TACTCC,TGAATCCGTTA,TGAGGTATATG
3940,positive,5788,3.1788392066955566,VT65295|0|MEMB006C|+|2238,2163,no,CACTCC,CGAGTCCGTCA,TGAGAGGTACC
3941,positive,5788,-0.5216004252433777,VT65295|0|MEMB007B|-|2640,2565,no,TTCCAC,TGAGTCTGCCA,TGACATCGGAT
3942,positive,5788,2.593876838684082,VT65295|0|MEMB007C|+|2249,2184,no,TACTCC,TGAGTCCGTCA,TGAGGTACATG
3943,positive,5788,-0.5216004252433777,VT65295|0|MEMB007D|-|2925,2855,no,TCCCAC,TGAGTCCGTCA,TAAGTGTAATC
3944,positive,5788,3.1788392066955566,VT65295|0|MEMB008C|-|2328,2253,no,CACTCC,TGAGTCCGTCA,TGAGGCACCGC
3945,positive,5788,0.06336206197738647,VT65295|0|dkik|-|3985,3912,no,CTCCCC,TGAGTCAATCA,TTAGGTACCGT
3946,positive,5824,-1.991085767745972,VT65295|0|MEMB002A|+|3572,3522,no,TGTTTT,GATGTGAAGGT,AAGACGAAGAA
3947,positive,5824,-1.991085767745972,VT65295|0|MEMB002C|-|3210,3160,no,TGTTTT,GATGTGAAGGT,AAGACGAAGAA
3948,positive,5824,2.648324489593506,VT65295|0|MEMB002D|+|2569,2528,no,CAACAA,TGGGTGAAGGT,GGAACGCCTAT
3949,positive,5824,3.1788392066955566,VT65295|0|MEMB002E|-|2184,2136,yes,CAATAA,TAGGTGAAGGT,AAAACGCTTAT
3950,positive,5824,-1.8841705322265625,VT65295|0|MEMB002F|-|2530,2480,no,TGTGTC,GATGGGAAGGT,AAAACGTAGAA
3951,positive,5824,2.648324489593506,VT65295|0|MEMB003A|-|2218,2177,no,CAACAA,AATGTGAAGGT,AGATCGCTTAT
3952,positive,5824,2.648324489593506,VT65295|0|MEMB003B|-|2439,2392,no,CAACAA,TATATGGAGGT,GAAGCGCTTAT
3953,positive,5824,-2.5216004848480225,VT65295|0|MEMB003C|+|2464,2414,no,TGTCTT,GATGTGAAGGT,AGGACGAAGAA
3954,positive,5824,2.648324489593506,VT65295|0|MEMB003D|-|2218,2177,no,CAACAA,AATGTGAAGGT,AGATCGCTTAT
3955,positive,5824,0.6483245491981506,VT65295|0|MEMB003F|-|2339,2299,no,CAGCTG,AATGTGAAGGT,GAAACGTTCAA
3956,positive,5824,1.1788393259048462,VT65295|0|MEMB004B|+|2160,2119,no,CATTTG,AATGTGAAGGT,GGAACGCTTAT
3957,positive,5824,2.0633621215820312,VT65295|0|MEMB004E|-|2307,2266,no,TAACTG,AACGTGAAGGT,GGAACGCTTAT
3958,positive,5824,3.1788392066955566,VT65295|0|MEMB005B|+|2303,2262,no,CAATTG,AAAGTGAAGGT,GGAACGCTTAT
3959,positive,5824,2.648324489593506,VT65295|0|MEMB005D|-|2647,2607,no,CAACAA,AAAGTGAAGAT,ATAACACTAAT
3960,positive,5824,2.648324489593506,VT65295|0|MEMB006A|-|2731,2691,no,CAACAA,AAAGTGAAGAT,AGAACACCAAT
3961,positive,5824,3.1788392066955566,VT65295|0|MEMB006B|-|2950,2909,no,CAATAA,TATATGGAGGT,AGAACGCTTAT
3962,positive,5824,2.648324489593506,VT65295|0|MEMB006C|+|2238,2197,no,CAACTG,AGTGTGAAGGT,GGAACGCTTAT
3963,positive,5824,-1.991085767745972,VT65295|0|MEMB007B|-|2640,2590,no,TGTTTT,GATGTGAAGGT,AAGACGAAGAA
3964,positive,5824,2.648324489593506,VT65295|0|MEMB007C|+|2249,2206,no,CAACAA,TACATGGAGGT,AAAACGTTTGT
3965,positive,5824,3.1788392066955566,VT65295|0|MEMB008C|-|2328,2287,no,CAATTT,ATTGTGAAGGT,GGAATGCTTAT
3966,positive,5824,2.648324489593506,VT65295|0|dkik|-|3985,3944,no,CAACAA,AATGTGAAGGT,AGATCGCTTAT
3967,negative,222,1.2857544422149658,VT65295|0|MEMB002A|+|3572,212,no,AGCATG,GACTGAATAAG,CCGCTTCGACG
3968,negative,222,1.2857544422149658,VT65295|0|MEMB002B|-|1683,212,no,AGCATG,GACTGAACAAG,CCGCTTCGACG
3969,negative,222,1.2857544422149658,VT65295|0|MEMB002C|-|3210,212,no,AGCATG,GACTGAACAAG,CCGCTTCGACG
3970,negative,222,1.2857544422149658,VT65295|0|MEMB002D|+|2569,212,no,AGCATG,GCCTGAACGAG,CCGTTTCGCAG
3971,negative,222,1.2857544422149658,VT65295|0|MEMB002E|-|2184,212,no,AGCATG,GACTAAATGAG,CCGATTCGCAG
3972,negative,222,3.2857544422149663,VT65295|0|MEMB002F|-|2530,212,no,AGCACG,GACTGAATAGG,CCGTTTCGACG
3973,negative,222,1.2857544422149658,VT65295|0|MEMB003A|-|2218,212,no,AGCATG,GACTTAACAAG,CCGTTTCGCAG
3974,negative,222,1.2857544422149658,VT65295|0|MEMB003B|-|2439,212,no,AGCATG,GACTGAACGAG,CCGTTTCGAAG
3975,negative,222,-0.29920801520347595,VT65295|0|MEMB003C|+|2464,156,no,AGAATG,TATGTAACAGG,AGTGCCAACCG
3976,negative,222,1.2857544422149658,VT65295|0|MEMB003D|-|2218,212,no,AGCATG,GACTTAACAAG,CCGTTTCGCAG
3977,negative,222,1.2857544422149658,VT65295|0|MEMB003F|-|2339,212,no,AGCATG,GACTGAACGAA,CCGTTTCGCAG
3978,negative,222,1.2857544422149658,VT65295|0|MEMB004A|-|1649,212,no,AGCATG,GACTGAACAAG,CCGCTTCGACG
3979,negative,222,3.2857544422149663,VT65295|0|MEMB004B|+|2160,212,no,AGCACG,GACTGAACGAG,CCGTTTCGCAG
3980,negative,222,1.2857544422149658,VT65295|0|MEMB004E|-|2307,212,no,AGCATG,GACTGAACGAG,CCGTTTCGCAG
3981,negative,222,1.2857544422149658,VT65295|0|MEMB005B|+|2303,212,no,AGCATG,GACTGAACGAG,CCGTTTCGCAG
3982,negative,222,1.2857544422149658,VT65295|0|MEMB005D|-|2647,212,no,AGCATG,GACTGAACGAG,CCGGTTCGCAG
3983,negative,222,1.2857544422149658,VT65295|0|MEMB006A|-|2731,212,no,AGCATG,GACTGAACGAG,CCGGTTCGCCG
3984,negative,222,1.2857544422149658,VT65295|0|MEMB006B|-|2950,212,no,AGCATG,GACTGAACGAC,CCGTTTCGAGG
3985,negative,222,1.2857544422149658,VT65295|0|MEMB006C|+|2238,212,no,AGCATG,GACTGAACGAG,CCGTTTCGCAG
3986,negative,222,1.2857544422149658,VT65295|0|MEMB007B|-|2640,212,no,AGCATG,GACTGAATAAG,CCGCTTCGACG
3987,negative,222,1.2857544422149658,VT65295|0|MEMB007C|+|2249,212,no,AGCATG,GACTGAACGAG,CCGTTTCGAAG
3988,negative,222,1.2857544422149658,VT65295|0|MEMB007D|-|2925,212,no,AGCATG,GACTGAACAAG,CCGTTTCGACG
3989,negative,222,1.2857544422149658,VT65295|0|MEMB008C|-|2328,212,no,AGCATG,GACTGAACGAG,CCGTTTCGCAG
3990,negative,222,1.2857544422149658,VT65295|0|dkik|-|3985,212,no,AGCATG,GACTTAACAAG,CCGTTTCGCAG
3991,positive,243,0.06336206197738647,VT65295|0|MEMB002A|+|3572,233,no,CTACAA,GAAGCGGAAGT,GGTGACGTTGC
3992,positive,243,0.06336206197738647,VT65295|0|MEMB002B|-|1683,233,no,CTACAA,GAAGCGGAAGT,GGTGACGTTGC
3993,positive,243,0.06336206197738647,VT65295|0|MEMB002C|-|3210,233,no,CCACAA,GAAGCGGAAGT,GGTGACGTTGC
3994,positive,243,2.648324489593506,VT65295|0|MEMB002D|+|2569,233,no,CAACCA,GAAACGGAAGT,TGTGACGTTGT
3995,positive,243,2.648324489593506,VT65295|0|MEMB002E|-|2184,233,no,CAACCA,GAATCGGAAGT,GGTGACGTTGC
3996,positive,243,3.2857544422149663,VT65295|0|MEMB002F|-|2530,233,no,CAAGTA,GAAACGGAAGT,GGTGACGTTGC
3997,positive,243,0.06336206197738647,VT65295|0|MEMB003A|-|2218,233,no,CCACCA,GAAACGGAAGT,GGTGACGTTGC
3998,positive,243,0.06336206197738647,VT65295|0|MEMB003B|-|2439,233,no,CGACTA,GAAACGGAAGT,GGTGGCGGTGC
3999,positive,243,1.5938767194747925,VT65295|0|MEMB003C|+|2464,173,no,aactta,cggttggcact,taatacccttg
4000,positive,243,0.06336206197738647,VT65295|0|MEMB003D|-|2218,233,no,CCACCA,GAAACGGAAGT,GGTGACGTTGC
4001,positive,243,2.648324489593506,VT65295|0|MEMB003F|-|2339,233,no,CAACCA,GAAACGGAAGT,GGTGACGTTGC
4002,positive,243,0.06336206197738647,VT65295|0|MEMB004A|-|1649,233,no,CTACAA,GAAGCGGAAGT,GGTGACGTTGC
4003,positive,243,2.648324489593506,VT65295|0|MEMB004B|+|2160,233,no,CAACCA,GAAACGGAAGT,GGTGACGTTGC
4004,positive,243,2.648324489593506,VT65295|0|MEMB004E|-|2307,233,no,CAACCA,GAAACGGAAGT,TGTGACGTTGG
4005,positive,243,2.648324489593506,VT65295|0|MEMB005B|+|2303,233,no,CAACTA,GAAACGGAAGT,GGTGACGTTGC
4006,positive,243,2.648324489593506,VT65295|0|MEMB005D|-|2647,233,no,CAACCA,GAACCGGAAGT,GGTGACGTTGC
4007,positive,243,2.648324489593506,VT65295|0|MEMB006A|-|2731,233,no,CAACCA,GAACCGGAAGT,GGTGACGTTGC
4008,positive,243,2.648324489593506,VT65295|0|MEMB006B|-|2950,233,no,CAACCA,GAAACGGAAGT,GGTGGCGTTGC
4009,positive,243,2.648324489593506,VT65295|0|MEMB006C|+|2238,233,no,CAACTA,GAAACGGAAGT,GGTGACGTTGC
4010,positive,243,0.06336206197738647,VT65295|0|MEMB007B|-|2640,233,no,CCACCA,GAAGCGGAAGT,GGTGACGTTGC
4011,positive,243,0.06336206197738647,VT65295|0|MEMB007C|+|2249,233,no,CGACCA,GAAACGGAAGT,GGTGACGGTGC
4012,positive,243,3.1788392066955566,VT65295|0|MEMB007D|-|2925,233,no,CAATAA,GAAACGGAAGT,GGCGACGTTGC
4013,positive,243,2.648324489593506,VT65295|0|MEMB008C|-|2328,233,no,CAACCA,GAAACGGAAGT,GGTGACGCTGC
4014,positive,243,0.06336206197738647,VT65295|0|dkik|-|3985,233,no,CCACCA,GAAACGGAAGT,GGTGACGTTGC
4015,positive,401,2.7007920742034908,VT65295|0|MEMB002A|+|3572,294,no,TAAGAA,CTTTAAATAGT,CCCTATAATGG
4016,positive,401,1.7007919549942017,VT65295|0|MEMB002B|-|1683,285,no,AAAGAA,TTTAAACTAGT,GCCTATAATGG
4017,positive,401,2.7007920742034908,VT65295|0|MEMB002C|-|3210,291,no,TAAGGA,ATTAAAATATT,GAACTTTTTAC
4018,positive,401,0.6483245491981506,VT65295|0|MEMB002D|+|2569,291,no,CAGCTC,AATTACACTTC,ATCACCAAATG
4019,positive,401,1.5938767194747925,VT65295|0|MEMB002E|-|2184,291,no,AAATGG,ATTTATGAACC,GAAATATTGCA
4020,positive,401,3.2857544422149663,VT65295|0|MEMB002F|-|2530,291,no,CAAGAT,TTTCGAAGAGT,CCATATAAAGG
4021,positive,401,2.0633621215820312,VT65295|0|MEMB003B|-|2439,291,no,CAAATG,AAATACAAATT,GGAAATATTTT
4022,positive,401,3.1788392066955566,VT65295|0|MEMB003F|-|2339,291,no,CAATTC,AATTACAAATT,ATGAATGAGAA
4023,positive,401,1.7007919549942017,VT65295|0|MEMB004A|-|1649,290,no,AAAGAA,ATTCAAATAGT,CCCTATAATGG
4024,positive,401,3.1788392066955566,VT65295|0|MEMB004E|-|2307,291,no,CAATTC,AATTACAAATT,ATGAATGAGAA
4025,positive,401,3.1788392066955566,VT65295|0|MEMB005B|+|2303,294,no,CAATTC,AATTACAAATT,ATGAATGAGAA
4026,positive,401,3.1788392066955566,VT65295|0|MEMB005D|-|2647,291,no,CAATTC,GATTAAAAACT,AGCAGCCAAAT
4027,positive,401,3.1788392066955566,VT65295|0|MEMB006A|-|2731,291,no,CAATTC,GATTAAAAATT,ATGAGCCAAAT
4028,positive,401,3.1788392066955566,VT65295|0|MEMB006B|-|2950,291,no,CAATTG,AATTACAAATT,TTAAAATAAAA
4029,positive,401,3.1788392066955566,VT65295|0|MEMB006C|+|2238,294,no,CAATTC,AATTACAAATT,ATTGATGAGAC
4030,positive,401,2.7007920742034908,VT65295|0|MEMB007B|-|2640,294,no,TAAGAA,CTTCAAATAGT,CCCTATAATGG
4031,positive,401,2.0633621215820312,VT65295|0|MEMB007D|-|2925,385,no,CAAAAC,CAATAGAAAAC,GAAGAGAATCG
4032,positive,401,0.5938767790794373,VT65295|0|MEMB008C|-|2328,291,no,CCATTC,AATTACAAATT,ATTAAAGCGAA
4033,negative,433,-2.1065628528594966,VT65295|0|MEMB002A|+|3572,326,no,AGACAA,GGTGTAGAAAG,GTATTTGCGAT
4034,negative,433,-2.1065628528594966,VT65295|0|MEMB002B|-|1683,317,no,AGATCA,CACGTATAACG,GTATCTGCGAT
4035,negative,433,-2.1065628528594966,VT65295|0|MEMB002C|-|3210,311,no,AGACAA,GGTGTAAAAAG,GTATTTGCGAT
4036,negative,433,3.2857544422149663,VT65295|0|MEMB002F|-|2530,323,no,TGCAAG,CATGTAGAAAG,TAACTGGTATT
4037,negative,433,-1.5216004848480225,VT65295|0|MEMB007B|-|2640,326,no,AGACAC,GGTGTAAAAAG,GTATTTGCGAT
4038,negative,718,-0.5216004252433777,VT65295|0|MEMB002A|+|3572,611,no,TCCGCA,GCCGAAATTTC,TCCTCAACGTT
4039,negative,718,-1.4061232805252075,VT65295|0|MEMB002B|-|1683,369,no,TGCGTT,AACTTTATTTA,CATTGAGAGTT
4040,negative,718,0.008914276957511902,VT65295|0|MEMB002C|-|3210,363,no,GTTTAT,ATTTGATATTG,GTTTCTTACTT
4041,negative,718,3.1788392066955566,VT65295|0|MEMB002F|-|2530,369,no,TTCAAT,AGCAACTTATA,TGTTAAGCTCT
4042,negative,718,-1.4061232805252075,VT65295|0|MEMB004A|-|1649,345,no,ACCGTT,AACTTTATTTA,CATTGAGAGTT
4043,negative,718,-1.991085767745972,VT65295|0|MEMB007D|-|2925,465,no,TGTTGT,CTTCAAATTTA,TGTTGCCTTGT
4044,positive,733,-0.29920801520347595,VT65295|0|MEMB002A|+|3572,626,no,gatgtt,gaaacgttgag,gcggaaggcct
4045,positive,733,-1.8841705322265625,VT65295|0|MEMB002B|-|1683,384,no,TGTGCA,CAAACTCTCAA,AAGGCTCAACC
4046,positive,733,-0.9910857081413268,VT65295|0|MEMB002C|-|3210,378,no,acctac,acaagtaagaa,agtcgactgtg
4047,positive,733,3.2857544422149663,VT65295|0|MEMB002F|-|2530,384,no,CAAGAA,AAAGAGCTTAA,AAGCTAATCTG
4048,positive,733,-1.8841705322265625,VT65295|0|MEMB004A|-|1649,360,no,TGTGCA,GTAACTCTCAA,ATAGCTCATCC
4049,positive,733,2.0633621215820312,VT65295|0|MEMB007D|-|2925,480,no,CAAATA,CAACAAGGCAA,ATAAAGACGAA
4050,positive,1000,-3.5216004848480225,VT65295|0|MEMB002A|+|3572,893,no,gggcca,accagaattat,acaactcttgg
4051,positive,1000,-1.991085767745972,VT65295|0|MEMB002B|-|1683,418,no,TTGTAT,TTCTCTAAAAT,TAAAAGAGCAT
4052,positive,1000,-2.991085767745972,VT65295|0|MEMB002C|-|3210,590,no,GTTTAT,ATATCTCCCAT,GATCCGATTTT
4053,positive,1000,3.2857544422149663,VT65295|0|MEMB002F|-|2530,431,no,CACGAT,CAAAGAGAGAT,TATAAGGACGA
4054,positive,1000,-2.991085767745972,VT65295|0|MEMB004A|-|1649,394,no,ATGTAT,ATCTCTAAAAT,TAAAAGAGCGT
4055,positive,1000,0.7007919549942017,VT65295|0|MEMB007D|-|2925,621,no,CGAGCA,ATTTGTATGTT,TGAACCAAGAG
4056,positive,1487,-1.4061232805252075,VT65295|0|MEMB002A|+|3572,1342,no,CCGTGT,TACAAACCTAC,TAACAAAGGGC
4057,positive,1487,1.1788393259048462,VT65295|0|MEMB002B|-|1683,538,no,CAGTGT,CAGATACCTAC,TAACAAAGGGC
4058,positive,1487,-1.4061232805252075,VT65295|0|MEMB002C|-|3210,988,no,CCGTGT,AACAAACCTAC,TAACAAAGGGC
4059,positive,1487,-1.4061232805252075,VT65295|0|MEMB002D|+|2569,365,no,CGGTGT,TCCCCACTTAC,TTACAAAAGGC
4060,positive,1487,-1.4061232805252075,VT65295|0|MEMB002E|-|2184,363,no,CGGTGT,TCCCCACCTAC,TTAGAAAGGGC
4061,positive,1487,3.1788392066955566,VT65295|0|MEMB002F|-|2530,535,no,CACTGT,AACAAACCTAC,TCTCAAAGGGC
4062,positive,1487,-1.4061232805252075,VT65295|0|MEMB003A|-|2218,314,no,CGGTGT,TCCCTACCTAC,TTACGAAAGGA
4063,positive,1487,-1.991085767745972,VT65295|0|MEMB003B|-|2439,360,no,TCGTGT,GTTCTACGTAC,TTAGAAAGGGT
4064,positive,1487,-1.4061232805252075,VT65295|0|MEMB003C|+|2464,265,no,CCGTGT,AACAAACCTAC,TAACAAAGGGC
4065,positive,1487,-1.4061232805252075,VT65295|0|MEMB003D|-|2218,314,no,CGGTGT,TCCCTACCTAC,TTACGAAAGGA
4066,positive,1487,-1.4061232805252075,VT65295|0|MEMB003F|-|2339,367,no,CGGTGT,TCCCCACGTAC,TTAGGAAGGGC
4067,positive,1487,1.1788393259048462,VT65295|0|MEMB004A|-|1649,533,no,CAGTGT,CAGATACCTAC,TAACAAAGGGC
4068,positive,1487,-1.4061232805252075,VT65295|0|MEMB004B|+|2160,334,no,CGGTGT,AATGTACTTAC,TTCGGAAGGGC
4069,positive,1487,1.1788393259048462,VT65295|0|MEMB004E|-|2307,368,no,CAGTGT,CCCCCACGTAC,TTAGGAAGGGC
4070,positive,1487,-1.4061232805252075,VT65295|0|MEMB005B|+|2303,349,no,CGGTGT,CCCCTACGTAC,TCAGGAAGGGC
4071,positive,1487,-1.4061232805252075,VT65295|0|MEMB005D|-|2647,345,no,CGGTGT,TTCCTACCTAC,TTACAAAAGGC
4072,positive,1487,-1.4061232805252075,VT65295|0|MEMB006A|-|2731,368,no,CGGTGT,TGCCTACCTAC,TTACAAAAGGC
4073,positive,1487,0.06336206197738647,VT65295|0|MEMB006B|-|2950,378,no,CGACGT,GCTCTACCTAC,TTAGAAAGGGC
4074,positive,1487,-1.4061232805252075,VT65295|0|MEMB006C|+|2238,357,no,CGGTGT,TCCCTACGTAC,TTATGAAGGGC
4075,positive,1487,-1.4061232805252075,VT65295|0|MEMB007B|-|2640,435,no,CCGTGT,AACAAACCTAC,TCACAAAGGGC
4076,positive,1487,-1.991085767745972,VT65295|0|MEMB007C|+|2249,326,no,TCGTGT,GTTCTACCTAC,TTAGAAAGGGC
4077,positive,1487,-1.991085767745972,VT65295|0|MEMB007D|-|2925,721,no,TGGTGT,ATTTTACGTAC,TTACCATAGGT
4078,positive,1487,-1.4061232805252075,VT65295|0|MEMB008C|-|2328,369,no,CGGTGT,TCCCTACGTAC,TTAAGAAGGGC
4079,positive,1487,-1.4061232805252075,VT65295|0|dkik|-|3985,314,no,CGGTGT,TCCCTACCTAC,TTACGAAAGGG
4080,positive,1626,1.2857544422149658,VT65295|0|MEMB002A|+|3572,1481,no,CATGGA,TCGTATATCCG,TACATTCTTGA
4081,positive,1626,1.2857544422149658,VT65295|0|MEMB002B|-|1683,677,no,CATGGA,TGGTATATCCG,TATATTCTTGA
4082,positive,1626,1.2857544422149658,VT65295|0|MEMB002C|-|3210,1127,no,CATGGA,TCGTATATTCG,TACATTCTTGA
4083,positive,1626,-0.29920801520347595,VT65295|0|MEMB002D|+|2569,504,no,AAGGGA,TGGTATATGCG,TATATTCTTGA
4084,positive,1626,-1.5216004848480225,VT65295|0|MEMB002E|-|2184,502,no,GAGAGA,TGGTATATGCG,TATATTCTTAA
4085,positive,1626,3.2857544422149663,VT65295|0|MEMB002F|-|2530,674,no,CACGGA,TGGTATAGCCG,TATATTCTTGA
4086,positive,1626,-0.9366379380226136,VT65295|0|MEMB003A|-|2218,453,no,GAGCGA,TGGTATATGCG,TATATTCTTGA
4087,positive,1626,-0.9366379380226136,VT65295|0|MEMB003B|-|2439,499,no,AAGCGA,TGGTATAAGCG,TACATTCTTGA
4088,positive,1626,1.2857544422149658,VT65295|0|MEMB003C|+|2464,404,no,CATGGA,TCGTATATCCG,TACATTCTTGA
4089,positive,1626,-0.9366379380226136,VT65295|0|MEMB003D|-|2218,453,no,AAGCGA,TGGTATATGCG,TATATTCTTGA
4090,positive,1626,0.7007919549942017,VT65295|0|MEMB003F|-|2339,506,no,TAGGGA,TGGTATATGCG,TATATTCTTGA
4091,positive,1626,1.2857544422149658,VT65295|0|MEMB004A|-|1649,672,no,CATGGA,TGGTATATCCG,TATATTCTTGA
4092,positive,1626,0.7007919549942017,VT65295|0|MEMB004B|+|2160,473,no,TAGGGA,TGGTATATGCG,TATATTCTTGA
4093,positive,1626,0.7007919549942017,VT65295|0|MEMB004E|-|2307,507,no,TAGGGA,TGGTATATGCG,TATATTCTTGA
4094,positive,1626,0.7007919549942017,VT65295|0|MEMB005B|+|2303,488,no,TAGGGA,TGGTATATGCG,TATTTTCTTGA
4095,positive,1626,-0.5216004252433777,VT65295|0|MEMB005D|-|2647,484,no,TAGAGA,TGGTAGATGCG,TACATTCTTGA
4096,positive,1626,0.7007919549942017,VT65295|0|MEMB006A|-|2731,507,no,TAGGGA,TGGTAGATGCG,TATATTCTTGA
4097,positive,1626,-0.29920801520347595,VT65295|0|MEMB006B|-|2950,517,no,GAGGGA,TGGTATATCCG,TATATTCTTAA
4098,positive,1626,0.7007919549942017,VT65295|0|MEMB006C|+|2238,496,no,TAGGGA,TGGTATACGCG,TATGTTCTTGA
4099,positive,1626,1.2857544422149658,VT65295|0|MEMB007B|-|2640,574,no,CATGGA,TGGTATATCCG,TACATTCTTGA
4100,positive,1626,-0.29920801520347595,VT65295|0|MEMB007C|+|2249,465,no,AAGGGA,TGGTATAAGCG,TACATTCTTGA
4101,positive,1626,3.2857544422149663,VT65295|0|MEMB007D|-|2925,860,no,CACGGA,TGATATATCCG,TATATTCTTGA
4102,positive,1626,1.2857544422149658,VT65295|0|MEMB008C|-|2328,508,no,CAGGGA,TGGTATATGCG,TATATTCTTGA
4103,positive,1626,-0.9366379380226136,VT65295|0|dkik|-|3985,453,no,GAGCGA,TGGTATATGCG,TATATTCTTGA
4104,negative,1656,0.7007919549942017,VT65295|0|MEMB002A|+|3572,1511,no,GACTCG,GAGCGGAAGAT,CCTCGCATCGG
4105,negative,1656,0.7007919549942017,VT65295|0|MEMB002B|-|1683,707,no,GACTCG,GAGCGGAAGAT,CCTCGCATCGA
4106,negative,1656,0.7007919549942017,VT65295|0|MEMB002C|-|3210,1157,no,GACTCG,GAGCGGAAGAT,CTTCGCATCGG
4107,negative,1656,0.7007919549942017,VT65295|0|MEMB002D|+|2569,534,no,GACTCG,GAGCGAAAGAT,CCACACACCGA
4108,negative,1656,0.7007919549942017,VT65295|0|MEMB002E|-|2184,532,no,GACTCG,GAGCGAAAGAT,CCACACACCGA
4109,negative,1656,3.2857544422149663,VT65295|0|MEMB002F|-|2530,704,no,GACACG,GAGCGAAAGAT,CCTCGCATCGA
4110,negative,1656,0.7007919549942017,VT65295|0|MEMB003A|-|2218,483,no,GACTCG,GAGCGAAAGAT,CCACACACCGA
4111,negative,1656,-0.8841705322265625,VT65295|0|MEMB003B|-|2439,529,no,GAGTCG,GAGCGAAAGAT,CCACACACCGG
4112,negative,1656,0.7007919549942017,VT65295|0|MEMB003C|+|2464,434,no,GACTCG,GAGCGGAAGAT,CCTCGCATCGT
4113,negative,1656,0.7007919549942017,VT65295|0|MEMB003D|-|2218,483,no,GACTCG,GAGCGGAAGAT,CCACACACCGA
4114,negative,1656,0.7007919549942017,VT65295|0|MEMB003F|-|2339,536,no,GACTCG,GAGCGAAAAAT,CCACACACCGA
4115,negative,1656,0.7007919549942017,VT65295|0|MEMB004A|-|1649,702,no,GACTCG,GAGCGGAAGAT,CCTCGCATCGA
4116,negative,1656,0.7007919549942017,VT65295|0|MEMB004B|+|2160,503,no,GACTCG,GAGCGAAAGAT,CCACACACCGA
4117,negative,1656,0.7007919549942017,VT65295|0|MEMB004E|-|2307,537,no,GACTCG,GAGCGAAAGAT,CCACTCACCGA
4118,negative,1656,0.7007919549942017,VT65295|0|MEMB005B|+|2303,518,no,GACTCG,GAGCGAAAGAT,CCACACACCGA
4119,negative,1656,0.7007919549942017,VT65295|0|MEMB005D|-|2647,514,no,GACTCG,GAGCGGAAGAT,CCACGCACCTG
4120,negative,1656,0.7007919549942017,VT65295|0|MEMB006A|-|2731,537,no,GACTCG,GAGCGGAAGAT,CCACGCACCTG
4121,negative,1656,-0.8841705322265625,VT65295|0|MEMB006B|-|2950,547,no,GAGTCG,GAGCGAAAGAT,CGACCCACCGA
4122,negative,1656,3.2857544422149663,VT65295|0|MEMB006C|+|2238,526,no,GACACG,GAGCGAAAGAT,CCACACACCGA
4123,negative,1656,0.5938767790794373,VT65295|0|MEMB007B|-|2640,604,no,GACTCT,GAGCGGAAGAT,CCTCGCATCGG
4124,negative,1656,-0.8841705322265625,VT65295|0|MEMB007C|+|2249,495,no,GAGTCG,GAGCGAAAGAT,CCACACACCGG
4125,negative,1656,2.7007920742034908,VT65295|0|MEMB007D|-|2925,890,no,GATACG,GAGCGGAAGAT,CGACACACCGA
4126,negative,1656,0.7007919549942017,VT65295|0|MEMB008C|-|2328,538,no,GACTCG,GAGCGAAAGAT,CCACACACCGG
4127,negative,1656,0.7007919549942017,VT65295|0|dkik|-|3985,483,no,GACTCG,GAGCGAAAGAT,CCACACACCGA
4128,positive,1692,1.1788393259048462,VT65295|0|MEMB002A|+|3572,1547,no,CATTAG,TGGCGCAGTCG,CTCAACGCTGC
4129,positive,1692,1.1788393259048462,VT65295|0|MEMB002B|-|1683,743,no,CATTAG,TGGCGCAATCG,CTCAATGCTGC
4130,positive,1692,1.1788393259048462,VT65295|0|MEMB002C|-|3210,1193,no,CATTAG,TGGCGCAGTCG,CTCAACGCTGC
4131,positive,1692,1.1788393259048462,VT65295|0|MEMB002D|+|2569,570,no,CATTAA,TGGCGCAAACG,CTCAATGATGC
4132,positive,1692,1.1788393259048462,VT65295|0|MEMB002E|-|2184,568,no,CATTAA,TGGCGCAGTCG,CTCTATGATGC
4133,positive,1692,3.1788392066955566,VT65295|0|MEMB002F|-|2530,740,no,CAATAG,TGCCGCAATCG,TTCTACGCTGC
4134,positive,1692,1.1788393259048462,VT65295|0|MEMB003A|-|2218,519,no,CATTAG,TGGCGCAATCT,CTCTACGACGC
4135,positive,1692,1.1788393259048462,VT65295|0|MEMB003B|-|2439,565,no,CATTAG,CGGCGCAATCT,CTCTACGACGC
4136,positive,1692,1.1788393259048462,VT65295|0|MEMB003C|+|2464,470,no,CATTAG,TGGCGCAGTCG,CTCAACGCTGC
4137,positive,1692,1.1788393259048462,VT65295|0|MEMB003D|-|2218,519,no,CATTAG,TGGCGCAATCT,CTCTACGACGC
4138,positive,1692,1.1788393259048462,VT65295|0|MEMB003F|-|2339,572,no,CATTAG,TGGCGCAATCG,CTCTATAATGC
4139,positive,1692,1.1788393259048462,VT65295|0|MEMB004A|-|1649,738,no,CATTAG,TGGCGCAATCG,CTCAATGCTGC
4140,positive,1692,0.6483245491981506,VT65295|0|MEMB004B|+|2160,539,no,CATCAG,TGGCGCAATCG,CTCTATAATGC
4141,positive,1692,0.6483245491981506,VT65295|0|MEMB004E|-|2307,573,no,CATCAG,TGGCGCAATCG,CTCTGTAATGC
4142,positive,1692,0.6483245491981506,VT65295|0|MEMB005B|+|2303,554,no,CATCAG,TGACGCAATCG,CTCTACAATGC
4143,positive,1692,0.6483245491981506,VT65295|0|MEMB005D|-|2647,550,no,CATCAG,TGGCGCAAGCG,CTCTATGATGC
4144,positive,1692,1.1788393259048462,VT65295|0|MEMB006A|-|2731,573,no,CATTAG,TGGCGCAATCG,CTCTATGATGC
4145,positive,1692,1.1788393259048462,VT65295|0|MEMB006B|-|2950,583,no,CATTAG,CGGCGCAATCG,CTCTATGATGT
4146,positive,1692,0.6483245491981506,VT65295|0|MEMB006C|+|2238,562,no,CATCAG,TGGCGCAATCG,CTCTATAATGC
4147,positive,1692,1.1788393259048462,VT65295|0|MEMB007B|-|2640,640,no,CATTAG,TGGCGCAATCG,CTCAACGCTGC
4148,positive,1692,1.1788393259048462,VT65295|0|MEMB007C|+|2249,531,no,CATTAG,CGGCGCAATCG,CTCTACAAGAC
4149,positive,1692,-0.5216004252433777,VT65295|0|MEMB007D|-|2925,926,no,TAGAAG,TGACGCAATCG,CTCTACGCTGC
4150,positive,1692,0.6483245491981506,VT65295|0|MEMB008C|-|2328,574,no,CATCAG,TGGCGCAATCG,CTCTATAATGC
4151,positive,1692,1.1788393259048462,VT65295|0|dkik|-|3985,519,no,CATTAG,TGGCGCAATCT,CTCTACGACGC
4152,positive,1860,1.7007919549942017,VT65295|0|MEMB002A|+|3572,1715,no,GAAGAA,GCCAATAGGAA,GTAAATCATGA
4153,positive,1860,1.7007919549942017,VT65295|0|MEMB002B|-|1683,911,no,GAAGAA,GCCAATAGGAC,GTAAATCAAAA
4154,positive,1860,1.7007919549942017,VT65295|0|MEMB002C|-|3210,1361,no,GAAGAA,GCCAATAGGAA,GTAAATCATGA
4155,positive,1860,1.7007919549942017,VT65295|0|MEMB002D|+|2569,738,no,GAAGTA,GCCAACAGGAT,GTAAATTATGC
4156,positive,1860,1.7007919549942017,VT65295|0|MEMB002E|-|2184,736,no,GAAGTA,GCCAACAGGAG,GTAAATCAAGC
4157,positive,1860,3.2857544422149663,VT65295|0|MEMB002F|-|2530,908,no,CAAGAA,GCCAGTAGGAT,GTAAATCAGGG
4158,positive,1860,1.7007919549942017,VT65295|0|MEMB003A|-|2218,687,no,GAAGTA,GCCAAGAGGAA,AAAAATCAAGG
4159,positive,1860,0.4783995747566223,VT65295|0|MEMB003B|-|2439,733,no,GAAATA,GCCAACAGGAT,GTAAATAATGC
4160,positive,1860,1.7007919549942017,VT65295|0|MEMB003C|+|2464,638,no,GAAGAA,GCCAATAGGAA,GTAAATCATGA
4161,positive,1860,1.7007919549942017,VT65295|0|MEMB003D|-|2218,687,no,GAAGTA,GCCAAGAGGAA,AAAAATCAAGG
4162,positive,1860,1.7007919549942017,VT65295|0|MEMB003F|-|2339,740,no,GAAGTA,GCCAACAGGAT,GTAAATCAAGG
4163,positive,1860,1.7007919549942017,VT65295|0|MEMB004A|-|1649,906,no,GAAGAA,GCCAATAGGAC,GTAAATCAAAA
4164,positive,1860,1.7007919549942017,VT65295|0|MEMB004B|+|2160,707,no,GAAGTA,GCCAACAGGAA,GTAAATCAAGG
4165,positive,1860,1.7007919549942017,VT65295|0|MEMB004E|-|2307,738,no,GAAGTA,GCCAACAGGAA,GTAAATCAAGG
4166,positive,1860,1.7007919549942017,VT65295|0|MEMB005B|+|2303,722,no,GAAGTA,GCCAACAGGAA,GTAAATCAAGG
4167,positive,1860,1.7007919549942017,VT65295|0|MEMB005D|-|2647,718,no,GAAGTA,GCCAACAGGAT,GTAAATCAAGG
4168,positive,1860,1.7007919549942017,VT65295|0|MEMB006A|-|2731,741,no,GAAGTA,GCCAATAGGAT,GTAAATCAAGG
4169,positive,1860,1.7007919549942017,VT65295|0|MEMB006B|-|2950,751,no,GAAGTA,GCCAACAGGAT,GTAAATAATGA
4170,positive,1860,1.7007919549942017,VT65295|0|MEMB006C|+|2238,730,no,GAAGTA,GCCAACAGTAG,GTAAATCAGGG
4171,positive,1860,1.7007919549942017,VT65295|0|MEMB007B|-|2640,808,no,GAAGAA,GCCAATAGGAA,GTAAATCATGA
4172,positive,1860,1.7007919549942017,VT65295|0|MEMB007C|+|2249,699,no,GAAGTA,GCCAACAGGAT,GTAAATAATGC
4173,positive,1860,0.4783995747566223,VT65295|0|MEMB007D|-|2925,1094,no,AAAATA,GCCAATAGGAC,GTAAATCAAGG
4174,positive,1860,1.7007919549942017,VT65295|0|MEMB008C|-|2328,742,no,GAAGTA,GCCAACAGGAA,GTAAATCACGG
4175,positive,1860,1.7007919549942017,VT65295|0|dkik|-|3985,687,no,GAAGTA,GCCAAGAGGAA,AAAAATCAAGG
4176,negative,1944,0.06336206197738647,VT65295|0|MEMB002A|+|3572,1799,no,CTCTCC,GTCGAACGCCC,AGCTATTCAGG
4177,negative,1944,0.06336206197738647,VT65295|0|MEMB002B|-|1683,995,no,CTCTCC,GTCGAACGCCC,AGCTATTTAGG
4178,negative,1944,0.06336206197738647,VT65295|0|MEMB002C|-|3210,1445,no,CTCTCC,GTCGAACGCCC,AGCTATTCAGG
4179,negative,1944,0.06336206197738647,VT65295|0|MEMB002D|+|2569,822,no,TACTCC,CACCAAAACCC,AGCTGTTTAGG
4180,negative,1944,0.008914276957511902,VT65295|0|MEMB002E|-|2184,820,no,TATTCT,CACGAAAACCC,ACCTTTTTAGG
4181,negative,1944,3.1788392066955566,VT65295|0|MEMB002F|-|2530,992,no,CACACT,ACCGAACGCCC,AGCTATTTAGG
4182,negative,1944,0.008914276957511902,VT65295|0|MEMB003A|-|2218,771,no,TATTCT,TACGAATTCCC,AGCTTTTTCGG
4183,negative,1944,-0.5216004252433777,VT65295|0|MEMB003B|-|2439,817,no,TATTCC,CACGAAAATCC,AGCTTTTCAGG
4184,negative,1944,0.06336206197738647,VT65295|0|MEMB003C|+|2464,722,no,CTCTCC,GTCGAACGCCC,AGCTATTCAGG
4185,negative,1944,-0.5216004252433777,VT65295|0|MEMB003D|-|2218,771,no,TATTCC,TACGAATTCCC,AGCTTTTTCGG
4186,negative,1944,-0.5216004252433777,VT65295|0|MEMB003F|-|2339,824,no,TATTCC,CACGAGAGCCC,ACCTTTTTAGG
4187,negative,1944,0.06336206197738647,VT65295|0|MEMB004A|-|1649,990,no,CTCTCC,GTCGAACGCCC,AGCTATTTAGG
4188,negative,1944,0.06336206197738647,VT65295|0|MEMB004B|+|2160,791,no,TACTCC,CACGAAAACCC,AGCTTTTTAGG
4189,negative,1944,0.06336206197738647,VT65295|0|MEMB004E|-|2307,822,no,TACTCC,CACGAAAGCCC,AGCTTTTTAGG
4190,negative,1944,0.06336206197738647,VT65295|0|MEMB005B|+|2303,806,no,TACTCC,CACGAGAACCC,AGCTTTTTAGG
4191,negative,1944,-0.5216004252433777,VT65295|0|MEMB005D|-|2647,802,no,TATTCC,CACGAAAACCC,AGCTTTTTAGG
4192,negative,1944,0.06336206197738647,VT65295|0|MEMB006A|-|2731,825,no,TACTCC,CACGAAAACAC,AGCTTTTTAGG
4193,negative,1944,-0.5216004252433777,VT65295|0|MEMB006B|-|2950,835,no,AATTCC,CACGACAACAC,AGCTTTTCCAG
4194,negative,1944,0.06336206197738647,VT65295|0|MEMB006C|+|2238,814,no,TACGCC,CACGAGAGCCC,AGCTTTTTAGG
4195,negative,1944,0.06336206197738647,VT65295|0|MEMB007B|-|2640,892,no,CTCTCC,GTCGAACGCCC,AGCTATTCAGG
4196,negative,1944,-1.1065629720687866,VT65295|0|MEMB007C|+|2249,783,no,TATTCA,CACGAAAACCC,AGCTTTTCAGG
4197,negative,1944,0.06336206197738647,VT65295|0|MEMB007D|-|2925,1178,no,CATAGC,CTCGAACAGCC,AGCTCTTTAGG
4198,negative,1944,0.06336206197738647,VT65295|0|MEMB008C|-|2328,826,no,TACTCC,CACGAGAACCC,AGCTCTTTAGG
4199,negative,1944,-0.5216004252433777,VT65295|0|dkik|-|3985,771,no,TATTCC,TACGAATTCCC,AGCTTTTTCGG
4200,positive,2257,-1.2992080450057983,VT65295|0|MEMB002A|+|3572,2112,no,CGGGGA,GAAATGGTAGG,AAGATAATAAA
4201,positive,2257,1.2857544422149658,VT65295|0|MEMB002B|-|1683,1308,no,CAGGaa,GAAATGGAGAG,aaaataataaa
4202,positive,2257,-1.2992080450057983,VT65295|0|MEMB002C|-|3210,1758,no,CGGGGA,GAAATGGTAGG,AAAATAATAAA
4203,positive,2257,-0.29920801520347595,VT65295|0|MEMB002D|+|2569,1135,no,AAGGAA,GAAATGGATAG,AAATACAAATA
4204,positive,2257,1.0633620023727417,VT65295|0|MEMB002E|-|2184,1133,no,AAACAT,AAAATGGATAG,TTTATTATCGA
4205,positive,2257,3.2857544422149663,VT65295|0|MEMB002F|-|2530,1305,no,CAAGGA,GAAATGAGAAG,AATGCGGAAGA
4206,positive,2257,-0.29920801520347595,VT65295|0|MEMB003A|-|2218,1084,no,AAGGGA,GAAACGGATAC,TAATACAAATA
4207,positive,2257,-0.4061232209205627,VT65295|0|MEMB003B|-|2439,1130,no,AAGTAC,GCAATGGTAGA,TGATTAGCGGT
4208,positive,2257,-1.2992080450057983,VT65295|0|MEMB003C|+|2464,1035,no,CGGGGA,GAAATGGTAGG,AAAATAATAAA
4209,positive,2257,-0.29920801520347595,VT65295|0|MEMB003D|-|2218,1084,no,AAGGGA,GAAACGGATAC,TAATACAAATA
4210,positive,2257,-1.5216004848480225,VT65295|0|MEMB003F|-|2339,1137,no,AAGAGA,ACAACGGATAG,TCATAAATGCG
4211,positive,2257,1.2857544422149658,VT65295|0|MEMB004A|-|1649,1303,no,CAGGaa,GAAATGGAGAG,aaaataataaa
4212,positive,2257,0.06336206197738647,VT65295|0|MEMB004B|+|2160,1104,no,CAGAGA,GAAACGGATAG,TTATAAAAGCA
4213,positive,2257,-1.5216004848480225,VT65295|0|MEMB004E|-|2307,1135,no,AAGAGA,GAAACGGGCAG,TTATACATAAA
4214,positive,2257,0.06336206197738647,VT65295|0|MEMB005B|+|2303,1119,no,CAGAGA,GAAACGGATAG,TTATAAATACA
4215,positive,2257,-0.9366379380226136,VT65295|0|MEMB005D|-|2647,1115,no,AAGCGA,AAAATGGGTAA,TAATACAACTA
4216,positive,2257,-0.9366379380226136,VT65295|0|MEMB006A|-|2731,1138,no,AAGCGA,AAAAGGAGGAA,TAATACAAATA
4217,positive,2257,-1.5216004848480225,VT65295|0|MEMB006C|+|2238,1127,no,AAGAGA,GAAATGGGTAG,TTATGAGTGCA
4218,positive,2257,1.2857544422149658,VT65295|0|MEMB007B|-|2640,1205,no,CAGGGA,GAAATGGTAAG,Aaaataattaa
4219,positive,2257,-1.5216004848480225,VT65295|0|MEMB007D|-|2925,1491,no,aagaaa,aaaatttatag,taataaacaat
4220,positive,2257,-0.29920801520347595,VT65295|0|MEMB008C|-|2328,1139,no,AAGGGA,GAAAGGGAAAG,GTATATATGCA
4221,positive,2257,-0.29920801520347595,VT65295|0|dkik|-|3985,1084,no,AAGGGA,GAAACGGATTC,TAATACAAATA
4222,positive,3029,2.593876838684082,VT65295|0|MEMB002A|+|3572,2287,no,TAATTT,CAATAAGATCA,AGAGCTTACCG
4223,positive,3029,0.5938767790794373,VT65295|0|MEMB002B|-|1683,1499,no,TATTTA,taataAGAGCA,AGAGCTTACCA
4224,positive,3029,2.593876838684082,VT65295|0|MEMB002C|-|3210,1944,no,TAATTT,CAATAAGATCA,AGAGCTTACCG
4225,positive,3029,-1.5216004848480225,VT65295|0|MEMB002D|+|2569,1327,no,GTACTT,AATATGTTACA,TGACTTACCAC
4226,positive,3029,-1.991085767745972,VT65295|0|MEMB002E|-|2184,1191,no,TGTTAC,TTCCTATAGGA,TTACCACAATA
4227,positive,3029,3.1788392066955566,VT65295|0|MEMB002F|-|2530,1410,no,CAATTA,ATTATATAGCA,TGAGCTTACCA
4228,positive,3029,2.593876838684082,VT65295|0|MEMB003A|-|2218,1201,no,TAATTA,TGGTTAATGTA,GGAGCTTACCA
4229,positive,3029,2.593876838684082,VT65295|0|MEMB003C|+|2464,1221,no,TAATTT,CAATAAGATCA,AGAGCTTACCG
4230,positive,3029,2.593876838684082,VT65295|0|MEMB003D|-|2218,1201,no,TAATTA,TGGGTAATGTA,GGAGCTTACCA
4231,positive,3029,3.1788392066955566,VT65295|0|MEMB003F|-|2339,1301,no,CAATAA,TCTTTATAGTA,GGTGCTTACCA
4232,positive,3029,0.5938767790794373,VT65295|0|MEMB004A|-|1649,1493,no,TATTTA,TAATAAGAGCA,CCACAACAATC
4233,positive,3029,0.5938767790794373,VT65295|0|MEMB004B|+|2160,1237,no,TATTTC,AAAATGTTGTA,TGCTTACCAAA
4234,positive,3029,0.008914276957511902,VT65295|0|MEMB004E|-|2307,1279,no,TTATTA,TTCGTATAGTA,TGCGCTTACCA
4235,positive,3029,-0.9366379380226136,VT65295|0|MEMB005B|+|2303,1263,no,AAGCAC,GTTATAGTGAT,ATAGCTTACCA
4236,positive,3029,1.4783995151519775,VT65295|0|MEMB006A|-|2731,1531,no,TAAAAA,TTATTATAGTA,TTAGCTTACCA
4237,positive,3029,0.008914276957511902,VT65295|0|MEMB006B|-|2950,1209,no,TTATTA,GTGTTATGGTA,TAAACTTACCA
4238,positive,3029,0.008914276957511902,VT65295|0|MEMB006C|+|2238,1297,no,TTATTA,TTGCTATAGTA,TGTGCTTACCA
4239,positive,3029,2.593876838684082,VT65295|0|MEMB007B|-|2640,1375,no,TAATTT,CAATAAGATCA,AGAGCTTACCG
4240,positive,3029,2.593876838684082,VT65295|0|MEMB007D|-|2925,2020,no,TAATTA,TAATATTTGTT,AGAGCTTACCA
4241,positive,3029,2.593876838684082,VT65295|0|dkik|-|3985,1203,no,TAATTA,TGGTTAATGTA,GGAGCTTACCA
4242,positive,3170,2.648324489593506,VT65295|0|MEMB002A|+|3572,2428,no,CACCTG,ACACCATCCTC,GGAAGCCACGT
4243,positive,3170,2.648324489593506,VT65295|0|MEMB002B|-|1683,1640,no,CACCTG,ACACCATCCTC,GGAAGCCACAT
4244,positive,3170,2.648324489593506,VT65295|0|MEMB002C|-|3210,2085,no,CACCTG,ACACCATCCTC,GGAAGCCACGT
4245,positive,3170,1.0633620023727417,VT65295|0|MEMB002D|+|2569,1467,no,AACCTG,ACACCATCCTG,AGACGCCACGT
4246,positive,3170,1.0633620023727417,VT65295|0|MEMB002E|-|2184,1327,no,AACCTG,ACACCATCCTG,GGACGCCACGT
4247,positive,3170,3.1788392066955566,VT65295|0|MEMB002F|-|2530,1551,no,CACTTG,ACACCATCCTC,GGAAGCCACGT
4248,positive,3170,1.0633620023727417,VT65295|0|MEMB003A|-|2218,1342,no,AACCTG,ACACCATCCTG,GGACGCCACGT
4249,positive,3170,1.0633620023727417,VT65295|0|MEMB003B|-|2439,1379,no,AACCTG,ACCCCATCCTG,TGACGCCACGT
4250,positive,3170,2.648324489593506,VT65295|0|MEMB003C|+|2464,1362,no,CACCTG,ACACCATCCTC,GGAAGCCACGT
4251,positive,3170,1.0633620023727417,VT65295|0|MEMB003D|-|2218,1342,no,AACCTG,ACACCATCCTG,GGACGCCACGT
4252,positive,3170,1.0633620023727417,VT65295|0|MEMB003F|-|2339,1442,no,AACCTG,ACACCATCCTG,GGACGCCACGT
4253,positive,3170,2.648324489593506,VT65295|0|MEMB004A|-|1649,1626,no,CACCTG,ACACCATCCTC,GGAAGCCACAT
4254,positive,3170,1.0633620023727417,VT65295|0|MEMB004B|+|2160,1376,no,AACCTG,ACACCATCCTG,GGAGGCCACGT
4255,positive,3170,1.0633620023727417,VT65295|0|MEMB004E|-|2307,1420,no,AACCTG,ACACCATCCTG,CGACGCCACGT
4256,positive,3170,1.0633620023727417,VT65295|0|MEMB005B|+|2303,1404,no,AACCTG,ACACCATCCTG,CGAGGCCACGT
4257,positive,3170,1.0633620023727417,VT65295|0|MEMB005D|-|2647,1594,no,AACCTG,ACACCATCTTG,GGACGCCACAT
4258,positive,3170,1.0633620023727417,VT65295|0|MEMB006A|-|2731,1672,no,AACCTG,ACACCATCCTG,GGACGCCACGT
4259,positive,3170,1.0633620023727417,VT65295|0|MEMB006B|-|2950,1350,no,AACCTG,ACTCCATCCTG,GGACGCTACAT
4260,positive,3170,1.0633620023727417,VT65295|0|MEMB006C|+|2238,1438,no,AACCTG,ACACCATCCTG,GGACGCCACGT
4261,positive,3170,2.648324489593506,VT65295|0|MEMB007B|-|2640,1516,no,CACCTG,ACACCATCCTC,GGAAGCCACGT
4262,positive,3170,1.0633620023727417,VT65295|0|MEMB007C|+|2249,1350,no,AACCTG,ACCCCATCCTG,TGACGCCACAT
4263,positive,3170,2.648324489593506,VT65295|0|MEMB007D|-|2925,2161,no,CACCTG,ACACCATCCTC,TGAAGCCACGT
4264,positive,3170,2.648324489593506,VT65295|0|MEMB008C|-|2328,1426,no,CACCTG,ACTCCATCCTG,GGACGCCACGT
4265,positive,3170,1.0633620023727417,VT65295|0|dkik|-|3985,1344,no,AACCTG,ACACCATCCTG,GGACGCCACGT
4266,negative,3172,1.2857544422149658,VT65295|0|MEMB002A|+|3572,2430,no,CCCAGG,TGGAGGATGGT,GAACGTGGCTT
4267,negative,3172,1.2857544422149658,VT65295|0|MEMB002B|-|1683,1642,no,CCCAGG,TGGAGGATGGT,GAATGTGGCTT
4268,negative,3172,1.2857544422149658,VT65295|0|MEMB002C|-|3210,2087,no,CCCAGG,TGGAGGATGGT,GAACGTGGCTT
4269,negative,3172,1.2857544422149658,VT65295|0|MEMB002D|+|2569,1469,no,CTCAGG,TTCAGGATGGT,GAACGTGGCGT
4270,negative,3172,1.2857544422149658,VT65295|0|MEMB002E|-|2184,1329,no,CCCAGG,TTCAGGATGGT,GAACGTGGCGT
4271,negative,3172,3.2857544422149663,VT65295|0|MEMB002F|-|2530,1553,no,CCCAAG,TGGAGGATGGT,GAACGTGGCTT
4272,negative,3172,1.2857544422149658,VT65295|0|MEMB003A|-|2218,1344,no,CCCAGG,TTCAGGATGGT,GAACGTGGCGT
4273,negative,3172,1.2857544422149658,VT65295|0|MEMB003B|-|2439,1381,no,CACAGG,TTCAGGATGGG,GAACGTGGCGT
4274,negative,3172,1.2857544422149658,VT65295|0|MEMB003C|+|2464,1364,no,CCCAGG,TGGAGGATGGT,GAACGTGGCTT
4275,negative,3172,1.2857544422149658,VT65295|0|MEMB003D|-|2218,1344,no,CCCAGG,TTCAGGATGGT,GAACGTGGCGT
4276,negative,3172,1.2857544422149658,VT65295|0|MEMB003F|-|2339,1444,no,CCCAGG,TTCAGGATGGT,GAACGTGGCGT
4277,negative,3172,1.2857544422149658,VT65295|0|MEMB004A|-|1649,1628,no,CCCAGG,TGGAGGATGGT,GAATGTGGCTT
4278,negative,3172,1.2857544422149658,VT65295|0|MEMB004B|+|2160,1378,no,CCCAGG,TTCAGGATGGT,GAACGTGGCCT
4279,negative,3172,1.2857544422149658,VT65295|0|MEMB004E|-|2307,1422,no,CGCAGG,TTCAGGATGGT,GAACGTGGCGT
4280,negative,3172,1.2857544422149658,VT65295|0|MEMB005B|+|2303,1406,no,CGCAGG,TTCAGGATGGT,GAACGTGGCCT
4281,negative,3172,1.2857544422149658,VT65295|0|MEMB005D|-|2647,1596,no,CCCAGG,TTCAAGATGGT,GAATGTGGCGT
4282,negative,3172,1.2857544422149658,VT65295|0|MEMB006A|-|2731,1674,no,CCCAGG,TTCAGGATGGT,GAACGTGGCGT
4283,negative,3172,1.2857544422149658,VT65295|0|MEMB006B|-|2950,1352,no,CCCAGG,TTCAGGATGGA,GAATGTAGCGT
4284,negative,3172,1.2857544422149658,VT65295|0|MEMB006C|+|2238,1440,no,CCCAGG,TTCAGGATGGT,GAACGTGGCGT
4285,negative,3172,1.2857544422149658,VT65295|0|MEMB007B|-|2640,1518,no,CCCAGG,TGGAGGATGGT,GAACGTGGCTT
4286,negative,3172,1.2857544422149658,VT65295|0|MEMB007C|+|2249,1352,no,CACAGG,TTCAGGATGGG,GAATGTGGCGT
4287,negative,3172,1.2857544422149658,VT65295|0|MEMB007D|-|2925,2163,no,CACAGG,TGGAGGATGGT,GAACGTGGCTT
4288,negative,3172,1.2857544422149658,VT65295|0|MEMB008C|-|2328,1428,no,CCCAGG,TGCAGGATGGA,GAACGTGGCGT
4289,negative,3172,1.2857544422149658,VT65295|0|dkik|-|3985,1346,no,CCCAGG,TTCAGGATGGT,GAACGTGGCGT
4290,positive,3338,1.1788393259048462,VT65295|0|MEMB002A|+|3572,2503,no,CAGTAA,CATTTACTTTT,TCTTAGAAAAA
4291,positive,3338,1.1788393259048462,VT65295|0|MEMB002C|-|3210,2160,no,CAGTAA,CATTTACTTTT,TCTTAGAGAAA
4292,positive,3338,1.1788393259048462,VT65295|0|MEMB002D|+|2569,1538,no,CATTAT,CATTATCTTTC,CTCAGTGTGTC
4293,positive,3338,1.5938767194747925,VT65295|0|MEMB002E|-|2184,1398,no,AAATAC,AATAAACTTTT,ATAAATATACT
4294,positive,3338,3.1788392066955566,VT65295|0|MEMB002F|-|2530,1626,no,CAATAA,AATCTATCTTT,CGCCAAAGAAA
4295,positive,3338,-2.5216004848480225,VT65295|0|MEMB003B|-|2439,1449,no,CCTAAC,AATTATTATTT,ACATAAATTTT
4296,positive,3338,3.1788392066955566,VT65295|0|MEMB005B|+|2303,1482,no,CAATAA,AATGATTCTTT,TCCTAAAGTCT
4297,positive,3338,-0.5216004252433777,VT65295|0|MEMB006B|-|2950,1420,no,TATAAA,AATTTTCCTTT,CCTAATTACAA
4298,positive,3338,1.1788393259048462,VT65295|0|MEMB007B|-|2640,1591,no,CAGTAA,CATTTACATTT,TCTTAGAGAAA
4299,positive,3338,-0.5216004252433777,VT65295|0|MEMB007C|+|2249,1415,no,CCCAAA,AATTATTCTTT,ACATAAATTTT
4300,positive,3338,-0.5216004252433777,VT65295|0|dkik|-|3985,1510,no,CTAAAT,TATAATTCTTT,AGTTTGTTGAT
4301,negative,3424,-1.8841705322265625,VT65295|0|MEMB002D|+|2569,1608,no,TATGTG,TACATATGTTC,TGTAATATACA
4302,negative,3424,3.1788392066955566,VT65295|0|MEMB002F|-|2530,1670,no,AACACT,TTGGGGAGACG,TTAGTTTATTT
4303,negative,3424,0.6483245491981506,VT65295|0|MEMB006B|-|2950,1506,no,TGCAGC,GCAGTGAAGGG,AATGAGAAGTT
4304,negative,3424,-3.106562852859497,VT65295|0|MEMB007B|-|2640,1635,no,TATTTA,AAGGAAAAGAA,CTCGTTTAGTT
4305,negative,3424,-1.8841705322265625,VT65295|0|dkik|-|3985,1586,no,CGTTTG,CTGAATATTTT,ATGGACAATAT
4306,positive,3621,-2.991085767745972,VT65295|0|MEMB002A|+|3572,2622,no,GGGTGA,CAAAGCATTGT,ATCTAAATAGC
4307,positive,3621,-0.9910857081413268,VT65295|0|MEMB002C|-|3210,2283,no,GGATGA,CAAAGCATTGT,ATCTAAATAGC
4308,positive,3621,-1.5216004848480225,VT65295|0|MEMB002D|+|2569,1669,no,aataat,atgaaccttat,ttgtacacact
4309,positive,3621,-4.106563091278076,VT65295|0|MEMB002E|-|2184,1426,no,GTTACA,ATAAAGGTTAT,ACTTAGAAATA
4310,positive,3621,3.2857544422149663,VT65295|0|MEMB002F|-|2530,1694,no,CAAGAT,CTAAAAATTTT,CCTAACTTGGA
4311,positive,3621,-0.4061232209205627,VT65295|0|MEMB003A|-|2218,1416,no,AATTGA,TCAAGAATTGC,TGAAATTCAGG
4312,positive,3621,-4.106563091278076,VT65295|0|MEMB003B|-|2439,1511,no,ATTACA,ATAAAGTTTAC,ATTTGGAAATA
4313,positive,3621,-2.991085767745972,VT65295|0|MEMB003C|+|2464,1538,no,GGGTAA,CAAAGCATTGT,ATCTAAATAGC
4314,positive,3621,-0.4061232209205627,VT65295|0|MEMB003D|-|2218,1416,no,AATTGA,TCACGAATTGC,TGAAAGTCAGG
4315,positive,3621,-3.106562852859497,VT65295|0|MEMB003F|-|2339,1561,no,TTTACA,ATAAAGTGTAA,ACTTGTAATGA
4316,positive,3621,-3.106562852859497,VT65295|0|MEMB004E|-|2307,1540,no,TGTACA,ATAAAGTGTAC,ACTTGTATACA
4317,positive,3621,-4.106563091278076,VT65295|0|MEMB005B|+|2303,1514,no,GTTACA,ATAAAGAGTAC,ACTTGTAAATA
4318,positive,3621,-1.5216004848480225,VT65295|0|MEMB005D|-|2647,1708,no,GCACAT,ATAAAGGTCAG,CTTATAAATAA
4319,positive,3621,-4.106563091278076,VT65295|0|MEMB006A|-|2731,1810,no,GTTACT,ATAAATGTTAG,GCTCATAAATA
4320,positive,3621,-2.991085767745972,VT65295|0|MEMB006B|-|2950,1699,no,aggtag,tgaaactttgc,tcttctatata
4321,positive,3621,-2.991085767745972,VT65295|0|MEMB007B|-|2640,1712,no,GGGTGA,CAAAGCATTGT,ATCTAAATAGC
4322,positive,3621,-2.8841705322265625,VT65295|0|MEMB007C|+|2249,1434,no,ATTGTA,ATAAATTTTAC,TCACCAAAAGT
4323,positive,3621,1.5938767194747925,VT65295|0|MEMB007D|-|2925,2220,no,GAATAT,ACGAAGTGAAT,ATGTATTATAA
4324,positive,3621,-4.106563091278076,VT65295|0|MEMB008C|-|2328,1527,no,GTTACA,ACAAAGTGTAC,ACTTGTAAATA
4325,positive,3621,3.1788392066955566,VT65295|0|dkik|-|3985,1755,no,cactat,ataaatacgac,taattcgtacg
4326,negative,3702,0.5938767790794373,VT65295|0|MEMB002A|+|3572,2634,no,TGCTAT,TTAGATTCACC,CCATGTTCATG
4327,negative,3702,0.5938767790794373,VT65295|0|MEMB002C|-|3210,2295,no,TGCTAT,TTAGATTCATC,CCATGTTCATG
4328,negative,3702,2.0633621215820312,VT65295|0|MEMB002D|+|2569,1674,no,TACAAA,TTATTATAAGG,AGATTAGTGTG
4329,negative,3702,3.2857544422149663,VT65295|0|MEMB002F|-|2530,1705,no,TCCAAG,TTAGGATCTTG,TTTAAATAATT
4330,negative,3702,1.5938767194747925,VT65295|0|MEMB003A|-|2218,1426,no,CTGAAT,TTCATCAATTG,CAAGTTTTATC
4331,negative,3702,0.5938767790794373,VT65295|0|MEMB003C|+|2464,1550,no,TGCTAT,TTAGATTTACC,CCATGTTCATG
4332,negative,3702,1.5938767194747925,VT65295|0|MEMB003D|-|2218,1426,no,CTGACT,TTCATCAATTG,CAAGTTTTATC
4333,negative,3702,-1.991085767745972,VT65295|0|MEMB006B|-|2950,1780,no,GATCGT,TCCAATGCAGC,AAAAATTTACC
4334,negative,3702,0.5938767790794373,VT65295|0|MEMB007B|-|2640,1724,no,TGCTAT,TTAGATTCACC,CCATGATCATG
4335,negative,3702,-0.29920801520347595,VT65295|0|dkik|-|3985,1836,no,GTGATG,TTACCCAATAT,TAAGGTCAAGG
4336,negative,3797,0.008914276957511902,VT65295|0|MEMB002A|+|3572,2701,no,ATTGCT,CAACATGTTTT,TTTCTTTGTGT
4337,negative,3797,0.008914276957511902,VT65295|0|MEMB002C|-|3210,2362,no,ATTGCT,CAACTTGTTAC,TTTCTTTGTGT
4338,negative,3797,0.7007919549942017,VT65295|0|MEMB002D|+|2569,1710,no,AGTATG,GGAAGACTAAC,TTAAAGTTTTT
4339,negative,3797,3.2857544422149663,VT65295|0|MEMB002F|-|2530,1735,no,AACAAG,GAGTTATTATT,GTTTAGGCTAT
4340,negative,3797,0.008914276957511902,VT65295|0|MEMB003C|+|2464,1617,no,ATTGCT,CAACAAGTTAC,TTTCTTTGTGT
4341,negative,3797,-1.8841705322265625,VT65295|0|MEMB006B|-|2950,1872,no,ATTCTG,GAATAATGATT,TTTAAATCGAA
4342,negative,3797,0.008914276957511902,VT65295|0|MEMB007B|-|2640,1781,no,ATTTCT,CAACATGTTAC,TACAATTGTGT
4343,negative,3797,1.1788393259048462,VT65295|0|MEMB007C|+|2249,1462,no,TTCAGT,TAATTTATTTA,TTCAATTACTT
4344,negative,3797,-1.1065629720687866,VT65295|0|dkik|-|3985,1931,no,AATCCA,AGAGGTTTGGG,TTAAAACTTAA
4345,positive,5206,1.2857544422149658,VT65295|0|MEMB002A|+|3572,2922,no,CAGGAA,CGAATAATGTT,GGGGAGCAGGT
4346,positive,5206,1.2857544422149658,VT65295|0|MEMB002C|-|3210,2560,no,CAGGAA,CGAATAATGTT,GGGGAGCAGGT
4347,positive,5206,1.2857544422149658,VT65295|0|MEMB002D|+|2569,1929,no,CAGGAA,CGGATAATGTT,GGGGAGCAGGT
4348,positive,5206,1.2857544422149658,VT65295|0|MEMB002E|-|2184,1537,no,CAGGAA,CGGATAATGTT,GGGGAGCAGGT
4349,positive,5206,3.2857544422149663,VT65295|0|MEMB002F|-|2530,1873,no,CACGAA,CGAATAATGTT,GGGGAGCAGGT
4350,positive,5206,1.2857544422149658,VT65295|0|MEMB003A|-|2218,1573,no,CAGGAA,CGGATAATGTT,GGGGAGCAGGT
4351,positive,5206,1.2857544422149658,VT65295|0|MEMB003B|-|2439,1804,no,CAGGAA,CGGATAATGTT,GGGGAGCAGGT
4352,positive,5206,1.2857544422149658,VT65295|0|MEMB003C|+|2464,1814,no,CAGGAA,CGAATAACGTT,GGGGAGCAGGT
4353,positive,5206,1.2857544422149658,VT65295|0|MEMB003D|-|2218,1573,no,CAGGAA,CGGATAATGTT,GGGGAGCAGGT
4354,positive,5206,-0.5216004252433777,VT65295|0|MEMB003F|-|2339,1698,no,TAGAAA,CGAATAATGTT,GGGGAGCAGGT
4355,positive,5206,1.2857544422149658,VT65295|0|MEMB004B|+|2160,1518,no,CAGGAA,CGAATTATGTT,GGGGAGCAGGT
4356,positive,5206,1.2857544422149658,VT65295|0|MEMB004E|-|2307,1662,no,CAGGAA,CGAATAATGTT,AGGGAGCAGGT
4357,positive,5206,1.2857544422149658,VT65295|0|MEMB005B|+|2303,1661,no,CAGGAA,CGAATAATGTT,GGGGAGCAGGT
4358,positive,5206,1.2857544422149658,VT65295|0|MEMB005D|-|2647,2006,no,CAGGAA,CGGATAATGTT,GGGGAGCAGGT
4359,positive,5206,1.2857544422149658,VT65295|0|MEMB006A|-|2731,2090,no,CAGGAA,CGGATAATGTT,GGGGAGCAGGT
4360,positive,5206,1.2857544422149658,VT65295|0|MEMB006B|-|2950,2318,no,CAGGAA,CGGATAATGTT,GGGGAGCAGGT
4361,positive,5206,1.2857544422149658,VT65295|0|MEMB006C|+|2238,1594,no,CAGGAA,CGAATAATGTT,GGGGAGCATGT
4362,positive,5206,1.2857544422149658,VT65295|0|MEMB007B|-|2640,1990,no,CAGGAA,CGTATAATGTT,GGGGAGCAGGT
4363,positive,5206,1.2857544422149658,VT65295|0|MEMB007C|+|2249,1615,no,CAGGAA,CGGATAATGTT,GGGGAGCAGGT
4364,positive,5206,1.2857544422149658,VT65295|0|MEMB007D|-|2925,2283,no,CAGGAA,CGAATTATGTT,TGGTAGGAGGT
4365,positive,5206,1.2857544422149658,VT65295|0|MEMB008C|-|2328,1684,no,CAGGAA,CGAACAATGTT,GGGCAGCAGGT
4366,positive,5206,1.2857544422149658,VT65295|0|dkik|-|3985,3340,no,CAGGAA,CGGATAATGTT,GGGGAGCAGGT
4367,negative,5316,-0.8841705322265625,VT65295|0|MEMB002A|+|3572,3032,no,CGGCCG,TCGAGGTGTTT,CTATCCGGAAC
4368,negative,5316,1.7007919549942017,VT65295|0|MEMB002C|-|3210,2670,no,CGAACG,TCGAGGTGTTT,CTTTCCGGAAC
4369,negative,5316,-0.29920801520347595,VT65295|0|MEMB002D|+|2569,2039,no,CAAATG,TCATCATGAAC,ATATGCGGAAC
4370,negative,5316,-0.29920801520347595,VT65295|0|MEMB002E|-|2184,1647,no,CCAATG,TCTTGATGTAC,ATATTCGGAAC
4371,negative,5316,3.2857544422149663,VT65295|0|MEMB002F|-|2530,1983,no,CTCACG,TCGAGGTGTTC,CTATCCGGAAC
4372,negative,5316,-2.8841705322265625,VT65295|0|MEMB003A|-|2218,1683,no,CGAGTG,TCACGATGTAC,CTTTCCGGAAC
4373,negative,5316,-0.29920801520347595,VT65295|0|MEMB003B|-|2439,1914,no,CGAATG,TCATGGTCTAC,TAATGAAGATC
4374,negative,5316,1.7007919549942017,VT65295|0|MEMB003C|+|2464,1924,no,CGAACG,TCGAGGTATAT,CTATCCGGAAC
4375,negative,5316,-2.8841705322265625,VT65295|0|MEMB003D|-|2218,1683,no,CGAGTG,TCACGATGTAC,CTTTCCGGAAC
4376,negative,5316,-0.29920801520347595,VT65295|0|MEMB003F|-|2339,1808,no,CGAAGG,TCATGATGTAC,CTATGACAACC
4377,negative,5316,-0.29920801520347595,VT65295|0|MEMB004B|+|2160,1628,no,CGAAGG,TCACGGTGTAC,CCAGGACTACC
4378,negative,5316,-1.5216004848480225,VT65295|0|MEMB004E|-|2307,1772,no,CGAAGA,TCATGATGTAC,TTATGGGGACC
4379,negative,5316,-0.29920801520347595,VT65295|0|MEMB005B|+|2303,1771,no,CGAAGG,TCATGGTGTAC,CCAGGAGTTCC
4380,negative,5316,1.7007919549942017,VT65295|0|MEMB005D|-|2647,2116,no,CCAACG,TCATGATGTTC,CTATGCGGAAC
4381,negative,5316,1.7007919549942017,VT65295|0|MEMB006A|-|2731,2200,no,CGAACG,TCATGATGTTC,CTACACGGAAC
4382,negative,5316,-0.29920801520347595,VT65295|0|MEMB006B|-|2950,2428,no,CGAATG,TCATAATGTAC,TTATGAGACAC
4383,negative,5316,-0.29920801520347595,VT65295|0|MEMB006C|+|2238,1704,no,CGAAGG,TCACTGTGTAC,TACGGAGTATC
4384,negative,5316,-0.8841705322265625,VT65295|0|MEMB007B|-|2640,2100,no,CGACCG,TCGAGGTGTTT,CTATCCGGAAC
4385,negative,5316,-0.29920801520347595,VT65295|0|MEMB007C|+|2249,1725,no,CGAATG,TCATCGTCTAC,GAATGAGGATC
4386,negative,5316,-0.29920801520347595,VT65295|0|MEMB007D|-|2925,2393,no,CTAATG,TCGTCGTGTAC,ATATCAGAGAC
4387,negative,5316,0.4783995747566223,VT65295|0|MEMB008C|-|2328,1794,no,CGAACA,TAATGATGTAC,CCCGGAGGCAA
4388,negative,5316,-2.8841705322265625,VT65295|0|dkik|-|3985,3450,no,CGAGTG,TCACGATGTAC,CTTTCCGGAAC
4389,positive,5341,0.5938767790794373,VT65295|0|MEMB002A|+|3572,3057,no,CCATTG,TAGGTGGTGAC,GGCGCGCATTA
4390,positive,5341,0.5938767790794373,VT65295|0|MEMB002C|-|3210,2695,no,CCATTG,AAGGTGGTGAC,GGCGCGCATTA
4391,positive,5341,-2.991085767745972,VT65295|0|MEMB002D|+|2569,2064,no,AGTTGC,TATTCGCTATC,GGCGCGCAATA
4392,positive,5341,1.5938767194747925,VT65295|0|MEMB002E|-|2184,1672,no,GAATTT,TATTCGCTGTT,TTCAAGCAATC
4393,positive,5341,3.1788392066955566,VT65295|0|MEMB002F|-|2530,2008,no,CAATTG,TAGTTAGAGAC,GGCCTGCAGTA
4394,positive,5341,1.5938767194747925,VT65295|0|MEMB003A|-|2218,1708,no,AAATTG,AAGTCGCTTTC,CTCGCGCAATA
4395,positive,5341,1.5938767194747925,VT65295|0|MEMB003B|-|2439,1939,no,AAATAG,TTATTGCTTTC,AGTGGACAATT
4396,positive,5341,0.5938767790794373,VT65295|0|MEMB003C|+|2464,1949,no,CCATTG,TAGGTGGTGAC,GGCGCGCATTA
4397,positive,5341,1.5938767194747925,VT65295|0|MEMB003D|-|2218,1708,no,AAATTG,AAGTCGCTTTC,GTCGCGCAATA
4398,positive,5341,1.5938767194747925,VT65295|0|MEMB003F|-|2339,1833,no,GAATTT,TAGTTGCTGGC,GGCGCGCAGTA
4399,positive,5341,1.5938767194747925,VT65295|0|MEMB004B|+|2160,1653,no,AACTTT,TGGTCGCTTTT,TTTGCGCAACT
4400,positive,5341,1.5938767194747925,VT65295|0|MEMB004E|-|2307,1797,no,AAATGT,TAATCGGTTGG,TTCTCGAAATC
4401,positive,5341,-0.4061232209205627,VT65295|0|MEMB005B|+|2303,1796,no,AATTTT,TGGTTGCTGTT,TTCGCGCATTA
4402,positive,5341,1.0633620023727417,VT65295|0|MEMB005D|-|2647,2141,no,AAACGG,TAGGTGCTGGG,GTTGCGCAATC
4403,positive,5341,1.0633620023727417,VT65295|0|MEMB006A|-|2731,2225,no,AAACGG,TAGGTGCTGGG,GTCGCGCAATC
4404,positive,5341,-0.4061232209205627,VT65295|0|MEMB006B|-|2950,2453,no,AATTTG,TAAGTGCTTTG,GGTGCGCAATA
4405,positive,5341,-0.4061232209205627,VT65295|0|MEMB006C|+|2238,1729,no,AATTTG,GTATCAGTTTG,TTGACGCAATC
4406,positive,5341,0.5938767790794373,VT65295|0|MEMB007B|-|2640,2125,no,CCATTG,TAGGTGGTGAC,GGCGCGCATTA
4407,positive,5341,1.5938767194747925,VT65295|0|MEMB007C|+|2249,1750,no,AAATAG,TTCTTGCTTTC,GGTGGCCAATT
4408,positive,5341,0.4783995747566223,VT65295|0|MEMB007D|-|2925,2418,no,GAAATG,TATGTGCTTAC,GGTACGCAACA
4409,positive,5341,3.1788392066955566,VT65295|0|MEMB008C|-|2328,1819,no,CAATTG,GGGTTGCTGTT,TTCGCGCAATA
4410,positive,5341,1.5938767194747925,VT65295|0|dkik|-|3985,3475,no,AAATTG,AAGTCGCTTTG,CTCGCGCAATA
4411,positive,12,1.2857544422149658,VT65295|0|MEMB002A|+|3572,12,no,CAGGCA,GTGTCCCCGGC,GCAGCACAGTG
4412,positive,12,1.2857544422149658,VT65295|0|MEMB002B|-|1683,12,no,CAGGCA,GTGTCCCCGGC,GCAGCACAGTG
4413,positive,12,1.2857544422149658,VT65295|0|MEMB002C|-|3210,12,no,CAGGCA,GTGTCCCCGGC,GCAGCACAGTG
4414,positive,12,1.2857544422149658,VT65295|0|MEMB002D|+|2569,12,no,CAGGCA,GTGTCCCCGGC,GCAGCACAATG
4415,positive,12,1.2857544422149658,VT65295|0|MEMB002E|-|2184,12,no,CAGGCA,GTGTCCCCGGC,GCAGCACAATG
4416,positive,12,1.2857544422149658,VT65295|0|MEMB002F|-|2530,12,no,CAGGCA,GTGTCTCCGGC,GCAGCACAATG
4417,positive,12,3.2857544422149663,VT65295|0|MEMB003A|-|2218,12,no,CAAGCA,GTGTCTCCGGC,GCAGCACACTG
4418,positive,12,0.06336206197738647,VT65295|0|MEMB003B|-|2439,12,no,CAGACA,GTGTCCCCTGC,GCAGCAGAATG
4419,positive,12,3.2857544422149663,VT65295|0|MEMB003D|-|2218,12,no,CAAGCA,GTGTCTCCGGC,GCAGCACACTG
4420,positive,12,1.2857544422149658,VT65295|0|MEMB003F|-|2339,12,no,CAGGCA,GTGTCCCCGGC,GCAGCACAATG
4421,positive,12,1.2857544422149658,VT65295|0|MEMB004A|-|1649,12,no,CAGGCA,GTGTCCCCGGC,GCAGCATAGTG
4422,positive,12,0.06336206197738647,VT65295|0|MEMB004B|+|2160,12,no,CAGACA,GTGTCCCCGGC,GCAGCAAAATG
4423,positive,12,1.2857544422149658,VT65295|0|MEMB004E|-|2307,12,no,CAGGCA,GTGTCCCCGGC,GCAGCACAATG
4424,positive,12,1.2857544422149658,VT65295|0|MEMB005B|+|2303,12,no,CAGGCA,GTGTCCCCGGC,GCAGCAAAATG
4425,positive,12,1.2857544422149658,VT65295|0|MEMB005D|-|2647,12,no,CAGGCA,GTGTCCCCCGC,GCAGCACAGTG
4426,positive,12,1.2857544422149658,VT65295|0|MEMB006A|-|2731,12,no,CAGGCA,GTGTCCCCTGC,GCAGCACAATG
4427,positive,12,1.2857544422149658,VT65295|0|MEMB006B|-|2950,12,no,CATGCA,GTGTCCCCTGC,GCAGCAGAATG
4428,positive,12,1.2857544422149658,VT65295|0|MEMB006C|+|2238,12,no,CAGGCA,GTGTCCCCGGC,GCAGCAAAATG
4429,positive,12,1.2857544422149658,VT65295|0|MEMB007B|-|2640,12,no,CAGGCA,GTGTCCCCGGC,GCAGCACAGTG
4430,positive,12,1.2857544422149658,VT65295|0|MEMB007C|+|2249,12,no,CAGGCA,GTGTCCCCTGC,GCAGCAAAATG
4431,positive,12,1.2857544422149658,VT65295|0|MEMB007D|-|2925,12,no,CAGGCA,GTGTCTCCGGT,GCAGCATAATG
4432,positive,12,1.2857544422149658,VT65295|0|MEMB008C|-|2328,12,no,CAGGCA,GTGTCCCCGGC,GCAGCAAAATG
4433,positive,12,3.2857544422149663,VT65295|0|dkik|-|3985,12,no,CAAGCA,GTGTCTCCGGC,GCAGCACACTG
4434,positive,33,0.6483245491981506,VT65295|0|MEMB002A|+|3572,33,no,CAGCTG,CACAGTGCCAC,CTTGGTTCCGT
4435,positive,33,0.6483245491981506,VT65295|0|MEMB002B|-|1683,33,no,CAGCCG,CACAGTGCCAC,CCTGGCTCCCT
4436,positive,33,0.6483245491981506,VT65295|0|MEMB002C|-|3210,33,no,CAGCTG,CACAGTGCCAC,CTTGCTTCCGT
4437,positive,33,1.1788393259048462,VT65295|0|MEMB002D|+|2569,33,no,CATTTG,CACAATGCCAC,CTTAGTGCCTG
4438,positive,33,1.1788393259048462,VT65295|0|MEMB002E|-|2184,33,no,CATTTG,CACAATGCCAC,CATAGCGCCCG
4439,positive,33,0.6483245491981506,VT65295|0|MEMB002F|-|2530,33,no,CAGCTG,CACAATGCCAC,CCTGGTTCCCC
4440,positive,33,3.2857544422149663,VT65295|0|MEMB003A|-|2218,33,no,CAAGAG,CACACTGCAAC,CCGCGTGCCCA
4441,positive,33,1.2857544422149658,VT65295|0|MEMB003B|-|2439,33,no,CATGTG,CAGAATGCCAC,CCTTGTGCCCG
4442,positive,33,-1.4061232805252075,VT65295|0|MEMB003C|+|2464,24,no,ctgttg,gtctctgacat,tttcacacgga
4443,positive,33,2.0633621215820312,VT65295|0|MEMB003D|-|2218,33,no,CAAAAG,CACACTGCAAC,CCGCGTGCCCA
4444,positive,33,1.1788393259048462,VT65295|0|MEMB003F|-|2339,33,no,CATTTG,CACAATGCCAC,CCTTGCCCCGA
4445,positive,33,0.6483245491981506,VT65295|0|MEMB004A|-|1649,33,no,CAGCCG,CATAGTGCCAC,CCTGGCTCCCT
4446,positive,33,1.1788393259048462,VT65295|0|MEMB004B|+|2160,33,no,CATTTG,CAAAATGCCAC,CCTTGCCCCGA
4447,positive,33,1.1788393259048462,VT65295|0|MEMB004E|-|2307,33,no,CATTTG,CACAATGCCAC,CCTTGCCCCGA
4448,positive,33,1.1788393259048462,VT65295|0|MEMB005B|+|2303,33,no,CATTTG,CAAAATGCCAC,CCTTGCCGCGA
4449,positive,33,1.1788393259048462,VT65295|0|MEMB005D|-|2647,33,no,CATTTG,CACAGTGCCAC,CCTTGCGCCCG
4450,positive,33,1.1788393259048462,VT65295|0|MEMB006A|-|2731,33,no,CATTTG,CACAATGCCAC,CCTTGCCCCCA
4451,positive,33,1.2857544422149658,VT65295|0|MEMB006B|-|2950,33,no,CATGTG,CAGAATGCCAC,CCTTGTGCCCG
4452,positive,33,1.1788393259048462,VT65295|0|MEMB006C|+|2238,33,no,CATTTG,CAAAATGCCAC,CTTTGCCCCGA
4453,positive,33,1.1788393259048462,VT65295|0|MEMB007B|-|2640,33,no,CAGTTG,CACAGTGCCAC,CTGGGTTCCCT
4454,positive,33,1.2857544422149658,VT65295|0|MEMB007C|+|2249,33,no,CATGTG,CAAAATGCCAC,CTTTGTGCCCG
4455,positive,33,1.1788393259048462,VT65295|0|MEMB007D|-|2925,33,no,CATTTG,CATAATGCCAC,CCTTGTTCCCG
4456,positive,33,1.1788393259048462,VT65295|0|MEMB008C|-|2328,33,no,CATTTG,CAAAATGCCAC,CCTTGCCCCGA
4457,positive,33,3.2857544422149663,VT65295|0|dkik|-|3985,33,no,CAAGAG,CACACTGCAAC,CCGCGTGCCCA
4458,positive,71,-1.4061232805252075,VT65295|0|MEMB002A|+|3572,71,no,CCTTCC,CCCAATTGTGG,GACTGTCGATG
4459,positive,71,-2.991085767745972,VT65295|0|MEMB002B|-|1683,71,no,ACTTCC,CGAAATTTTGG,GACTATCGATG
4460,positive,71,-1.4061232805252075,VT65295|0|MEMB002C|-|3210,71,no,CCTTCC,CCCAATAGTGG,GACTCTCGATG
4461,positive,71,2.7007920742034908,VT65295|0|MEMB002D|+|2569,71,no,TACGCC,CGCTATTTCGG,TACTCTCGATG
4462,positive,71,0.5938767790794373,VT65295|0|MEMB002E|-|2184,71,no,TATTCC,CCCAATTTTTG,GACTCTCGATG
4463,positive,71,-2.991085767745972,VT65295|0|MEMB002F|-|2530,71,no,ATTTCC,CCCAATTGTGG,GACTATCGATG
4464,positive,71,3.1788392066955566,VT65295|0|MEMB003A|-|2218,71,no,CACTCC,CCCAATTTTGG,GACTCTCGATG
4465,positive,71,-0.4061232209205627,VT65295|0|MEMB003B|-|2439,71,no,AAGTTC,TCCAATTTTGG,GACTCTCGATG
4466,positive,71,3.1788392066955566,VT65295|0|MEMB003D|-|2218,71,no,CACTCC,CCCAATTTTGG,GTCTCTCGATG
4467,positive,71,1.1788393259048462,VT65295|0|MEMB003F|-|2339,71,no,CATTCC,TCCAATTTTGG,GACTCCCGATT
4468,positive,71,-2.991085767745972,VT65295|0|MEMB004A|-|1649,71,no,ACTTCC,CGAAATTTTGG,GACTATCGATG
4469,positive,71,1.1788393259048462,VT65295|0|MEMB004B|+|2160,71,no,CATTCC,TCCGATTTTGG,TACTTTCGATT
4470,positive,71,2.593876838684082,VT65295|0|MEMB004E|-|2307,71,no,TACTTC,CCCAATTTTGG,GACTCTCGACA
4471,positive,71,2.0633621215820312,VT65295|0|MEMB005B|+|2303,71,no,TACCCC,CCCAATTTTGG,TACTTTCGATT
4472,positive,71,-1.4061232805252075,VT65295|0|MEMB005D|-|2647,71,no,CCTTCC,CCCAATTTTGG,GACTATCAATG
4473,positive,71,-1.4061232805252075,VT65295|0|MEMB006A|-|2731,71,no,CCTTTC,CCCAATTTTGG,GACTCTCAATC
4474,positive,71,2.593876838684082,VT65295|0|MEMB006B|-|2950,71,no,TACTTC,ACCAATTTTGG,GACTCTCAATG
4475,positive,71,2.593876838684082,VT65295|0|MEMB006C|+|2238,71,no,TACTCC,CCCAATTTTGG,GATTTTCGATA
4476,positive,71,-1.4061232805252075,VT65295|0|MEMB007B|-|2640,71,no,CCTTCC,CCCAATTTTGG,GACTGTCGATG
4477,positive,71,3.1788392066955566,VT65295|0|MEMB007C|+|2249,71,no,CACTTC,TCCAATCTTGG,GACTCTCGATG
4478,positive,71,-1.4061232805252075,VT65295|0|MEMB007D|-|2925,71,no,CGTTCC,CCCAATGGTTA,GACCCTCGATT
4479,positive,71,-1.4061232805252075,VT65295|0|MEMB008C|-|2328,71,no,CTTTCC,CCCAATTTTGG,TACTCTCGATT
4480,positive,71,3.1788392066955566,VT65295|0|dkik|-|3985,71,no,CACTCC,CCCAATTTTGG,GACTCTCGATG
4481,positive,95,0.7007919549942017,VT65295|0|MEMB002A|+|3572,95,no,CCAGCA,GATGTACGGAT,CTGCCAGCCAC
4482,positive,95,0.7007919549942017,VT65295|0|MEMB002B|-|1683,95,no,CCAGCA,GATGTACGGAT,CTGCCAGCCAC
4483,positive,95,0.7007919549942017,VT65295|0|MEMB002C|-|3210,95,no,CCAGCA,GATGTACGGAT,CTGCCAGCCAC
4484,positive,95,0.7007919549942017,VT65295|0|MEMB002D|+|2569,95,no,CGAGCA,GATGAGTGGAT,TTGCCAGCCAC
4485,positive,95,0.7007919549942017,VT65295|0|MEMB002E|-|2184,95,no,CGAGTA,GATGAGAGGAT,TTGCCAGCCAC
4486,positive,95,0.7007919549942017,VT65295|0|MEMB002F|-|2530,95,no,CCAGCA,GATGTACGGAT,CTGCCAGCCAC
4487,positive,95,3.2857544422149663,VT65295|0|MEMB003A|-|2218,95,no,CAAGCA,GATGAGGGGAT,CTGCCAGCCAC
4488,positive,95,0.7007919549942017,VT65295|0|MEMB003B|-|2439,95,no,CGAGGA,GATGAGCGGAT,TTGCCATCCAC
4489,positive,95,-2.5216004848480225,VT65295|0|MEMB003C|+|2464,65,no,cggaca,agacggacaga,tggctaaaacg
4490,positive,95,3.2857544422149663,VT65295|0|MEMB003D|-|2218,95,no,CAAGCA,GATGAGGGGAT,CTGCCAGCCAC
4491,positive,95,0.7007919549942017,VT65295|0|MEMB003F|-|2339,95,no,CTAGCA,GATTAGCGGGT,CTGCCAGCCAC
4492,positive,95,0.7007919549942017,VT65295|0|MEMB004A|-|1649,95,no,CCAGCA,GATGTACGGAT,CTGCCAGCCAT
4493,positive,95,0.7007919549942017,VT65295|0|MEMB004B|+|2160,95,no,CGAGCA,GATTAGCGGGT,CTGCCAGCCAC
4494,positive,95,0.7007919549942017,VT65295|0|MEMB004E|-|2307,95,no,CGAGCA,GACAAGTGGAT,GTGCCAGCCAC
4495,positive,95,0.7007919549942017,VT65295|0|MEMB005B|+|2303,95,no,CGAGTA,GATTAGTGGGT,TTGCCAGCCAC
4496,positive,95,0.7007919549942017,VT65295|0|MEMB005D|-|2647,95,no,CGAGCA,AATGAGCGGAT,ATGCCAGCCAC
4497,positive,95,0.7007919549942017,VT65295|0|MEMB006A|-|2731,95,no,CGAGCA,AATCAGCGGAT,GTGCCAGCCAC
4498,positive,95,0.7007919549942017,VT65295|0|MEMB006B|-|2950,95,no,CGAGCA,AATGAGTGGAT,CAGCCAGCCAC
4499,positive,95,0.7007919549942017,VT65295|0|MEMB006C|+|2238,95,no,CGAGCA,GATAAGCGGGT,CTGCCAGCCAC
4500,positive,95,0.7007919549942017,VT65295|0|MEMB007B|-|2640,95,no,CCAGCA,GATGTACGGAT,CTGCCAGCCAC
4501,positive,95,0.7007919549942017,VT65295|0|MEMB007C|+|2249,95,no,CGAGGA,GATGAGCGGAT,TTGCCATCCAC
4502,positive,95,0.7007919549942017,VT65295|0|MEMB007D|-|2925,95,no,CGAGCA,GATTAGCGGAT,CTGCCAGCCAC
4503,positive,95,0.7007919549942017,VT65295|0|MEMB008C|-|2328,95,no,CGAGAA,GATTAGCGGGT,TTGCCAGCCAC
4504,positive,95,3.2857544422149663,VT65295|0|dkik|-|3985,95,no,CAAGCA,GATGAGGGGAT,CTGCCAGCCAC
4505,positive,132,0.5938767790794373,VT65295|0|MEMB002A|+|3572,122,no,CGATCT,CTTCCGCTTCT,CGAAGCGATCC
4506,positive,132,0.5938767790794373,VT65295|0|MEMB002B|-|1683,122,no,CGATCT,CTTGCGCTTCT,CGAAGCGATCC
4507,positive,132,0.5938767790794373,VT65295|0|MEMB002C|-|3210,122,no,CGATCT,CTTCCGCTTCT,CGAAGCGATCC
4508,positive,132,0.5938767790794373,VT65295|0|MEMB002D|+|2569,122,no,CGATCT,CTTGCGTTTCT,GATATCGATCC
4509,positive,132,0.5938767790794373,VT65295|0|MEMB002E|-|2184,122,no,CGATCT,CTTGCGTTTCT,GATATCGATCC
4510,positive,132,0.5938767790794373,VT65295|0|MEMB002F|-|2530,122,no,CGATCT,CTTGCGCTTCT,CGAAGCGATCC
4511,positive,132,3.1788392066955566,VT65295|0|MEMB003A|-|2218,122,no,CAATCT,CTTGCGTTTCT,CAAATCGATCC
4512,positive,132,0.5938767790794373,VT65295|0|MEMB003B|-|2439,122,no,CGATCT,CTTGCGTTTCT,CATATCGATCC
4513,positive,132,3.1788392066955566,VT65295|0|MEMB003D|-|2218,122,no,CAATCT,CTTGCGTTTCT,CAAATCGATCC
4514,positive,132,0.5938767790794373,VT65295|0|MEMB003F|-|2339,122,no,CGATCT,CTTGCGTTTCT,GGTATCGATCC
4515,positive,132,0.5938767790794373,VT65295|0|MEMB004A|-|1649,122,no,CGATCT,TTTGCGCTTCT,CGAAGCGATCC
4516,positive,132,0.5938767790794373,VT65295|0|MEMB004B|+|2160,122,no,CGATCT,CTTGCGTTTCT,GAAATCGATCC
4517,positive,132,0.5938767790794373,VT65295|0|MEMB004E|-|2307,122,no,CGATCT,CTTGCGTTTCT,GATATCGATCC
4518,positive,132,0.5938767790794373,VT65295|0|MEMB005B|+|2303,122,no,CGATCT,CTTGCGTTTCT,GATATCGATCC
4519,positive,132,0.5938767790794373,VT65295|0|MEMB005D|-|2647,122,no,CGATCT,CTTCCGCTTCT,CATATCGGTCC
4520,positive,132,0.5938767790794373,VT65295|0|MEMB006A|-|2731,122,no,CGATCT,CTTCCGTTTCT,CATATCGGTCC
4521,positive,132,3.1788392066955566,VT65295|0|MEMB006B|-|2950,122,no,CAATCT,CTTGCGTTTCT,GATATCGGTCC
4522,positive,132,0.5938767790794373,VT65295|0|MEMB006C|+|2238,122,no,CGATCT,CTTGCGTTTCT,GATGTCGGTCC
4523,positive,132,0.5938767790794373,VT65295|0|MEMB007B|-|2640,122,no,CGATCT,CTTCCGCTTCT,CGAAGCGATCC
4524,positive,132,0.5938767790794373,VT65295|0|MEMB007C|+|2249,122,no,CGATCT,CTTGCGTTTCT,CATATCGATCC
4525,positive,132,3.1788392066955566,VT65295|0|MEMB007D|-|2925,122,no,CAATCT,CTTGCGCTTCT,GGAAACGATCC
4526,positive,132,0.5938767790794373,VT65295|0|MEMB008C|-|2328,122,no,CGATCT,CTTGCGTTTCT,GATATCGATCC
4527,positive,132,3.1788392066955566,VT65295|0|dkik|-|3985,122,no,CAATCT,CTTGCGTTTCT,CAAATCGATCC
4528,negative,1754,-0.5216004252433777,VT65295|0|MEMB002A|+|3572,1609,no,TATATA,CGGGCAAGCAC,TAATACTCTTT
4529,negative,1754,0.5938767790794373,VT65295|0|MEMB002B|-|1683,805,no,TATATT,CGGGCAAGACG,AAATGCCCTTA
4530,negative,1754,-0.5216004252433777,VT65295|0|MEMB002C|-|3210,1255,no,TATATA,CGGGCAAGCAC,TAATACTCTTT
4531,negative,1754,2.7007920742034908,VT65295|0|MEMB002D|+|2569,632,no,TGTACG,TGAGCAAGGTG,TAAGGTCGTTA
4532,negative,1754,2.0633621215820312,VT65295|0|MEMB002E|-|2184,630,no,TGCACA,TGAGCAAGGTG,TAAGGTCATGA
4533,negative,1754,-0.5216004252433777,VT65295|0|MEMB002F|-|2530,802,no,TATATA,TGGGCAAGACG,AAATGCCGCTC
4534,negative,1754,3.1788392066955566,VT65295|0|MEMB003A|-|2218,581,no,TGCACT,TGAACAAGGTG,TATGGTCATTA
4535,negative,1754,3.1788392066955566,VT65295|0|MEMB003B|-|2439,627,no,TGCACT,TGAGCAAGGTG,TAAGATCATTA
4536,negative,1754,-0.5216004252433777,VT65295|0|MEMB003C|+|2464,532,no,TATATA,CGGGCAAGCAC,TAATTCTCTTT
4537,negative,1754,3.1788392066955566,VT65295|0|MEMB003D|-|2218,581,no,TGCACT,TGAACAAGGTG,TATGGTCATTA
4538,negative,1754,3.1788392066955566,VT65295|0|MEMB003F|-|2339,634,no,TGCACT,TAAGCAAGATG,TAAGACCATTG
4539,negative,1754,0.5938767790794373,VT65295|0|MEMB004A|-|1649,800,no,TATATT,CGGGCAAGACG,AAATGCCCTTA
4540,negative,1754,2.648324489593506,VT65295|0|MEMB004B|+|2160,601,no,TGCACC,TGAGCAAGGTG,TAAGGTCATTA
4541,negative,1754,-0.5216004252433777,VT65295|0|MEMB004E|-|2307,635,no,TGCGCA,TGAGCAAGGTG,GGATAAGGTTG
4542,negative,1754,2.648324489593506,VT65295|0|MEMB005B|+|2303,616,no,TGCACC,TGAGCAAGGTG,TAAGGTCATTA
4543,negative,1754,2.0633621215820312,VT65295|0|MEMB005D|-|2647,612,no,TGCACA,TGACCAAGGTG,TAAGATCATTA
4544,negative,1754,2.0633621215820312,VT65295|0|MEMB006A|-|2731,635,no,TGCACA,TGACCAAGGTG,TAAGATCATTA
4545,negative,1754,0.6483245491981506,VT65295|0|MEMB006B|-|2950,645,no,TGCATC,TGAGCAAGGTG,TAAGATCATTA
4546,negative,1754,3.2857544422149663,VT65295|0|MEMB006C|+|2238,624,no,TGCACG,TGACCCATGTG,TAAGGTCATTG
4547,negative,1754,-0.5216004252433777,VT65295|0|MEMB007B|-|2640,702,no,TATATA,CGGGCAAGCAC,GAATACTCTTG
4548,negative,1754,3.1788392066955566,VT65295|0|MEMB007C|+|2249,593,no,TGCACT,TGAGCAAGGTG,TAAGATCATTA
4549,negative,1754,1.1788393259048462,VT65295|0|MEMB007D|-|2925,988,no,TGCATT,TGACCAAGGCG,TAATGCTCGTT
4550,negative,1754,2.0633621215820312,VT65295|0|MEMB008C|-|2328,636,no,TGCACA,TGAGCAAGGTG,TAAGGTCATTA
4551,negative,1754,3.1788392066955566,VT65295|0|dkik|-|3985,581,no,TGCACT,TGAACAAGGTG,TATGGTCATTA
4552,negative,1914,1.1788393259048462,VT65295|0|MEMB002A|+|3572,1769,no,TCCATT,GACTATGTGGT,AAATAGTTCAA
4553,negative,1914,1.1788393259048462,VT65295|0|MEMB002B|-|1683,965,no,AACATT,GATTATGTGGT,ATATAGTTTAT
4554,negative,1914,1.1788393259048462,VT65295|0|MEMB002C|-|3210,1415,no,TCCATT,GACTATGTGGT,AAATAGTTCAA
4555,negative,1914,2.648324489593506,VT65295|0|MEMB002D|+|2569,792,no,ACCAAC,GACTTCGTGGT,AACTCACTAAA
4556,negative,1914,2.648324489593506,VT65295|0|MEMB002E|-|2184,790,no,ACCAAC,GACTTCGTCGT,ATTTTATAAGA
4557,negative,1914,1.1788393259048462,VT65295|0|MEMB002F|-|2530,962,no,ACCATT,GATTATGTGGT,AAATAGTTAAA
4558,negative,1914,3.1788392066955566,VT65295|0|MEMB003A|-|2218,741,no,ACCAAT,GATTACGTGGT,AAGTCATACAA
4559,negative,1914,-1.9366379976272583,VT65295|0|MEMB003B|-|2439,787,no,AACGGC,GATTACGTGGT,ATCTCATTAAA
4560,negative,1914,1.1788393259048462,VT65295|0|MEMB003C|+|2464,692,no,TCCATT,GACTATGTGGT,AAATAGTTCAA
4561,negative,1914,3.1788392066955566,VT65295|0|MEMB003D|-|2218,741,no,ACCAAT,GATTACGTGGT,AAGTCATACAA
4562,negative,1914,-0.9910857081413268,VT65295|0|MEMB003F|-|2339,794,no,ACAGAT,GATTTCGTGGT,AAGTCATTAAA
4563,negative,1914,1.1788393259048462,VT65295|0|MEMB004A|-|1649,960,no,AACATT,GATTATGTGGT,ATATAGTTTAT
4564,negative,1914,1.5938767194747925,VT65295|0|MEMB004B|+|2160,761,no,ACGAAT,GATTTCGTGGT,AACTCATTAAA
4565,negative,1914,1.5938767194747925,VT65295|0|MEMB004E|-|2307,792,no,CCGAAT,GATTTCGTGGT,AACTCCTTAAG
4566,negative,1914,1.5938767194747925,VT65295|0|MEMB005B|+|2303,776,no,ACGAAT,GATTTCGTGGT,AACTCATTAAA
4567,negative,1914,3.1788392066955566,VT65295|0|MEMB005D|-|2647,772,no,ACCAAT,GATTTCGTGGT,AACTCACTAAA
4568,negative,1914,0.06336206197738647,VT65295|0|MEMB006A|-|2731,795,no,ACCGAC,GATTACGTGGT,ATTTCGTTAAA
4569,negative,1914,-1.5216004848480225,VT65295|0|MEMB006B|-|2950,805,no,AAGGAC,GATTACGTGGT,ATATCGTTAAT
4570,negative,1914,-0.9910857081413268,VT65295|0|MEMB006C|+|2238,784,no,ATGGAT,GATTTCGTGGT,ATCTCATTAAA
4571,negative,1914,1.1788393259048462,VT65295|0|MEMB007B|-|2640,862,no,TCCATT,GACTATGTGGT,AAATAGTTCAA
4572,negative,1914,-2.8841705322265625,VT65295|0|MEMB007C|+|2249,753,no,AGGGGG,GATTACGTGGT,ATCTCATTAGA
4573,negative,1914,1.5938767194747925,VT65295|0|MEMB007D|-|2925,1148,no,AAGAAT,GATTTCGTTGT,ATAACCTACAT
4574,negative,1914,-0.4061232209205627,VT65295|0|MEMB008C|-|2328,796,no,ACGAGT,GACTTCGTAGT,AACTCATTAAA
4575,negative,1914,3.1788392066955566,VT65295|0|dkik|-|3985,741,no,ACCAAT,GATTACGTGGT,AAGTTATACAA
4576,negative,1928,0.4783995747566223,VT65295|0|MEMB002A|+|3572,1783,no,CCGAAA,TAGTTCAATCC,CGTCGAACGCC
4577,negative,1928,-1.5216004848480225,VT65295|0|MEMB002B|-|1683,979,no,CCGATA,TAGTTTATAAC,CGTCGAACGCC
4578,negative,1928,0.4783995747566223,VT65295|0|MEMB002C|-|3210,1429,no,CCGAAA,TAGTTCAATCC,CGTCGAACGCC
4579,negative,1928,1.0633620023727417,VT65295|0|MEMB002D|+|2569,806,no,CCGAAC,TCACTAAAACC,CCACCAAAACC
4580,negative,1928,-0.4061232209205627,VT65295|0|MEMB002E|-|2184,804,no,CCGATT,TTATAAGAACC,TCACGAAAACC
4581,negative,1928,0.4783995747566223,VT65295|0|MEMB002F|-|2530,976,no,CCGAAA,TAGTTAAAACC,TACCGAACGCC
4582,negative,1928,3.2857544422149663,VT65295|0|MEMB003A|-|2218,755,no,CCCAAG,TCATACAAACC,TTACGAATTCC
4583,negative,1928,-0.9366379380226136,VT65295|0|MEMB003B|-|2439,801,no,CCGATC,TCATTAAAAAC,CCACGAAAATC
4584,negative,1928,0.4783995747566223,VT65295|0|MEMB003C|+|2464,706,no,CCGAAA,TAGTTCAATCC,CGTCGAACGCC
4585,negative,1928,3.2857544422149663,VT65295|0|MEMB003D|-|2218,755,no,CCCAAG,TCATACAAACC,CTACGAATTCC
4586,negative,1928,1.7007919549942017,VT65295|0|MEMB003F|-|2339,808,no,CCGAAG,TCATTAAAACA,CCACGAGAGCC
4587,negative,1928,-1.5216004848480225,VT65295|0|MEMB004A|-|1649,974,no,CCGATA,TAGTTTATAAC,CGTCGAACGCC
4588,negative,1928,1.0633620023727417,VT65295|0|MEMB004B|+|2160,775,no,CTGAAC,TCATTAAAACG,CCACGAAAACC
4589,negative,1928,1.0633620023727417,VT65295|0|MEMB004E|-|2307,806,no,CCGAAC,TCCTTAAGCCG,CCACGAAAGCC
4590,negative,1928,1.0633620023727417,VT65295|0|MEMB005B|+|2303,790,no,CCGAAC,TCATTAAAACG,CCACGAGAACC
4591,negative,1928,1.0633620023727417,VT65295|0|MEMB005D|-|2647,786,no,CCGAAC,TCACTAAAACC,CCACGAAAACC
4592,negative,1928,-0.4061232209205627,VT65295|0|MEMB006A|-|2731,809,no,CCGATT,TCGTTAAAACC,CCACGAAAACA
4593,negative,1928,-1.5216004848480225,VT65295|0|MEMB006B|-|2950,819,no,CCGATA,TCGTTAATAAG,CCACGACAACA
4594,negative,1928,-0.9366379380226136,VT65295|0|MEMB006C|+|2238,798,no,CCGATC,TCATTAAAATG,CCACGAGAGCC
4595,negative,1928,0.4783995747566223,VT65295|0|MEMB007B|-|2640,876,no,CCGAAA,TAGTTCAATCC,CGTCGAACGCC
4596,negative,1928,-0.9366379380226136,VT65295|0|MEMB007C|+|2249,767,no,CCGATC,TCATTAGAAGG,ACACGAAAACC
4597,negative,1928,-1.5216004848480225,VT65295|0|MEMB007D|-|2925,1162,no,CTGATA,ACCTACATAAG,CCTCGAACAGC
4598,negative,1928,1.0633620023727417,VT65295|0|MEMB008C|-|2328,810,no,CCGAAC,TCATTAAAACG,CCACGAGAACC
4599,negative,1928,3.2857544422149663,VT65295|0|dkik|-|3985,755,no,CCCAAG,TTATACAAACC,CTACGAATTCC
4600,negative,2049,1.1788393259048462,VT65295|0|MEMB002A|+|3572,1904,no,GCCATT,ATTTTGGAACG,ATGCCGCCTTC
4601,negative,2049,1.1788393259048462,VT65295|0|MEMB002B|-|1683,1100,no,GCCATT,ATTCTGGAACG,ATGCCGCCTTC
4602,negative,2049,1.1788393259048462,VT65295|0|MEMB002C|-|3210,1550,no,GCCATT,ATTTTGGAACG,ATGCCGCCTTC
4603,negative,2049,2.593876838684082,VT65295|0|MEMB002D|+|2569,927,no,ACTACT,GTTTTGGAGCT,ATGCCGCCTTC
4604,negative,2049,1.1788393259048462,VT65295|0|MEMB002E|-|2184,925,no,GCCATT,GTTTTGGAGCG,ATGCCGCCTTC
4605,negative,2049,1.1788393259048462,VT65295|0|MEMB002F|-|2530,1097,no,GCCATT,ATTTTGGAACG,ATGCCGCCTTC
4606,negative,2049,3.1788392066955566,VT65295|0|MEMB003A|-|2218,876,no,ACCACT,GTTTTGGAACG,ATGCCGCCTTC
4607,negative,2049,1.1788393259048462,VT65295|0|MEMB003B|-|2439,922,no,GCCATT,CTTCTGGATCG,ATGCCGCCTTC
4608,negative,2049,1.1788393259048462,VT65295|0|MEMB003C|+|2464,827,no,GCCATT,ATTTTGGAACG,ATGCCGCCTTC
4609,negative,2049,3.1788392066955566,VT65295|0|MEMB003D|-|2218,876,no,ACCACT,GTTTTGGAACG,ATGCCGCCTTC
4610,negative,2049,3.1788392066955566,VT65295|0|MEMB003F|-|2339,929,no,GCCACT,GTTTTGGAACG,ATGCCGCCTTC
4611,negative,2049,1.1788393259048462,VT65295|0|MEMB004A|-|1649,1095,no,GCCATT,ATTCTGGAACG,ATGCCGCCTTC
4612,negative,2049,3.1788392066955566,VT65295|0|MEMB004B|+|2160,896,no,GCCACT,GTATTGCAACG,ATGCCGCCTTT
4613,negative,2049,3.1788392066955566,VT65295|0|MEMB004E|-|2307,927,no,GCCACT,GTTTTGCAACG,ATGCCGCCTTT
4614,negative,2049,3.1788392066955566,VT65295|0|MEMB005B|+|2303,911,no,GCCACT,GTTTTGCAACG,ATGCCGCCTTC
4615,negative,2049,-0.4061232209205627,VT65295|0|MEMB005D|-|2647,907,no,GCGATT,GTCTTGGAACG,ATGCCGCATTC
4616,negative,2049,1.1788393259048462,VT65295|0|MEMB006A|-|2731,930,no,GCCATT,GTCTTGGAACG,ATGCCGCCTTC
4617,negative,2049,0.5938767790794373,VT65295|0|MEMB006B|-|2950,940,no,GCTATT,CTTTTGGAACG,ATGCCGCCTTC
4618,negative,2049,2.648324489593506,VT65295|0|MEMB006C|+|2238,919,no,ACCACC,GTTTTGCAACG,ATGCCGCCTTC
4619,negative,2049,1.1788393259048462,VT65295|0|MEMB007B|-|2640,997,no,GCCATT,ATTTTGGAACG,ATGCCGCCTTC
4620,negative,2049,1.1788393259048462,VT65295|0|MEMB007C|+|2249,888,no,GCCATT,CTTCTGGAACG,ATGCCGCCTTC
4621,negative,2049,3.1788392066955566,VT65295|0|MEMB007D|-|2925,1283,no,ACCACT,GTGCTGGAACG,ATGCCGCCTTC
4622,negative,2049,3.1788392066955566,VT65295|0|MEMB008C|-|2328,931,no,GCCACT,GTTTTGCAACG,ATGCCGCCTTC
4623,negative,2049,3.1788392066955566,VT65295|0|dkik|-|3985,876,no,ACCACT,GTTTTGGAACG,ATGCCGCCTTC
4624,negative,2103,2.648324489593506,VT65295|0|MEMB002A|+|3572,1958,no,ACCAAC,GCGATCCTGTT,TTGGCAATCCC
4625,negative,2103,2.648324489593506,VT65295|0|MEMB002B|-|1683,1154,no,ACCAAC,GCGGTTCTGTT,TTGGAAATCCC
4626,negative,2103,2.648324489593506,VT65295|0|MEMB002C|-|3210,1604,no,ACCAAC,GCGATCCTGTT,TTGGCAATCCC
4627,negative,2103,2.648324489593506,VT65295|0|MEMB002D|+|2569,981,no,ATCAAC,GCGGTTCTATT,TCGGTAATCCC
4628,negative,2103,2.648324489593506,VT65295|0|MEMB002E|-|2184,979,no,ACCAAC,GCGGTTCTATT,TCGGTAATCCC
4629,negative,2103,2.648324489593506,VT65295|0|MEMB002F|-|2530,1151,no,ACCAAC,GCGGTTCTGTT,TTGGCAATCCC
4630,negative,2103,3.1788392066955566,VT65295|0|MEMB003A|-|2218,930,no,ACCAAT,GGGGTTCTGTT,TCGCCGATCCC
4631,negative,2103,2.648324489593506,VT65295|0|MEMB003B|-|2439,976,no,ACCAAC,GCGGTTCTATT,TCGGCAATCCG
4632,negative,2103,2.648324489593506,VT65295|0|MEMB003C|+|2464,881,no,ACCAAC,GCGATCCTGTT,TTGGCAATCCC
4633,negative,2103,3.1788392066955566,VT65295|0|MEMB003D|-|2218,930,no,ACCAAT,GGGGTTCTGTT,TCGCCGATCCT
4634,negative,2103,2.0633621215820312,VT65295|0|MEMB003F|-|2339,983,no,ACTAAC,GCGGTACTGTT,TTGGGAATCCA
4635,negative,2103,2.648324489593506,VT65295|0|MEMB004A|-|1649,1149,no,ACCAAC,GCGGTTCTGTT,TTGGAAATCCC
4636,negative,2103,2.0633621215820312,VT65295|0|MEMB004B|+|2160,950,no,ACTAAC,GCGGTTTTGTT,TAGGCAACCCA
4637,negative,2103,2.593876838684082,VT65295|0|MEMB004E|-|2307,981,no,GCTAAT,GCGGTTCTGTT,TAGGCAATCCA
4638,negative,2103,2.0633621215820312,VT65295|0|MEMB005B|+|2303,965,no,ACTAAC,GCCGTTCTGTT,TAGGCAATCCA
4639,negative,2103,2.648324489593506,VT65295|0|MEMB005D|-|2647,961,no,ACCAAC,GCGGTTCTCTT,TCGGGAATCCC
4640,negative,2103,2.648324489593506,VT65295|0|MEMB006A|-|2731,984,no,ACCAAC,GCGGTCCTGTT,TCGGTAATCCC
4641,negative,2103,3.1788392066955566,VT65295|0|MEMB006B|-|2950,994,no,CCCAAT,GCGGTTCTGTT,TCGGCAATCCC
4642,negative,2103,2.0633621215820312,VT65295|0|MEMB006C|+|2238,973,no,GTTAAC,GGGGTTCTGGT,TAGGCAATCCA
4643,negative,2103,2.648324489593506,VT65295|0|MEMB007B|-|2640,1051,no,ACCAAC,GCGATCCTGTT,TTGGCAATCCC
4644,negative,2103,2.648324489593506,VT65295|0|MEMB007C|+|2249,942,no,ACCAAC,GCGGTTCTGTT,TTGGCAATTCC
4645,negative,2103,2.648324489593506,VT65295|0|MEMB007D|-|2925,1337,no,ACCAAC,GGGGTTCTGTT,TCGGCAATCCC
4646,negative,2103,2.0633621215820312,VT65295|0|MEMB008C|-|2328,985,no,ACTAAC,GCGGTTCTGTT,TGGCCAATCCA
4647,negative,2103,3.1788392066955566,VT65295|0|dkik|-|3985,930,no,ACCAAT,GGGGTTCTGTT,TCGCCGATCCT
4648,negative,2137,1.5938767194747925,VT65295|0|MEMB002A|+|3572,1992,no,CGGAAT,GGTGGTGGCCA,ATGATTGTAAC
4649,negative,2137,1.5938767194747925,VT65295|0|MEMB002B|-|1683,1188,no,CGGAAT,GGTGATGGCCA,ATGATTATAAC
4650,negative,2137,1.5938767194747925,VT65295|0|MEMB002C|-|3210,1638,no,CGGAAT,GGTGGTGGCCA,ATGATTGTAAC
4651,negative,2137,1.1788393259048462,VT65295|0|MEMB002D|+|2569,1015,no,TGCATT,GGTGGTGGCCA,CTAATTATAAC
4652,negative,2137,-1.4061232805252075,VT65295|0|MEMB002E|-|2184,1013,no,TGCTTT,GGTGGTGGCCA,CTTATAATAAC
4653,negative,2137,1.5938767194747925,VT65295|0|MEMB002F|-|2530,1185,no,CGGAAT,GGTGGTGGCCA,CTTATTTTAAC
4654,negative,2137,3.1788392066955566,VT65295|0|MEMB003A|-|2218,964,no,CGCAAT,GGTGGTGGCCA,CTTATTGTAAC
4655,negative,2137,1.1788393259048462,VT65295|0|MEMB003B|-|2439,1010,no,TGCATT,GGTGGTGGCCA,CTTATCATTAC
4656,negative,2137,1.5938767194747925,VT65295|0|MEMB003C|+|2464,915,no,CGGAAT,GGTGGTGGCCA,ATGATTGTAAC
4657,negative,2137,3.1788392066955566,VT65295|0|MEMB003D|-|2218,964,no,CGCAAT,GGTGGTGGCCA,CTTATTGTAAC
4658,negative,2137,1.1788393259048462,VT65295|0|MEMB003F|-|2339,1017,no,TGCATT,GGTGGTGGCCA,CTTATCATAAC
4659,negative,2137,1.5938767194747925,VT65295|0|MEMB004A|-|1649,1183,no,CGGAAT,GGTGATGGCCA,ATGATTATAAC
4660,negative,2137,1.1788393259048462,VT65295|0|MEMB004B|+|2160,984,no,TGCATT,GGTGGTGGCCA,CTTATCTTAAC
4661,negative,2137,1.1788393259048462,VT65295|0|MEMB004E|-|2307,1015,no,TGCATT,GGTGGTGGCCA,CTTATATTAAC
4662,negative,2137,1.1788393259048462,VT65295|0|MEMB005B|+|2303,999,no,TGCATT,GGTGGTGGCCA,CTTATCTTAAC
4663,negative,2137,0.5938767790794373,VT65295|0|MEMB005D|-|2647,995,no,TGCTCT,GGTGGTGGCCA,CTTATCATTAC
4664,negative,2137,0.5938767790794373,VT65295|0|MEMB006A|-|2731,1018,no,TGCTCT,GGTGGTGGCGA,CTCATCATTAC
4665,negative,2137,1.1788393259048462,VT65295|0|MEMB006B|-|2950,1028,no,TGCATT,GGTGGTGGCCA,CTCATCATGAC
4666,negative,2137,1.1788393259048462,VT65295|0|MEMB006C|+|2238,1007,no,TGCATT,GGTGGTGGCCA,CTTATACTCAC
4667,negative,2137,1.5938767194747925,VT65295|0|MEMB007B|-|2640,1085,no,CGGAAT,GGTGGTGGCCA,ATGATTGTAAC
4668,negative,2137,1.1788393259048462,VT65295|0|MEMB007C|+|2249,976,no,TGCATT,GGTGGTGGCCA,CTTATCATAAC
4669,negative,2137,3.1788392066955566,VT65295|0|MEMB007D|-|2925,1371,no,CGCAAT,GGTGGTGGCCA,ATCATTCTAAC
4670,negative,2137,1.1788393259048462,VT65295|0|MEMB008C|-|2328,1019,no,TGCATT,GGTGGTGGCCA,CTAATCTTAAC
4671,negative,2137,3.1788392066955566,VT65295|0|dkik|-|3985,964,no,CGCAAT,GGTTGTGGCCA,CTTATTGTAAC
4672,negative,2217,-0.5216004252433777,VT65295|0|MEMB002A|+|3572,2072,no,AATTCC,ACAAACTTATC,CCCTTGGAGAA
4673,negative,2217,1.1788393259048462,VT65295|0|MEMB002B|-|1683,1268,no,AACAGT,ACAGACTTATC,CCTTCGGAGAT
4674,negative,2217,-0.5216004252433777,VT65295|0|MEMB002C|-|3210,1718,no,AATTCC,ACAAATTTATC,CCCTTGGAGAA
4675,negative,2217,1.4783995151519775,VT65295|0|MEMB002D|+|2569,1095,no,CATAAA,ACACAATTATC,TGTTAGGAGAA
4676,negative,2217,2.0633621215820312,VT65295|0|MEMB002E|-|2184,1093,no,GATAAC,AAACAATTATC,TGTTTGGAGAT
4677,negative,2217,0.5938767790794373,VT65295|0|MEMB002F|-|2530,1265,no,AACTAT,TCACACTTACC,CCTTCAGAGAC
4678,negative,2217,3.1788392066955566,VT65295|0|MEMB003A|-|2218,1044,no,CACAAT,TCCGAATTATC,TTTTAGGAGAA
4679,negative,2217,1.4783995151519775,VT65295|0|MEMB003B|-|2439,1090,no,TATAAA,GCAAACATATC,CCTTTGGAAAA
4680,negative,2217,-0.5216004252433777,VT65295|0|MEMB003C|+|2464,995,no,AATTCC,ACAAACTTATC,CCCTTGGAGAA
4681,negative,2217,3.1788392066955566,VT65295|0|MEMB003D|-|2218,1044,no,CACAAT,TCAGAATTATC,TTTTAGGAGAA
4682,negative,2217,2.7007920742034908,VT65295|0|MEMB003F|-|2339,1097,no,CATAAG,TCAAATCTATC,TCTTGGGAGAA
4683,negative,2217,1.1788393259048462,VT65295|0|MEMB004A|-|1649,1263,no,AACAGT,ACAGACTTATC,CCTTCGGAGAT
4684,negative,2217,2.7007920742034908,VT65295|0|MEMB004B|+|2160,1064,no,TATAAG,GCACACCTATC,TCTTAGGAGAA
4685,negative,2217,2.7007920742034908,VT65295|0|MEMB004E|-|2307,1095,no,TATAAG,ACAAACCTATC,TCTTTGGCGAA
4686,negative,2217,0.7007919549942017,VT65295|0|MEMB005B|+|2303,1079,no,AATAGG,GGAAACCTATC,TCATAGGAGAA
4687,negative,2217,0.06336206197738647,VT65295|0|MEMB005D|-|2647,1075,no,AATAGC,AAACACCTATC,TCGTAGGAGAG
4688,negative,2217,0.06336206197738647,VT65295|0|MEMB006A|-|2731,1098,no,TATAGC,AAACATTTATC,TCATAGGAGAG
4689,negative,2217,1.4783995151519775,VT65295|0|MEMB006B|-|2950,1108,no,CCTAAA,ACAGGATTATC,TCTTTGGAGGC
4690,negative,2217,2.7007920742034908,VT65295|0|MEMB006C|+|2238,1087,no,AATAAG,GGAAACCTATC,TCTTAGGAGAG
4691,negative,2217,-0.5216004252433777,VT65295|0|MEMB007B|-|2640,1165,no,AATTCC,ACAAACTTATC,CCCTTGGAGAA
4692,negative,2217,1.4783995151519775,VT65295|0|MEMB007C|+|2249,1056,no,GATAAA,ATAAACATATT,CCTTTGGAGAA
4693,negative,2217,1.2857544422149658,VT65295|0|MEMB007D|-|2925,1451,no,AACAGG,GAAAATTTATC,CCTTCGGAGAT
4694,negative,2217,1.7007919549942017,VT65295|0|MEMB008C|-|2328,1099,no,CAAAAG,TCAAACCTATC,TCTTAGGAGAA
4695,negative,2217,3.2857544422149663,VT65295|0|dkik|-|3985,1044,no,CACAAG,TCAGAATTATC,TTTTAGGAGAA
4696,positive,2256,-2.8841705322265625,VT65295|0|MEMB002A|+|3572,2111,no,GCGGGG,TGAAATGGTAG,AAAGATAATAA
4697,positive,2256,-0.8841705322265625,VT65295|0|MEMB002B|-|1683,1307,no,GCAGGa,TGAAATGGAGA,aaaaataataa
4698,positive,2256,-2.8841705322265625,VT65295|0|MEMB002C|-|3210,1757,no,GCGGGG,TGAAATGGTAG,AAAAATAATAA
4699,positive,2256,1.7007919549942017,VT65295|0|MEMB002D|+|2569,1134,no,GAAGGA,TGAAATGGATA,AAAATACAAAT
4700,positive,2256,0.4783995747566223,VT65295|0|MEMB002E|-|2184,1132,no,GAAACA,TAAAATGGATA,TTTTATTATCG
4701,positive,2256,-2.1065628528594966,VT65295|0|MEMB002F|-|2530,1304,no,GCAAGG,TGAAATGAGAA,AAATGCGGAAG
4702,positive,2256,3.2857544422149663,VT65295|0|MEMB003A|-|2218,1083,no,CAAGGG,TGAAACGGATA,ATAATACAAAT
4703,positive,2256,1.7007919549942017,VT65295|0|MEMB003B|-|2439,1129,no,AAAGTA,TGCAATGGTAG,CTGATTAGCGG
4704,positive,2256,-2.8841705322265625,VT65295|0|MEMB003C|+|2464,1034,no,GCGGGG,TGAAATGGTAG,AAAAATAATAA
4705,positive,2256,3.2857544422149663,VT65295|0|MEMB003D|-|2218,1083,no,CAAGGG,TGAAACGGATA,ATAATACAAAT
4706,positive,2256,1.7007919549942017,VT65295|0|MEMB003F|-|2339,1136,no,GAAGAG,TACAACGGATA,ATCATAAATGC
4707,positive,2256,-0.8841705322265625,VT65295|0|MEMB004A|-|1649,1302,no,GCAGGa,TGAAATGGAGA,aaaaataataa
4708,positive,2256,-0.8841705322265625,VT65295|0|MEMB004B|+|2160,1103,no,GCAGAG,TGAAACGGATA,ATTATAAAAGC
4709,positive,2256,1.7007919549942017,VT65295|0|MEMB004E|-|2307,1134,no,GAAGAG,TGAAACGGGCA,ATTATACATAA
4710,positive,2256,-0.8841705322265625,VT65295|0|MEMB005B|+|2303,1118,no,GCAGAG,TGAAACGGATA,ATTATAAATAC
4711,positive,2256,1.7007919549942017,VT65295|0|MEMB005D|-|2647,1114,no,AAAGCG,TAAAATGGGTA,ATAATACAACT
4712,positive,2256,1.7007919549942017,VT65295|0|MEMB006A|-|2731,1137,no,AAAGCG,TAAAAGGAGGA,ATAATACAAAT
4713,positive,2256,1.7007919549942017,VT65295|0|MEMB006C|+|2238,1126,no,GAAGAG,TGAAATGGGTA,ATTATGAGTGC
4714,positive,2256,-0.8841705322265625,VT65295|0|MEMB007B|-|2640,1204,no,GCAGGG,TGAAATGGTAA,AAaaataatta
4715,positive,2256,1.7007919549942017,VT65295|0|MEMB007D|-|2925,1490,no,gaagaa,taaaatttata,ataataaacaa
4716,positive,2256,1.7007919549942017,VT65295|0|MEMB008C|-|2328,1138,no,GAAGGG,TGAAAGGGAAA,AGTATATATGC
4717,positive,2256,3.2857544422149663,VT65295|0|dkik|-|3985,1083,no,CAAGGG,TGAAACGGATT,ATAATACAAAT
4718,negative,2747,-0.9366379380226136,VT65295|0|MEMB002B|-|1683,1449,no,GAAATC,TAAATAGCAAA,AGCTCAAAGAA
4719,negative,2747,3.1788392066955566,VT65295|0|MEMB003A|-|2218,1146,no,TTCACT,TAGTTACAAAC,GACTTGTACAA
4720,negative,2747,3.1788392066955566,VT65295|0|MEMB003D|-|2218,1146,no,TTCACT,TAGTTACAAAC,GACTTGTACAA
4721,negative,2747,-2.5216004848480225,VT65295|0|MEMB003F|-|2339,1247,no,TTTGGC,TAACTGTGTCC,TATTCAAATGA
4722,negative,2747,-0.9366379380226136,VT65295|0|MEMB004A|-|1649,1443,no,AAAATC,TAAATAGCAAA,AGCTCAAAGAA
4723,negative,2747,-2.5216004848480225,VT65295|0|MEMB006A|-|2731,1475,no,TTTGGC,TTGTTCCAAAT,GTATACTATAG
4724,negative,2747,1.0633620023727417,VT65295|0|MEMB007D|-|2925,1738,no,ACGAAC,ACATATTTGCA,GTAACGTAGAA
4725,negative,2747,3.1788392066955566,VT65295|0|dkik|-|3985,1148,no,TTCACT,TAGTTACAAAC,GACTTGTACAA
4726,negative,2752,1.7007919549942017,VT65295|0|MEMB002B|-|1683,1454,no,AAGAAG,AAATCTAAATA,AGATTAGCTCA
4727,negative,2752,2.0633621215820312,VT65295|0|MEMB002D|+|2569,1284,no,AGTAAC,TTGGTCCAAAC,AAAAATAACCT
4728,negative,2752,3.1788392066955566,VT65295|0|MEMB003A|-|2218,1151,no,TACAAT,TCACTTAGTTA,TTTAAGACTTG
4729,negative,2752,3.1788392066955566,VT65295|0|MEMB003D|-|2218,1151,no,TACAAT,TCACTTAGTTA,TTTAAGACTTG
4730,negative,2752,0.008914276957511902,VT65295|0|MEMB003F|-|2339,1252,no,AATGAT,TTGGCTAACTG,CAAAGTATTCA
4731,negative,2752,0.4783995747566223,VT65295|0|MEMB004A|-|1649,1448,no,AAGAAA,AAATCTAAATA,AGATCAGCTCA
4732,negative,2752,0.5938767790794373,VT65295|0|MEMB006A|-|2731,1480,no,TATAGT,TTGGCTTGTTC,TTCAAGTATAC
4733,negative,2752,-3.106562852859497,VT65295|0|MEMB007B|-|2640,1330,no,AATGTA,ATTTAAATAAC,AACGCAGCGGA
4734,negative,2752,0.4783995747566223,VT65295|0|MEMB007D|-|2925,1743,no,TAGAAA,CGAACACATAT,TGTAAGTAACG
4735,negative,2752,3.1788392066955566,VT65295|0|dkik|-|3985,1153,no,TACAAT,TCACTTAGTTA,TTTAAGACTTG
4736,positive,2758,0.1158294826745987,VT65295|0|MEMB002B|-|1683,1460,no,tgagct,gatttcttctt,aatctaagtta
4737,positive,2758,-2.991085767745972,VT65295|0|MEMB002D|+|2569,1290,no,AGGTTA,ACCAAGTTACT,TTTTTTAGATT
4738,positive,2758,3.2857544422149663,VT65295|0|MEMB003A|-|2218,1157,no,CAAGTC,AGTGAATTGTA,TTAAAAAGATT
4739,positive,2758,3.2857544422149663,VT65295|0|MEMB003D|-|2218,1157,no,CAAGTC,AGTGAATTGTA,TTAAAAGGATT
4740,positive,2758,-1.1065629720687866,VT65295|0|MEMB003F|-|2339,1258,no,TGAATA,GCCAAATCATT,CTTTGTATATT
4741,positive,2758,0.1158294826745987,VT65295|0|MEMB004A|-|1649,1454,no,TGAGCT,GATTTTTTCTT,GATCTAAGTTA
4742,positive,2758,-2.1065628528594966,VT65295|0|MEMB005D|-|2647,1447,no,ataaat,TGaaacaaata,aaatatataGC
4743,positive,2758,-0.9910857081413268,VT65295|0|MEMB006A|-|2731,1486,no,GTATAC,GCCAAACTATA,TTGAATATTTT
4744,positive,2758,-2.1065628528594966,VT65295|0|MEMB006C|+|2238,1251,no,ATAATT,AAAGTTAGCCA,TTGGATATTCT
4745,positive,2758,0.1158294826745987,VT65295|0|MEMB007B|-|2640,1336,no,TCCGCT,TAAATTACATT,GCGTTAATTTA
4746,positive,2758,-1.4061232805252075,VT65295|0|MEMB007D|-|2925,1749,no,CGTTAC,GTTCGTTTCTA,TTACAAAATTT
4747,positive,2758,-0.8841705322265625,VT65295|0|MEMB008C|-|2328,1245,no,GGAGAA,ACTTTCAAGTG,ATGGGAATGTA
4748,positive,2758,3.2857544422149663,VT65295|0|dkik|-|3985,1159,no,CAAGTC,AGTGAATTGTA,TTAAAAAGATT
4749,positive,3611,1.7007919549942017,VT65295|0|MEMB002A|+|3572,2612,no,AAAGCA,ACCCGGTACCC,TTGTGGGTGAA
4750,positive,3611,1.7007919549942017,VT65295|0|MEMB002C|-|3210,2273,no,AAAGCA,ACCCGGTACCC,TTGTGGATGAA
4751,positive,3611,-1.1065629720687866,VT65295|0|MEMB002D|+|2569,1659,no,tgaacc,tttgaatccca,ttataataatt
4752,positive,3611,1.4783995151519775,VT65295|0|MEMB002E|-|2184,1416,no,TAAAGG,TAAATATACTA,TTATGTTACAA
4753,positive,3611,1.4783995151519775,VT65295|0|MEMB002F|-|2530,1684,no,TAAAAA,GTTAAATAAAC,TTTTCAAGATC
4754,positive,3611,3.2857544422149663,VT65295|0|MEMB003A|-|2218,1406,no,CAAGAA,GAGTTTATTTT,TTGCAATTGAT
4755,positive,3611,1.4783995151519775,VT65295|0|MEMB003B|-|2439,1501,no,TAAAGT,AAATAAACTGA,TTACATTACAA
4756,positive,3611,1.7007919549942017,VT65295|0|MEMB003C|+|2464,1528,no,AAAGCA,ACCCGGTACCC,TTGTGGGTAAA
4757,positive,3611,3.2857544422149663,VT65295|0|MEMB003D|-|2218,1406,no,CACGAA,GAGTTTATTTT,TTGCAATTGAT
4758,positive,3611,1.4783995151519775,VT65295|0|MEMB003F|-|2339,1551,no,TAAAGT,CGCCCAAACTA,GTAATTTACAA
4759,positive,3611,1.4783995151519775,VT65295|0|MEMB004E|-|2307,1530,no,TAAAGT,GGCCCAAACTA,GTACTGTACAA
4760,positive,3611,1.4783995151519775,VT65295|0|MEMB005B|+|2303,1504,no,TAAAGA,AAGTCTCACTA,GTACGTTACAA
4761,positive,3611,1.4783995151519775,VT65295|0|MEMB005D|-|2647,1698,no,TAAAGG,TAAATTAACTA,TCAGGCACATC
4762,positive,3611,1.4783995151519775,VT65295|0|MEMB006A|-|2731,1800,no,TAAATG,TCAATTAACTA,TTAGGTTACTG
4763,positive,3611,0.4783995747566223,VT65295|0|MEMB006B|-|2950,1689,no,gaaact,gctatctgaat,ttgcaggtagt
4764,positive,3611,1.7007919549942017,VT65295|0|MEMB007B|-|2640,1702,no,AAAGCA,ACCCGGTACCC,TTGTGGGTGAA
4765,positive,3611,1.4783995151519775,VT65295|0|MEMB007C|+|2249,1424,no,TAAATT,TTCCCAAAACA,TTACATTGTAT
4766,positive,3611,-0.5216004252433777,VT65295|0|MEMB007D|-|2925,2210,no,CGAAGT,TATATGGATTA,GAATGAATATA
4767,positive,3611,2.0633621215820312,VT65295|0|MEMB008C|-|2328,1517,no,CAAAGT,CAGAAGTTTTA,GTACGTTACAA
4768,positive,3611,1.4783995151519775,VT65295|0|dkik|-|3985,1745,no,taaata,aactgatgata,cgaccactatt
4769,positive,3620,-1.8841705322265625,VT65295|0|MEMB002A|+|3572,2621,no,TGGGTG,CCAAAGCATTG,AATCTAAATAG
4770,positive,3620,-3.106562852859497,VT65295|0|MEMB002C|-|3210,2282,no,TGGATG,CCAAAGCATTG,AATCTAAATAG
4771,positive,3620,2.593876838684082,VT65295|0|MEMB002D|+|2569,1668,no,taataa,catgaacctta,tttgtacacac
4772,positive,3620,-1.991085767745972,VT65295|0|MEMB002E|-|2184,1425,no,TGTTAC,TATAAAGGTTA,AACTTAGAAAT
4773,positive,3620,-1.1065629720687866,VT65295|0|MEMB002F|-|2530,1693,no,TCAAGA,ACTAAAAATTT,TCCTAACTTGG
4774,positive,3620,3.1788392066955566,VT65295|0|MEMB003A|-|2218,1415,no,CAATTG,TTCAAGAATTG,ATGAAATTCAG
4775,positive,3620,1.1788393259048462,VT65295|0|MEMB003B|-|2439,1510,no,CATTAC,GATAAAGTTTA,AATTTGGAAAT
4776,positive,3620,-1.8841705322265625,VT65295|0|MEMB003C|+|2464,1537,no,TGGGTA,CCAAAGCATTG,AATCTAAATAG
4777,positive,3620,3.1788392066955566,VT65295|0|MEMB003D|-|2218,1415,no,CAATTG,TTCACGAATTG,ATGAAAGTCAG
4778,positive,3620,-2.991085767745972,VT65295|0|MEMB003F|-|2339,1560,no,ATTTAC,TATAAAGTGTA,AACTTGTAATG
4779,positive,3620,-1.4061232805252075,VT65295|0|MEMB004E|-|2307,1539,no,CTGTAC,TATAAAGTGTA,AACTTGTATAC
4780,positive,3620,-1.4061232805252075,VT65295|0|MEMB005B|+|2303,1513,no,CGTTAC,TATAAAGAGTA,AACTTGTAAAT
4781,positive,3620,-2.1065628528594966,VT65295|0|MEMB005D|-|2647,1707,no,GGCACA,TATAAAGGTCA,TCTTATAAATA
4782,positive,3620,-2.991085767745972,VT65295|0|MEMB006A|-|2731,1809,no,GGTTAC,TATAAATGTTA,TGCTCATAAAT
4783,positive,3620,1.2857544422149658,VT65295|0|MEMB006B|-|2950,1698,no,caggta,atgaaactttg,gtcttctatat
4784,positive,3620,-1.8841705322265625,VT65295|0|MEMB007B|-|2640,1711,no,TGGGTG,CCAAAGCATTG,AATCTAAATAG
4785,positive,3620,1.1788393259048462,VT65295|0|MEMB007C|+|2249,1433,no,CATTGT,CATAAATTTTA,ATCACCAAAAG
4786,positive,3620,-1.1065629720687866,VT65295|0|MEMB007D|-|2925,2219,no,TGAATA,TACGAAGTGAA,TATGTATTATA
4787,positive,3620,-1.4061232805252075,VT65295|0|MEMB008C|-|2328,1526,no,CGTTAC,TACAAAGTGTA,AACTTGTAAAT
4788,positive,3620,0.06336206197738647,VT65295|0|dkik|-|3985,1754,no,ccacta,tataaatacga,ttaattcgtac
4789,negative,3622,2.648324489593506,VT65295|0|MEMB002A|+|3572,2623,no,TTCACC,CACAATGCTTT,TGCTATTTAGA
4790,negative,3622,0.6483245491981506,VT65295|0|MEMB002C|-|3210,2284,no,TTCATC,CACAATGCTTT,TGCTATTTAGA
4791,negative,3622,0.008914276957511902,VT65295|0|MEMB002D|+|2569,1670,no,AATTAT,TATAAGGTTCA,TAGTGTGTACA
4792,negative,3622,-2.1065628528594966,VT65295|0|MEMB002E|-|2184,1427,no,TTGTAA,CATAACCTTTA,TTATTTCTAAG
4793,negative,3622,-1.991085767745972,VT65295|0|MEMB002F|-|2530,1695,no,GATCTT,GAAAATTTTTA,TTCCAAGTTAG
4794,negative,3622,3.1788392066955566,VT65295|0|MEMB003A|-|2218,1417,no,ATCAAT,TGCAATTCTTG,TCCTGAATTTC
4795,negative,3622,-2.1065628528594966,VT65295|0|MEMB003B|-|2439,1512,no,TTGTAA,TGTAAACTTTA,ATATTTCCAAA
4796,negative,3622,2.0633621215820312,VT65295|0|MEMB003C|+|2464,1539,no,TTTACC,CACAATGCTTT,TGCTATTTAGA
4797,negative,3622,3.1788392066955566,VT65295|0|MEMB003D|-|2218,1417,no,ATCAAT,TGCAATTCGTG,TCCTGACTTTC
4798,negative,3622,-2.1065628528594966,VT65295|0|MEMB003F|-|2339,1562,no,TTGTAA,ATTACACTTTA,ATCATTACAAG
4799,negative,3622,-1.5216004848480225,VT65295|0|MEMB004E|-|2307,1541,no,TTGTAC,AGTACACTTTA,TTGTATACAAG
4800,negative,3622,-2.1065628528594966,VT65295|0|MEMB005B|+|2303,1515,no,TTGTAA,CGTACTCTTTA,TTATTTACAAG
4801,negative,3622,-2.1065628528594966,VT65295|0|MEMB006A|-|2731,1811,no,CAGTAA,CCTAACATTTA,TTATTTATGAG
4802,negative,3622,2.0633621215820312,VT65295|0|MEMB006B|-|2950,1700,no,ACTACC,TGCAAAGTTTC,GTATATAGAAG
4803,negative,3622,2.648324489593506,VT65295|0|MEMB007B|-|2640,1713,no,TTCACC,CACAATGCTTT,TGCTATTTAGA
4804,negative,3622,0.5938767790794373,VT65295|0|MEMB007D|-|2925,2221,no,TATATT,CATTCACTTCG,ATTATAATACA
4805,negative,3622,-2.1065628528594966,VT65295|0|MEMB008C|-|2328,1528,no,TTGTAA,CGTACACTTTG,CTATTTACAAG
4806,negative,3622,0.5938767790794373,VT65295|0|dkik|-|3985,1756,no,AATAGT,GGTCGTATTTA,CCGTACGAATT
4807,negative,3715,0.5938767790794373,VT65295|0|MEMB002A|+|3572,2647,no,TACCAT,GTTCATGTGCT,TATTTTTTATT
4808,negative,3715,0.5938767790794373,VT65295|0|MEMB002C|-|3210,2308,no,TACCAT,GTTCATGTGCT,TATTTTTTATT
4809,negative,3715,-0.9910857081413268,VT65295|0|MEMB002D|+|2569,1687,no,AGAGAT,TAGTGTGTACA,CTAACTACGTT
4810,negative,3715,2.7007920742034908,VT65295|0|MEMB002E|-|2184,1433,no,TCTAAG,TTGTAACATAA,ATATCATTATT
4811,negative,3715,-3.106562852859497,VT65295|0|MEMB002F|-|2530,1718,no,TATTTA,AATAATTTCCA,GAGTTATTATT
4812,negative,3715,3.2857544422149663,VT65295|0|MEMB003A|-|2218,1439,no,TCCAAG,TTTTATCCTGA,TTGAGCTTATT
4813,negative,3715,2.0633621215820312,VT65295|0|MEMB003B|-|2439,1518,no,TCCAAA,TTGTAATGTAA,TTATAAATATT
4814,negative,3715,0.5938767790794373,VT65295|0|MEMB003C|+|2464,1563,no,TACCAT,GTTCATGTGCT,TATTTTTTATT
4815,negative,3715,3.2857544422149663,VT65295|0|MEMB003D|-|2218,1439,no,TCCAAG,TTTTATCCTGA,TTTAGCTTATT
4816,negative,3715,3.2857544422149663,VT65295|0|MEMB003F|-|2339,1568,no,TACAAG,TTGTAAATTAC,GAAAATATCAT
4817,negative,3715,0.5938767790794373,VT65295|0|MEMB004B|+|2160,1458,no,TCTAGT,TTGCAACGCAA,GGTATTCTATT
4818,negative,3715,3.2857544422149663,VT65295|0|MEMB004E|-|2307,1547,no,TACAAG,TTGTACAGTAC,ATATAATTGTA
4819,negative,3715,3.2857544422149663,VT65295|0|MEMB005B|+|2303,1521,no,TACAAG,TTGTAACGTAC,ATATCATTATT
4820,negative,3715,2.7007920742034908,VT65295|0|MEMB005D|-|2647,1714,no,TATAAG,ATGTGCCTGAC,ATATTATTATT
4821,negative,3715,0.1158294826745987,VT65295|0|MEMB006A|-|2731,1817,no,TATGAG,CAGTAACCTAA,ATATTATTATT
4822,negative,3715,0.4783995747566223,VT65295|0|MEMB006B|-|2950,1793,no,CGAAAA,ATTTACCGATC,TACTTTTTTTT
4823,negative,3715,0.5938767790794373,VT65295|0|MEMB007B|-|2640,1737,no,TACCAT,GATCATGTGCT,TAATTTCTATT
4824,negative,3715,-2.991085767745972,VT65295|0|MEMB007C|+|2249,1447,no,TAACTT,TTGGTGATACA,GTTAATTTATT
4825,negative,3715,3.2857544422149663,VT65295|0|MEMB008C|-|2328,1534,no,TACAAG,TTGTAACGTAC,ATATCACTATT
4826,negative,3715,2.7007920742034908,VT65295|0|dkik|-|3985,1849,no,GTTAAG,GTCAAGGGTGA,GTAAATGTGTC
4827,negative,4094,0.008914276957511902,VT65295|0|MEMB002A|+|3572,2744,no,GTTCCT,GCAACATGTTC,TCTCTACATTG
4828,negative,4094,0.008914276957511902,VT65295|0|MEMB002C|-|3210,2405,no,GTTCCT,GCAACATGTTC,CCTCTACATCG
4829,negative,4094,0.008914276957511902,VT65295|0|MEMB002D|+|2569,1752,no,TTTGCT,TGCATGTGCAC,GTGCAAGATTG
4830,negative,4094,-1.991085767745972,VT65295|0|MEMB002F|-|2530,1780,no,AATGTT,GAAGCATGTCA,TTAACATACTG
4831,negative,4094,3.1788392066955566,VT65295|0|MEMB003A|-|2218,1455,no,TCCACT,TGAGCTTATTT,CCGCTACTTTG
4832,negative,4094,3.1788392066955566,VT65295|0|MEMB003B|-|2439,1547,no,GCCACT,TGAGCTCGAAA,TATCTTTCTTG
4833,negative,4094,0.008914276957511902,VT65295|0|MEMB003C|+|2464,1660,no,GTTCCT,GCAACATGTTC,AATCTACATTG
4834,negative,4094,3.1788392066955566,VT65295|0|MEMB003D|-|2218,1455,no,TCCACT,TTAGCTTATTT,CCCCTATTTTG
4835,negative,4094,1.5938767194747925,VT65295|0|MEMB003F|-|2339,1592,no,GTGACT,TGTGTTTGAAA,TTTTCGAATTG
4836,negative,4094,-2.991085767745972,VT65295|0|MEMB005B|+|2303,1549,no,GTGGTT,TGAGCTTGAAA,CTTACAAATTG
4837,negative,4094,1.5938767194747925,VT65295|0|MEMB005D|-|2647,1742,no,GCAACT,TAAGCTTGAAA,TTACCAAACTG
4838,negative,4094,1.5938767194747925,VT65295|0|MEMB006A|-|2731,1845,no,GCAACT,TGAGCTTGAAA,CTTCTTTTCTG
4839,negative,4094,-0.5216004252433777,VT65295|0|MEMB006B|-|2950,1939,no,TTTCCC,TGATTGTTCCT,TTTTTCTATTA
4840,negative,4094,0.008914276957511902,VT65295|0|MEMB007B|-|2640,1814,no,GTTCCT,GCAACATGTTC,CTCCAACATCG
4841,negative,4094,3.1788392066955566,VT65295|0|MEMB007C|+|2249,1501,no,GCCACT,TGAGCTCCAAA,ACTCTTTCTTG
4842,negative,4094,-0.9910857081413268,VT65295|0|MEMB008C|-|2328,1562,no,GTGGCT,TAAGCCTGAAA,GTATGGTTTTG
4843,negative,4094,-0.9910857081413268,VT65295|0|dkik|-|3985,2228,no,GCAGCT,GCACTTTATTG,AAAGGAGTGGG
4844,negative,4752,3.1788392066955566,VT65295|0|MEMB003A|-|2218,1523,no,TTCAAT,CAACAAACTAT,TATATATAATA
4845,negative,4752,3.1788392066955566,VT65295|0|MEMB003D|-|2218,1523,no,TTCAAT,CAACAAACTAT,TATATATAATA
4846,negative,4752,-4.106563091278076,VT65295|0|dkik|-|3985,2886,no,GCACGA,GGAAAGCCAAT,AAGCTACAATG
4847,positive,5263,1.2857544422149658,VT65295|0|MEMB002A|+|3572,2979,no,CATGGC,CGGGCCAGACT,GGCGCAGGGAT
4848,positive,5263,1.2857544422149658,VT65295|0|MEMB002C|-|3210,2617,no,CATGGC,CGGGCCAGACT,GGCGCAGGGAT
4849,positive,5263,1.1788393259048462,VT65295|0|MEMB002D|+|2569,1986,no,CATTGC,CGGGCAAGACT,GGCGCAGGGCT
4850,positive,5263,1.1788393259048462,VT65295|0|MEMB002E|-|2184,1594,no,CATTGC,CGGGCAAGACT,GACGCAGGGCT
4851,positive,5263,1.1788393259048462,VT65295|0|MEMB002F|-|2530,1930,no,CATTGC,CGGGCCAGACT,GGCACAGGGCT
4852,positive,5263,3.1788392066955566,VT65295|0|MEMB003A|-|2218,1630,no,CACTGC,CGGGCCAGACT,GGCGCAGGGCT
4853,positive,5263,-1.2992080450057983,VT65295|0|MEMB003B|-|2439,1861,no,CCGGGC,CGAACAAGACT,CGCGCAGTGCT
4854,positive,5263,1.2857544422149658,VT65295|0|MEMB003C|+|2464,1871,no,CATGGC,CGGGCCAGACT,GGCACAGGGAT
4855,positive,5263,3.1788392066955566,VT65295|0|MEMB003D|-|2218,1630,no,CACTGC,CGGGCCAGACT,GGCGCAGGGCT
4856,positive,5263,0.06336206197738647,VT65295|0|MEMB003F|-|2339,1755,no,CATAGC,CGGGCCAGACT,TACGCAGGGCT
4857,positive,5263,1.1788393259048462,VT65295|0|MEMB004B|+|2160,1575,no,CATTGC,CGTTCCAGACT,GACACAGGGCT
4858,positive,5263,1.2857544422149658,VT65295|0|MEMB004E|-|2307,1719,no,CATGGT,CGGGCCAGGCT,GACGCAGGGCT
4859,positive,5263,1.1788393259048462,VT65295|0|MEMB005B|+|2303,1718,no,CATTGC,CGGGCCAGACT,GACGCAGGGCT
4860,positive,5263,1.1788393259048462,VT65295|0|MEMB005D|-|2647,2063,no,CATTGT,CGGTTCAGACT,GGCGCAGGGCT
4861,positive,5263,1.1788393259048462,VT65295|0|MEMB006A|-|2731,2147,no,CATTGT,CGGTTAAGACT,GGCGCAGGGCT
4862,positive,5263,1.2857544422149658,VT65295|0|MEMB006B|-|2950,2375,no,CATGGC,CGGGTAAGACT,GGCGCAGGGCT
4863,positive,5263,1.1788393259048462,VT65295|0|MEMB006C|+|2238,1651,no,CATTGC,CGGGCCAGACT,GACGCAAGGCT
4864,positive,5263,1.2857544422149658,VT65295|0|MEMB007B|-|2640,2047,no,CATGGC,CGGGCCAGACT,GGCGCAGGGAT
4865,positive,5263,-1.2992080450057983,VT65295|0|MEMB007C|+|2249,1672,no,CCTGGC,CGAGTAAGACT,CGCGCAGTGCT
4866,positive,5263,1.1788393259048462,VT65295|0|MEMB007D|-|2925,2340,no,CATTGC,CTGGCAAGAGA,GGAGCAGGGCT
4867,positive,5263,1.1788393259048462,VT65295|0|MEMB008C|-|2328,1741,no,CATTTT,CGGGCCAGACT,AACGCAGGGCT
4868,positive,5263,3.1788392066955566,VT65295|0|dkik|-|3985,3397,no,CACTGC,CGGGCCAGACT,GGCGCAGGGCT
4869,positive,5756,-0.9910857081413268,VT65295|0|MEMB002A|+|3572,3465,no,ATATTT,TACGCCAGGTT,AGACTTCTCCC
4870,positive,5756,-0.9910857081413268,VT65295|0|MEMB002C|-|3210,3103,no,ATATTT,TACGCCAGGTT,AGCCTTCTCCC
4871,positive,5756,2.648324489593506,VT65295|0|MEMB002D|+|2569,2466,no,CAACCT,TAGCCCAGGTT,GGTCTTTTCCC
4872,positive,5756,2.648324489593506,VT65295|0|MEMB002E|-|2184,2074,no,CAACCG,TAGCCCAGGTT,GGTCTTTTCCC
4873,positive,5756,2.0633621215820312,VT65295|0|MEMB002F|-|2530,2413,no,TAACTT,TAGGCCAGGTT,AGTCTTCTCCC
4874,positive,5756,3.1788392066955566,VT65295|0|MEMB003A|-|2218,2113,no,CAATCT,TAGCCCAGGTT,GTTTTTCTCCC
4875,positive,5756,2.0633621215820312,VT65295|0|MEMB003B|-|2439,2338,no,TAACCT,TAGCCCAGGTT,AGTCTTCTCTC
4876,positive,5756,-0.9910857081413268,VT65295|0|MEMB003C|+|2464,2357,no,GTATTT,TACGCCAGGTT,AGACTTCTCCC
4877,positive,5756,3.1788392066955566,VT65295|0|MEMB003D|-|2218,2113,no,CAATCT,TAGCCCAGGTT,GTTTTTCTCCC
4878,positive,5756,2.648324489593506,VT65295|0|MEMB003F|-|2339,2235,no,CAACCT,TAGCCCAGGTT,GGTCTTCTCCC
4879,positive,5756,2.648324489593506,VT65295|0|MEMB004B|+|2160,2055,no,CAACCT,TAGCCCAGGCT,GGTCTTCTCCC
4880,positive,5756,2.0633621215820312,VT65295|0|MEMB004E|-|2307,2202,no,TAACTT,TAGCCCAGGTT,GTTCTTCTCCC
4881,positive,5756,3.1788392066955566,VT65295|0|MEMB005B|+|2303,2198,no,CAATCT,TAGCCCAGATT,GGTCTTCTCCC
4882,positive,5756,2.648324489593506,VT65295|0|MEMB005D|-|2647,2543,no,CAACCT,TAGCCCAGGTT,GATCTTCTGCC
4883,positive,5756,2.648324489593506,VT65295|0|MEMB006A|-|2731,2627,no,CAACCT,TAGCCCAGGTT,GTTCTTCTCCC
4884,positive,5756,2.648324489593506,VT65295|0|MEMB006B|-|2950,2855,no,CAACCT,TAGCCCAGGTT,GTTCTTTTCTC
4885,positive,5756,2.648324489593506,VT65295|0|MEMB006C|+|2238,2131,no,CAACCT,TATCCCAGGCT,GGTCTTCTCCC
4886,positive,5756,-0.9910857081413268,VT65295|0|MEMB007B|-|2640,2533,no,ATATTT,TAGGCCAGGTT,CGACTTCTCCC
4887,positive,5756,2.0633621215820312,VT65295|0|MEMB007C|+|2249,2152,no,TAACCT,TAGCCCAGGTT,AGTCTTCTCTC
4888,positive,5756,1.0633620023727417,VT65295|0|MEMB007D|-|2925,2823,no,GAACTG,TAGGCCAGGTT,GTTCTTCTCGC
4889,positive,5756,2.648324489593506,VT65295|0|MEMB008C|-|2328,2221,no,CAACCT,TAGCCCAGGTT,GATCTTCTCCC
4890,positive,5756,3.1788392066955566,VT65295|0|dkik|-|3985,3880,no,CAATCT,TAGCCCAGGTT,GTTTTTCTCCC
4891,positive,5782,-1.9366379976272583,VT65295|0|MEMB002A|+|3572,3491,no,CCGCCA,CCGCCTTGAGT,TTCCACTGACA
4892,positive,5782,-1.9366379976272583,VT65295|0|MEMB002C|-|3210,3129,no,CCGCCA,CCGCCTTGAGT,TTCCACTGACA
4893,positive,5782,-1.4061232805252075,VT65295|0|MEMB002D|+|2569,2492,no,CCGTCA,CCGCCTCGAGT,TACTCCTAAGG
4894,positive,5782,-1.4061232805252075,VT65295|0|MEMB002E|-|2184,2100,no,CCGTCA,CCGCCTTGAGT,CACTCCTAAGA
4895,positive,5782,-2.5216004848480225,VT65295|0|MEMB002F|-|2530,2439,no,CCGACA,CCGCCTGGAGT,TTCCACTGAGA
4896,positive,5782,3.1788392066955566,VT65295|0|MEMB003A|-|2218,2139,no,CAATCA,CCGCCTTGAGT,CTCCCCTAAGG
4897,positive,5782,-1.4061232805252075,VT65295|0|MEMB003B|-|2439,2364,no,CCGTCA,TCGCCTCGAGT,TACTCCTGAGG
4898,positive,5782,-1.9366379976272583,VT65295|0|MEMB003C|+|2464,2383,no,CCGCCA,CCGCCTTGAGT,TTCCACTGACA
4899,positive,5782,3.1788392066955566,VT65295|0|MEMB003D|-|2218,2139,no,CAATCA,CCGCCTTGAGT,CTCCCCTAAGG
4900,positive,5782,-1.4061232805252075,VT65295|0|MEMB003F|-|2339,2261,no,CTGTCA,CCGCCTTGAGT,CACTCCTGAGG
4901,positive,5782,-2.5216004848480225,VT65295|0|MEMB004B|+|2160,2081,no,CCGACA,CCGCCTTGAGT,CACTCCTGAGG
4902,positive,5782,-1.4061232805252075,VT65295|0|MEMB004E|-|2307,2228,no,CCGTCA,CCGCCTTGAGT,CACTCCTGAGG
4903,positive,5782,-1.4061232805252075,VT65295|0|MEMB005B|+|2303,2224,no,CCGTCA,CCGCCTTGAGT,CACTCCTGAGG
4904,positive,5782,-1.4061232805252075,VT65295|0|MEMB005D|-|2647,2569,no,CCGTCA,CCGCCTGGAGT,CACTCCTGAGG
4905,positive,5782,-1.4061232805252075,VT65295|0|MEMB006A|-|2731,2653,no,CCGTCA,CCGCCTGGAGT,CACTCCTGAGG
4906,positive,5782,-1.4061232805252075,VT65295|0|MEMB006B|-|2950,2881,no,CCGTTA,TCGCCTTGAAT,TACTCCTGAGG
4907,positive,5782,-1.4061232805252075,VT65295|0|MEMB006C|+|2238,2157,no,CCGTCA,CCGTCTCGAGT,CACTCCTGAGA
4908,positive,5782,-1.9366379976272583,VT65295|0|MEMB007B|-|2640,2559,no,CTGCCA,CCGCCTTGAGT,TTCCACTGACA
4909,positive,5782,-1.4061232805252075,VT65295|0|MEMB007C|+|2249,2178,no,CCGTCA,TCGCCTTGAGT,TACTCCTGAGG
4910,positive,5782,-1.4061232805252075,VT65295|0|MEMB007D|-|2925,2849,no,CCGTCA,GCGCCTTGAGT,TCCCACTAAGT
4911,positive,5782,-1.4061232805252075,VT65295|0|MEMB008C|-|2328,2247,no,CCGTCA,CCGCCTTGAGT,CACTCCTGAGG
4912,positive,5782,3.1788392066955566,VT65295|0|dkik|-|3985,3906,no,CAATCA,CCGCCTTGAGT,CTCCCCTTAGG
4913,positive,5786,1.1788393259048462,VT65295|0|MEMB002A|+|3572,3495,no,CATTCC,CTTGAGTCCGC,ACTGACATCGG
4914,positive,5786,1.1788393259048462,VT65295|0|MEMB002C|-|3210,3133,no,CATTCC,CTTGAGTCCGC,ACTGACATCGG
4915,positive,5786,0.06336206197738647,VT65295|0|MEMB002D|+|2569,2496,no,CATACT,CTCGAGTCCGT,CCTAAGGTATT
4916,positive,5786,2.0633621215820312,VT65295|0|MEMB002E|-|2184,2104,no,CACACT,CTTGAGTCCGT,CCTAAGATATT
4917,positive,5786,1.1788393259048462,VT65295|0|MEMB002F|-|2530,2443,no,CATTCC,CTGGAGTCCGA,ACTGAGAGGAC
4918,positive,5786,3.1788392066955566,VT65295|0|MEMB003A|-|2218,2143,yes,CACTCC,CTTGAGTCAAT,CCTAAGGTACC
4919,positive,5786,0.06336206197738647,VT65295|0|MEMB003B|-|2439,2368,no,CATACT,CTCGAGTCCGT,CCTGAGGTATA
4920,positive,5786,1.1788393259048462,VT65295|0|MEMB003C|+|2464,2387,no,CATTCC,CTTGAGTCCGC,ACTGACATCGG
4921,positive,5786,3.1788392066955566,VT65295|0|MEMB003D|-|2218,2143,yes,CACTCC,CTTGAGTCAAT,CCTAAGGTACC
4922,positive,5786,2.0633621215820312,VT65295|0|MEMB003F|-|2339,2265,no,CACACT,CTTGAGTCTGT,CCTGAGGTACC
4923,positive,5786,2.0633621215820312,VT65295|0|MEMB004B|+|2160,2085,no,CACACT,CTTGAGTCCGA,CCTGAGGTAAC
4924,positive,5786,2.0633621215820312,VT65295|0|MEMB004E|-|2307,2232,no,CACACT,CTTGAGTCCGT,CCTGAGGTACC
4925,positive,5786,2.0633621215820312,VT65295|0|MEMB005B|+|2303,2228,no,CACACT,CTTGAGTCCGT,CCTGAGGTACC
4926,positive,5786,2.0633621215820312,VT65295|0|MEMB005D|-|2647,2573,no,CACACT,CTGGAGTCCGT,CCTGAGGTACC
4927,positive,5786,2.0633621215820312,VT65295|0|MEMB006A|-|2731,2657,no,CACACT,CTGGAGTCCGT,CCTGAGGTACC
4928,positive,5786,-0.5216004252433777,VT65295|0|MEMB006B|-|2950,2885,no,TATACT,CTTGAATCCGT,CCTGAGGTATA
4929,positive,5786,2.0633621215820312,VT65295|0|MEMB006C|+|2238,2161,no,CACACT,CTCGAGTCCGT,CCTGAGAGGTA
4930,positive,5786,1.1788393259048462,VT65295|0|MEMB007B|-|2640,2563,no,CATTCC,CTTGAGTCTGC,ACTGACATCGG
4931,positive,5786,0.06336206197738647,VT65295|0|MEMB007C|+|2249,2182,no,CATACT,CTTGAGTCCGT,CCTGAGGTACA
4932,positive,5786,0.6483245491981506,VT65295|0|MEMB007D|-|2925,2853,no,CATCCC,CTTGAGTCCGT,ACTAAGTGTAA
4933,positive,5786,2.0633621215820312,VT65295|0|MEMB008C|-|2328,2251,no,CACACT,CTTGAGTCCGT,CCTGAGGCACC
4934,positive,5786,3.1788392066955566,VT65295|0|dkik|-|3985,3910,yes,CACTCC,CTTGAGTCAAT,CCTTAGGTACC
4935,negative,40,-0.5216004252433777,VT65295|0|MEMB002A|+|3572,40,no,AACCAA,GCAGCTGGTGG,CTGAGACACGG
4936,negative,40,0.7007919549942017,VT65295|0|MEMB002B|-|1683,40,no,AGCCAG,GCGGCTGGTGG,CTAAAAGAGGG
4937,negative,40,-2.1065628528594966,VT65295|0|MEMB002C|-|3210,40,no,AAGCAA,GCAGCTGGTGG,CTGAGTCACGG
4938,negative,40,-0.5216004252433777,VT65295|0|MEMB002D|+|2569,40,no,CACTAA,GCAAATGGTGG,CTGAATTCAGG
4939,negative,40,0.5938767790794373,VT65295|0|MEMB002E|-|2184,40,no,CGCTAT,GCAAATGGTGG,CTTAATTCGGG
4940,negative,40,0.7007919549942017,VT65295|0|MEMB002F|-|2530,40,no,AACCAG,GCAGCTGGTGG,CTGAGAGGGGG
4941,negative,40,0.7007919549942017,VT65295|0|MEMB003A|-|2218,40,no,CACGCG,GCTCTTGGTTG,CTACATATGGG
4942,negative,40,3.2857544422149663,VT65295|0|MEMB003B|-|2439,40,no,CACAAG,GCACATGGTGG,CTTAGTCCGGG
4943,negative,40,-1.1065629720687866,VT65295|0|MEMB003C|+|2464,31,no,TGTGAA,ACAACAGATGT,CTGTCTGTCCG
4944,negative,40,0.7007919549942017,VT65295|0|MEMB003D|-|2218,40,no,CACGCG,GCTTTTGGTTG,CTACATATGGG
4945,negative,40,3.2857544422149663,VT65295|0|MEMB003F|-|2339,40,no,GGCAAG,GCAAATGGTGG,CTGAATGTCGG
4946,negative,40,0.7007919549942017,VT65295|0|MEMB004A|-|1649,40,no,AGCCAG,GCGGCTGGTGG,CTAAAAGAGGG
4947,negative,40,3.2857544422149663,VT65295|0|MEMB004B|+|2160,40,no,GGCAAG,GCAAATGGTGG,CTAAATGTCGG
4948,negative,40,3.2857544422149663,VT65295|0|MEMB004E|-|2307,40,no,GGCAAG,GCAAATGGTGG,CTGAATGTCGG
4949,negative,40,3.2857544422149663,VT65295|0|MEMB005B|+|2303,40,no,GGCAAG,GCAAATGGTGG,CTAAATATCGC
4950,negative,40,3.2857544422149663,VT65295|0|MEMB005D|-|2647,40,no,CGCAAG,GCAAATGGTGG,CTGAATACGGG
4951,negative,40,3.2857544422149663,VT65295|0|MEMB006A|-|2731,40,no,GGCAAG,GCAAATGGTGG,CTGAATATGGG
4952,negative,40,3.2857544422149663,VT65295|0|MEMB006B|-|2950,40,no,CACAAG,GCACATGGTGG,CTGAATCCGGG
4953,negative,40,2.0633621215820312,VT65295|0|MEMB006C|+|2238,40,no,GGCAAA,GCAAATGGTGG,CTGCCCTTCGG
4954,negative,40,-0.5216004252433777,VT65295|0|MEMB007B|-|2640,40,no,AACCCA,GCAACTGGTGG,CTGAGACAGGG
4955,negative,40,2.0633621215820312,VT65295|0|MEMB007C|+|2249,40,no,CACAAA,GCACATGGTGG,CTTCGTCCGGG
4956,negative,40,3.2857544422149663,VT65295|0|MEMB007D|-|2925,40,no,AACAAG,GCAAATGGTGG,CTGAGAGCGGG
4957,negative,40,3.2857544422149663,VT65295|0|MEMB008C|-|2328,40,no,GGCAAG,GCAAATGGTGG,CTGAATGTCGG
4958,negative,40,0.7007919549942017,VT65295|0|dkik|-|3985,40,no,CACGCG,GCTCTTGGTTG,CTACATATGGG
4959,positive,1403,-0.8841705322265625,VT65295|0|MEMB002A|+|3572,1296,no,AGAGCT,ACTACTATTTA,AATAATTAATT
4960,positive,1403,-0.5216004252433777,VT65295|0|MEMB002B|-|1683,485,no,TAGACC,ATATTCGTTCT,TCTAAAGAAAT
4961,positive,1403,-0.8841705322265625,VT65295|0|MEMB002C|-|3210,946,no,AGAGCT,ACTACTTTTTA,CTTAATTCTCC
4962,positive,1403,1.1788393259048462,VT65295|0|MEMB002E|-|2184,318,no,CAGTCA,AACAGTTTGTA,CTTATTTAAAT
4963,positive,1403,1.7007919549942017,VT65295|0|MEMB002F|-|2530,481,no,AAAGCT,ACCATTATTTA,CTTATTTATGC
4964,positive,1403,2.0633621215820312,VT65295|0|MEMB003A|-|2218,296,no,CAAAGC,GGTCTCACACA,ATCCCTACCTA
4965,positive,1403,3.2857544422149663,VT65295|0|MEMB003B|-|2439,310,no,CAAGCT,AAATATTTTTA,CTCATCTACAA
4966,positive,1403,-0.8841705322265625,VT65295|0|MEMB003C|+|2464,223,no,AGAGCT,aCTACTATTTA,CTTAATTCTCC
4967,positive,1403,2.0633621215820312,VT65295|0|MEMB003D|-|2218,296,no,CAAAGC,GGACTCACACA,ATCCCTACCTA
4968,positive,1403,0.7007919549942017,VT65295|0|MEMB003F|-|2339,326,no,CGAGCC,ATTATTATTTA,CTTCTTTTAAT
4969,positive,1403,3.2857544422149663,VT65295|0|MEMB004A|-|1649,503,no,CAAGCT,ACTATTATTTA,TCTAATTGTCC
4970,positive,1403,-0.8841705322265625,VT65295|0|MEMB004B|+|2160,300,no,GGAGCA,AATATTATTTA,CTTATTTAAAT
4971,positive,1403,-1.2992080450057983,VT65295|0|MEMB004E|-|2307,326,no,CGGGCC,AATAATATACA,CTAATTTAAAT
4972,positive,1403,0.1158294826745987,VT65295|0|MEMB005B|+|2303,334,no,TGAGCC,GAAATTATGTA,CCTACGTACCG
4973,positive,1403,3.1788392066955566,VT65295|0|MEMB006B|-|2950,336,no,CAATAT,AATACTTTCTA,TTAATAATTTA
4974,positive,1403,0.7007919549942017,VT65295|0|MEMB006C|+|2238,316,no,CGAGCC,TGAGACATTTA,ATTATTTAAAT
4975,positive,1403,-0.8841705322265625,VT65295|0|MEMB007B|-|2640,393,no,GGAGCT,ACTACTATTTA,CTTAATTCTCC
4976,positive,1403,3.2857544422149663,VT65295|0|MEMB007C|+|2249,281,no,CAAGCT,AAATATTTTTA,TTTATTTAAAT
4977,positive,1403,2.593876838684082,VT65295|0|MEMB007D|-|2925,669,no,taATGA,acatacatata,ATGACTTTAAG
4978,positive,1403,0.7007919549942017,VT65295|0|MEMB008C|-|2328,326,no,CGAGCC,AATGTTATTAA,CTTATTTAAAT
4979,positive,1403,2.0633621215820312,VT65295|0|dkik|-|3985,296,no,CAAAGC,GGTCTCACACA,ATCCCTACCTA
4980,negative,1789,0.7007919549942017,VT65295|0|MEMB002A|+|3572,1644,no,GCCCCG,GAAGCTAAAGG,GTGAACAATCG
4981,negative,1789,0.7007919549942017,VT65295|0|MEMB002B|-|1683,840,no,GCCCCG,GAAGCTGAAGG,GTGAACAATCG
4982,negative,1789,0.7007919549942017,VT65295|0|MEMB002C|-|3210,1290,no,GCCCCG,GAAGCTAAAGG,GTGAACAATCG
4983,negative,1789,0.7007919549942017,VT65295|0|MEMB002D|+|2569,667,no,TGCGCG,AAAGGCGAAGG,GTCAACAATCG
4984,negative,1789,0.7007919549942017,VT65295|0|MEMB002E|-|2184,665,no,GGCGCG,AAAGGCAAAGG,GTAAACAATCG
4985,negative,1789,-0.8841705322265625,VT65295|0|MEMB002F|-|2530,837,no,GCGCCG,GAAGCTGAACG,GTGAACAATCG
4986,negative,1789,1.7007919549942017,VT65295|0|MEMB003A|-|2218,616,no,GCGACG,AAAGGCGAAAG,GTCAACAATCG
4987,negative,1789,3.2857544422149663,VT65295|0|MEMB003B|-|2439,662,no,TCCACG,AAAGCCGAATG,GTCAACAATCG
4988,negative,1789,0.7007919549942017,VT65295|0|MEMB003C|+|2464,567,no,GCCCCG,GAAACCAAAGG,GTGAACAATCG
4989,negative,1789,1.7007919549942017,VT65295|0|MEMB003D|-|2218,616,no,GCGACG,AAAGGCGAAAG,GTCAACAATCG
4990,negative,1789,3.2857544422149663,VT65295|0|MEMB003F|-|2339,669,no,GCCACG,AATGGCAAAGG,GTCAACAGTCG
4991,negative,1789,0.7007919549942017,VT65295|0|MEMB004A|-|1649,835,no,GCCCCG,GAAGCTGAAGG,GTGAACAATCG
4992,negative,1789,3.2857544422149663,VT65295|0|MEMB004B|+|2160,636,no,GCCACG,AATGGCGAAGG,GTCAACAGTCG
4993,negative,1789,3.2857544422149663,VT65295|0|MEMB004E|-|2307,667,no,GCCACG,AATGGAGAAGG,GTCAACAGTCG
4994,negative,1789,3.2857544422149663,VT65295|0|MEMB005B|+|2303,651,no,GCCACG,AATGGCGAAGG,GTCAACAGTCG
4995,negative,1789,3.2857544422149663,VT65295|0|MEMB005D|-|2647,647,no,GCCACG,AATGGCGAAGG,GTCAACAATCG
4996,negative,1789,3.2857544422149663,VT65295|0|MEMB006A|-|2731,670,no,GCCACG,AATGGCGAAGG,GTCAACAATCG
4997,negative,1789,3.2857544422149663,VT65295|0|MEMB006B|-|2950,680,no,GCCACG,AATGCCTAATG,GTCAACAATCG
4998,negative,1789,3.2857544422149663,VT65295|0|MEMB006C|+|2238,659,no,GCCACG,AATGGCGAAGG,GTCAACAGTCG
4999,negative,1789,0.7007919549942017,VT65295|0|MEMB007B|-|2640,737,no,GCCCCG,GAAGCTAAAGG,GTGAACAATCG
5000,negative,1789,3.2857544422149663,VT65295|0|MEMB007C|+|2249,628,no,TCCACG,AATGCCGAATG,GTCAACAATCG
5001,negative,1789,1.7007919549942017,VT65295|0|MEMB007D|-|2925,1023,no,GCGAAG,ACAGCCAAAGG,GTGAACAATCG
5002,negative,1789,3.2857544422149663,VT65295|0|MEMB008C|-|2328,671,no,GCCACG,AATGGCGAAGG,GTCAACAGTCG
5003,negative,1789,1.7007919549942017,VT65295|0|dkik|-|3985,616,no,GCGACG,AAAGGCGAAAG,GTCAACAATCG
5004,positive,2032,1.1788393259048462,VT65295|0|MEMB002A|+|3572,1887,no,CAGTAA,TGTGGATGTCC,CGTTCCAAAAT
5005,positive,2032,1.1788393259048462,VT65295|0|MEMB002B|-|1683,1083,no,CAGTAA,TGTGGATGTCC,CGTTCCAGAAT
5006,positive,2032,1.1788393259048462,VT65295|0|MEMB002C|-|3210,1533,no,CAGTAA,TGTGGATGTCC,CGTTCCAAAAT
5007,positive,2032,1.1788393259048462,VT65295|0|MEMB002D|+|2569,910,no,CAGTAA,TGTGGGTGTCC,AGCTCCAAAAC
5008,positive,2032,1.1788393259048462,VT65295|0|MEMB002E|-|2184,908,no,CAGTAG,TGTGGGTGTCC,CGCTCCAAAAC
5009,positive,2032,1.1788393259048462,VT65295|0|MEMB002F|-|2530,1080,no,CAGTAA,TGTGGATGTCC,CGTTCCAAAAT
5010,positive,2032,1.1788393259048462,VT65295|0|MEMB003A|-|2218,859,no,CAGTAA,TGTGGATGTCC,CGTTCCAAAAC
5011,positive,2032,3.1788392066955566,VT65295|0|MEMB003B|-|2439,905,no,CAATAA,TGTGGTTGTCC,CGATCCAGAAG
5012,positive,2032,1.1788393259048462,VT65295|0|MEMB003C|+|2464,810,no,CAGTAA,TGTGGATGTCC,CGTTCCAAAAT
5013,positive,2032,1.1788393259048462,VT65295|0|MEMB003D|-|2218,859,no,CAGTAA,TGTGGATGTCC,CGTTCCAAAAC
5014,positive,2032,1.1788393259048462,VT65295|0|MEMB003F|-|2339,912,no,CAGTAG,TGTGGGTGTCC,CGTTCCAAAAC
5015,positive,2032,1.1788393259048462,VT65295|0|MEMB004A|-|1649,1078,no,CAGTAA,TGTGGATGTCC,CGTTCCAGAAT
5016,positive,2032,1.1788393259048462,VT65295|0|MEMB004B|+|2160,879,no,CAGTAG,TGTGGGTGTCC,CGTTGCAATAC
5017,positive,2032,1.1788393259048462,VT65295|0|MEMB004E|-|2307,910,no,CAGTAG,GGTGGGTGTCC,CGTTGCAAAAC
5018,positive,2032,1.1788393259048462,VT65295|0|MEMB005B|+|2303,894,no,CAGTAG,TGTGGGTGTCC,CGTTGCAAAAC
5019,positive,2032,1.1788393259048462,VT65295|0|MEMB005D|-|2647,890,no,CAGTAA,TGTGCGTGTCC,CGTTCCAAGAC
5020,positive,2032,1.1788393259048462,VT65295|0|MEMB006A|-|2731,913,no,CAGTAA,TGTGGTTGTCC,CGTTCCAAGAC
5021,positive,2032,1.1788393259048462,VT65295|0|MEMB006B|-|2950,923,no,CAGTAA,TGCGGGTGGTC,CGTTCCAAAAG
5022,positive,2032,1.1788393259048462,VT65295|0|MEMB006C|+|2238,902,no,CAGTAG,TGTGGGTGTCC,CGTTGCAAAAC
5023,positive,2032,1.1788393259048462,VT65295|0|MEMB007B|-|2640,980,no,CAGTAA,TGTGGATGTCC,CGTTCCAAAAT
5024,positive,2032,1.1788393259048462,VT65295|0|MEMB007C|+|2249,871,no,CAGTAA,TGTGGCTCTCC,CGTTCCAGAAG
5025,positive,2032,0.06336206197738647,VT65295|0|MEMB007D|-|2925,1266,no,CAGAAA,TGTGGATGTCC,CGTTCCAGCAC
5026,positive,2032,1.1788393259048462,VT65295|0|MEMB008C|-|2328,914,no,CAGTAG,TGTGGGTGTCC,CGTTGCAAAAC
5027,positive,2032,1.1788393259048462,VT65295|0|dkik|-|3985,859,no,CAGTAA,TGTGGATGTCC,CGTTCCAAAAC
5028,positive,2247,1.5938767194747925,VT65295|0|MEMB002A|+|3572,2102,no,AAATGG,CAGAACAACTG,TAGGCGGGGAA
5029,positive,2247,1.5938767194747925,VT65295|0|MEMB002B|-|1683,1298,no,AAATGG,CAGAACATCTG,AGAGCAGGaaa
5030,positive,2247,1.5938767194747925,VT65295|0|MEMB002C|-|3210,1748,no,AAATGG,CAGAACAACTG,TAGGCGGGGAA
5031,positive,2247,1.5938767194747925,VT65295|0|MEMB002D|+|2569,1125,no,AAATGG,CAGAAGCACTG,ATAGAAGGAAA
5032,positive,2247,1.5938767194747925,VT65295|0|MEMB002E|-|2184,1123,no,AAATGG,CAGAAGCACTA,ATAGAAACATT
5033,positive,2247,1.5938767194747925,VT65295|0|MEMB002F|-|2530,1295,no,AAATGA,CAAAACAACTG,GAAGCAAGGAA
5034,positive,2247,1.0633620023727417,VT65295|0|MEMB003A|-|2218,1074,no,AAACGG,CAGAAGCACTG,ATACAAGGGAT
5035,positive,2247,3.1788392066955566,VT65295|0|MEMB003B|-|2439,1120,no,CAATGG,CAGAAGCACTG,TAGAAAGTACT
5036,positive,2247,1.5938767194747925,VT65295|0|MEMB003C|+|2464,1025,no,AAATGG,CAGAACAACTG,TAGGCGGGGAA
5037,positive,2247,1.0633620023727417,VT65295|0|MEMB003D|-|2218,1074,no,AAACGG,CAGAAGCACTG,ATACAAGGGAT
5038,positive,2247,2.648324489593506,VT65295|0|MEMB003F|-|2339,1127,no,CAACGG,CAGAAGCACTA,ATAGAAGAGAT
5039,positive,2247,1.5938767194747925,VT65295|0|MEMB004A|-|1649,1293,no,AAATGG,CAGAACATCTG,AGAGCAGGaaa
5040,positive,2247,1.0633620023727417,VT65295|0|MEMB004B|+|2160,1094,no,AAACGG,CAGAAGCACTG,ATAGCAGAGAT
5041,positive,2247,1.0633620023727417,VT65295|0|MEMB004E|-|2307,1125,no,AAACGG,CAGAAGCACTG,GCAGAAGAGAT
5042,positive,2247,1.0633620023727417,VT65295|0|MEMB005B|+|2303,1109,no,AAACGG,CAGTAGCACTG,ATAGCAGAGAT
5043,positive,2247,1.5938767194747925,VT65295|0|MEMB005D|-|2647,1105,no,AAATGG,CAGTAGCACTA,GTAAAAGCGAT
5044,positive,2247,1.7007919549942017,VT65295|0|MEMB006A|-|2731,1128,no,AAAGGA,CAGTAGCACTA,GGAAAAGCGAT
5045,positive,2247,3.1788392066955566,VT65295|0|MEMB006B|-|2950,1138,no,CAATGG,CAAAAGCACTG,AAGAACTGATT
5046,positive,2247,1.5938767194747925,VT65295|0|MEMB006C|+|2238,1117,no,AAATGG,CAGAAGCACTG,GTAGAAGAGAT
5047,positive,2247,1.5938767194747925,VT65295|0|MEMB007B|-|2640,1195,no,AAATGG,CAGAACAGCTG,TAAGCAGGGAA
5048,positive,2247,3.1788392066955566,VT65295|0|MEMB007C|+|2249,1086,no,CAATGG,CAGAAGCACTG,TAGAAATTATT
5049,positive,2247,1.5938767194747925,VT65295|0|MEMB007D|-|2925,1481,no,aaattt,CAGaaacacta,atagaagaaat
5050,positive,2247,1.7007919549942017,VT65295|0|MEMB008C|-|2328,1129,no,AAAGGG,CAGAAGCACTG,AAAGAAGGGAG
5051,positive,2247,1.0633620023727417,VT65295|0|dkik|-|3985,1074,no,AAACGG,CAGAAGCACTG,ATTCAAGGGAT
5052,positive,2642,1.1788393259048462,VT65295|0|MEMB002A|+|3572,2203,no,CATTAA,AAAGTTTGGGT,ATAAATTGTGT
5053,positive,2642,1.1788393259048462,VT65295|0|MEMB002B|-|1683,1376,no,CATTAA,ATACATTGGGT,ATAAATTGTGT
5054,positive,2642,1.1788393259048462,VT65295|0|MEMB002C|-|3210,1849,no,CATTAA,AAAGTTTGGGT,ATAAATTGTGT
5055,positive,2642,2.593876838684082,VT65295|0|MEMB002D|+|2569,1216,no,TAATTT,AAGTTTTACAA,TACTACTGATT
5056,positive,2642,2.593876838684082,VT65295|0|MEMB002F|-|2530,1324,no,TAATTA,TGCGGAAGAAA,ATGGATTCAGT
5057,positive,2642,1.5938767194747925,VT65295|0|MEMB003A|-|2218,1112,no,AAATAA,TAAATTAGGGA,AAGTATTTGTT
5058,positive,2642,3.1788392066955566,VT65295|0|MEMB003B|-|2439,1152,no,CAATTG,AGCGGTCGGAA,TAATCTAAAGA
5059,positive,2642,1.1788393259048462,VT65295|0|MEMB003C|+|2464,1126,no,CATTAA,AAAGTTTGGGT,TTAAATTGTGT
5060,positive,2642,1.5938767194747925,VT65295|0|MEMB003D|-|2218,1112,no,AAATAA,TAAATTAGGGA,AAGTATTTGTT
5061,positive,2642,3.1788392066955566,VT65295|0|MEMB003F|-|2339,1194,no,CAATTG,AGGAATCGAAA,TAATCTAAAGA
5062,positive,2642,1.1788393259048462,VT65295|0|MEMB004A|-|1649,1370,no,CATTAG,ATACATTGGGT,ATAAATTGTGT
5063,positive,2642,2.0633621215820312,VT65295|0|MEMB004B|+|2160,1167,no,CAAATG,GGGAGTCGGAA,TAATATAAGGA
5064,positive,2642,3.1788392066955566,VT65295|0|MEMB004E|-|2307,1202,no,CAATTG,GGGAGTCGGAA,TAATCTAAATT
5065,positive,2642,2.0633621215820312,VT65295|0|MEMB005B|+|2303,1182,no,CAAATG,GGGAGTCGGAA,TAATATAAAGA
5066,positive,2642,3.1788392066955566,VT65295|0|MEMB005D|-|2647,1391,no,CAATTA,AGGAGTGGGAA,TAATCTAAAGA
5067,positive,2642,3.1788392066955566,VT65295|0|MEMB006A|-|2731,1422,no,CAATTG,AACAATTGGAA,CAATCTAAGGA
5068,positive,2642,2.0633621215820312,VT65295|0|MEMB006C|+|2238,1194,no,CAAATG,GGGAGTCGGAA,TAATCTAAAGA
5069,positive,2642,1.1788393259048462,VT65295|0|MEMB007B|-|2640,1277,no,CATTAA,AAAGTTTGTGT,TAAGAATGTAA
5070,positive,2642,3.1788392066955566,VT65295|0|MEMB007C|+|2249,1118,no,CAATGG,AGGCATCGGAA,TAATCTAAAGG
5071,positive,2642,0.5938767790794373,VT65295|0|MEMB007D|-|2925,1633,no,TATTAC,TCTACGTAAGT,GTTTATATTTT
5072,positive,2642,2.0633621215820312,VT65295|0|MEMB008C|-|2328,1203,no,CAAATG,GGGAGTCGGAA,TGTTCCAAAGA
5073,positive,2642,1.5938767194747925,VT65295|0|dkik|-|3985,1112,no,AAATAA,TAAATTAGGGA,AAgtttgtttg
5074,negative,2644,-1.1065629720687866,VT65295|0|MEMB002A|+|3572,2205,no,ATTTAA,TGACCCAAACT,ACACACAATTT
5075,negative,2644,-1.1065629720687866,VT65295|0|MEMB002B|-|1683,1378,no,ATTTAA,TGACCCAATGT,ACACACAATTT
5076,negative,2644,-1.1065629720687866,VT65295|0|MEMB002C|-|3210,1851,no,ATTTAA,TGACCCAAACT,ACACACAATTT
5077,negative,2644,1.5938767194747925,VT65295|0|MEMB002D|+|2569,1218,no,TAAAAT,TATTGTAAAAC,CTAATCAGTAG
5078,negative,2644,2.593876838684082,VT65295|0|MEMB002F|-|2530,1326,no,ATTAAT,TATTTCTTCCG,GTACTGAATCC
5079,negative,2644,0.008914276957511902,VT65295|0|MEMB003A|-|2218,1114,no,TTTTAT,TTTCCCTAATT,CAAACAAATAC
5080,negative,2644,3.1788392066955566,VT65295|0|MEMB003B|-|2439,1154,no,TACAAT,TGTTCCGACCG,TATCTTTAGAT
5081,negative,2644,-1.1065629720687866,VT65295|0|MEMB003C|+|2464,1128,no,AATTAA,TGACCCAAACT,ACACACAATTT
5082,negative,2644,0.008914276957511902,VT65295|0|MEMB003D|-|2218,1114,no,TTTTAT,TTTCCCTAATT,CAAACAAATAC
5083,negative,2644,3.1788392066955566,VT65295|0|MEMB003F|-|2339,1196,no,TACAAT,TGTTTCGATTC,TATCTTTAGAT
5084,negative,2644,-0.5216004252433777,VT65295|0|MEMB004A|-|1649,1372,no,ATCTAA,TGACCCAATGT,ACACACAATTT
5085,negative,2644,1.1788393259048462,VT65295|0|MEMB004B|+|2160,1169,no,TACATT,TGTTCCGACTC,AATCCTTATAT
5086,negative,2644,3.1788392066955566,VT65295|0|MEMB004E|-|2307,1204,no,TACAAT,TGTTCCGACTC,TAAATTTAGAT
5087,negative,2644,1.1788393259048462,VT65295|0|MEMB005B|+|2303,1184,no,TACATT,TGTTCCGACTC,TATCTTTATAT
5088,negative,2644,2.593876838684082,VT65295|0|MEMB005D|-|2647,1393,no,TATAAT,TGTTCCCACTC,TATCTTTAGAT
5089,negative,2644,3.1788392066955566,VT65295|0|MEMB006A|-|2731,1424,no,TGCAAT,TGTTCCAATTG,TATCCTTAGAT
5090,negative,2644,1.1788393259048462,VT65295|0|MEMB006C|+|2238,1196,no,TACATT,TGTTCCGACTC,TATCTTTAGAT
5091,negative,2644,-1.1065629720687866,VT65295|0|MEMB007B|-|2640,1279,no,TATTAA,TGACACAAACT,AATTACATTCT
5092,negative,2644,0.5938767790794373,VT65295|0|MEMB007C|+|2249,1120,no,TACCAT,TGTTCCGATGC,TACCTTTAGAT
5093,negative,2644,-2.1065628528594966,VT65295|0|MEMB007D|-|2925,1635,no,ACGTAA,TAACTTACGTA,ATAAAATATAA
5094,negative,2644,1.1788393259048462,VT65295|0|MEMB008C|-|2328,1205,no,CACATT,TGTTCCGACTC,TGTCTTTGGAA
5095,negative,2644,0.008914276957511902,VT65295|0|dkik|-|3985,1114,no,TTTTAT,TTTCCCTAATT,AACAAACAAAC
5096,negative,2774,0.5938767790794373,VT65295|0|MEMB002B|-|1683,1476,no,AATATT,AACTTAGATTA,TATTAATATTA
5097,negative,2774,0.5938767790794373,VT65295|0|MEMB002C|-|3210,1921,no,AATATT,CAATTAAGAAA,TATTGATATTA
5098,negative,2774,1.4783995151519775,VT65295|0|MEMB002D|+|2569,1306,no,AGTACA,ATCTAAAAAAT,ACATATTTAAA
5099,negative,2774,1.4783995151519775,VT65295|0|MEMB002E|-|2184,1164,no,AGTACA,GTATAAAGAAA,ATTTATCTAAA
5100,negative,2774,2.0633621215820312,VT65295|0|MEMB002F|-|2530,1386,no,ACCACA,AATATTTTATT,TAATCAAAAAA
5101,negative,2774,2.0633621215820312,VT65295|0|MEMB003A|-|2218,1173,no,AACAAA,ATCTTTTTAAG,AATCGGTCTCC
5102,negative,2774,3.1788392066955566,VT65295|0|MEMB003B|-|2439,1213,no,AACAAT,ATATAAAATAT,TTATTTAAAAA
5103,negative,2774,0.5938767790794373,VT65295|0|MEMB003C|+|2464,1198,no,AATATT,AAATTATGAAA,TATTGATATTA
5104,negative,2774,2.0633621215820312,VT65295|0|MEMB003D|-|2218,1173,no,AACAAA,ATCCTTTTAAG,AATCGGTCTCC
5105,negative,2774,-0.5216004252433777,VT65295|0|MEMB003F|-|2339,1274,no,AGTAGA,ATATACAAAGT,AAATATTTAAA
5106,negative,2774,0.5938767790794373,VT65295|0|MEMB004A|-|1649,1470,no,AATATT,AACTTAGATCA,TATTAATATTA
5107,negative,2774,-0.4061232209205627,VT65295|0|MEMB004B|+|2160,1217,no,TCGATT,AGGCTAACTTT,AACATTTTTAA
5108,negative,2774,0.4783995747566223,VT65295|0|MEMB004E|-|2307,1249,no,AAAAAA,AAACAAAACAA,TATTTAAACAA
5109,negative,2774,-0.5216004252433777,VT65295|0|MEMB005B|+|2303,1234,no,AGTAGA,AAAATACTTGA,AAATGATTCAA
5110,negative,2774,-0.5216004252433777,VT65295|0|MEMB006A|-|2731,1502,no,CACGAA,AAATATTCAAG,ATATTTGAAAA
5111,negative,2774,1.4783995151519775,VT65295|0|MEMB006B|-|2950,1181,no,AATACA,ATATATATAAA,ATTTTTTTAAA
5112,negative,2774,-0.5216004252433777,VT65295|0|MEMB006C|+|2238,1267,no,TATATA,GAATATCCAAA,TATATATAGAA
5113,negative,2774,0.5938767790794373,VT65295|0|MEMB007B|-|2640,1352,no,AATATT,AAATTAACGCA,TATTGATATTA
5114,negative,2774,3.1788392066955566,VT65295|0|MEMB007C|+|2249,1184,no,GACAAT,ATATAAAATAT,TTATTTAAAAA
5115,negative,2774,-0.5216004252433777,VT65295|0|MEMB007D|-|2925,1765,no,GATATA,AATTTTGTAAG,CGTACTACAAA
5116,negative,2774,0.5938767790794373,VT65295|0|MEMB008C|-|2328,1261,no,TATATT,ACATTCCCATT,TAAAGGTAGAA
5117,negative,2774,2.0633621215820312,VT65295|0|dkik|-|3985,1175,no,AACAAA,ATCTTTTTAAG,AATCGGTCTCC
5118,negative,2995,2.0633621215820312,VT65295|0|MEMB002D|+|2569,1321,no,TGTAAC,ATATTTAAAAG,AGTCAAAGTAC
5119,negative,2995,1.5938767194747925,VT65295|0|MEMB002E|-|2184,1179,no,AGGAAT,TTATCTAAAAG,TAACATCCTAT
5120,negative,2995,-0.5216004252433777,VT65295|0|MEMB003A|-|2218,1189,no,AACCAA,ATCGGTCTCCA,AATTATACATT
5121,negative,2995,3.2857544422149663,VT65295|0|MEMB003B|-|2439,1230,no,AACACG,TTATTTAAAAA,TTAAAGTATTT
5122,negative,2995,-0.5216004252433777,VT65295|0|MEMB003D|-|2218,1189,no,ACCCAA,ATCGGTCTCCA,AATTATACATT
5123,negative,2995,-2.1065628528594966,VT65295|0|MEMB003F|-|2339,1289,no,AAAGAA,ATATTTAAAAG,TATTGTACTAT
5124,negative,2995,1.4783995151519775,VT65295|0|MEMB004B|+|2160,1233,no,TATACA,ACATTTTTAAT,GTAAGCAGAAA
5125,negative,2995,0.4783995747566223,VT65295|0|MEMB004E|-|2307,1267,no,ACGAAA,ATATTTAAACA,AATAATACTAT
5126,negative,2995,2.0633621215820312,VT65295|0|MEMB005B|+|2303,1249,no,AACAAA,ATGATTCAAAG,CTTATCACTAT
5127,negative,2995,0.5938767790794373,VT65295|0|MEMB005D|-|2647,1459,no,AGCTAT,ATATTTATTTA,TGATTGTGGTA
5128,negative,2995,2.0633621215820312,VT65295|0|MEMB006A|-|2731,1519,no,AATAAC,ATATTTGAAAA,TTTTATACTAT
5129,negative,2995,2.0633621215820312,VT65295|0|MEMB006B|-|2950,1197,no,AACACA,TTTTTTTAAAA,AATAATACCAT
5130,negative,2995,2.0633621215820312,VT65295|0|MEMB006C|+|2238,1285,no,AGCAAA,ATATATATAGA,AATAATACTAT
5131,negative,2995,1.7007919549942017,VT65295|0|MEMB007C|+|2249,1201,no,AAGACG,TTATTTAAAAA,TTACAGTATTT
5132,negative,2995,2.0633621215820312,VT65295|0|MEMB007D|-|2925,1986,no,AACAAA,ATAATGGTATT,AAAAGAAACAA
5133,negative,2995,2.0633621215820312,VT65295|0|MEMB008C|-|2328,1283,no,AACAAA,ATATTTAAAGG,GTAAGCACTAT
5134,negative,2995,-0.5216004252433777,VT65295|0|dkik|-|3985,1191,no,AACCAA,ATCGGTCTCCA,AATTATACATT
5135,positive,3044,-0.5216004252433777,VT65295|0|MEMB002A|+|3572,2302,no,CGCAAC,TTAGAGCTTAC,AATAAATACAA
5136,positive,3044,2.0633621215820312,VT65295|0|MEMB002B|-|1683,1514,no,CACAAC,TAAGAGCTTAC,AATCAATACAA
5137,positive,3044,-0.5216004252433777,VT65295|0|MEMB002C|-|3210,1959,no,CGCAAC,TTAGAGCTTAC,AATAAATACAA
5138,positive,3044,2.0633621215820312,VT65295|0|MEMB002D|+|2569,1341,no,CACAAC,CTTTGACTTAC,AATCAATATAA
5139,positive,3044,2.0633621215820312,VT65295|0|MEMB002E|-|2184,1201,no,CACAAT,ATGTTACTTAC,AATCAAAATGA
5140,positive,3044,2.0633621215820312,VT65295|0|MEMB002F|-|2530,1425,no,CACAAC,TATGAGCTTAC,AATTATTACAA
5141,positive,3044,2.0633621215820312,VT65295|0|MEMB003A|-|2218,1216,no,CACAAT,TAGGAGCTTAC,TATAAGTATAA
5142,positive,3044,3.1788392066955566,VT65295|0|MEMB003B|-|2439,1253,no,CACTAT,TTTAACCTTAC,AATAATTATAA
5143,positive,3044,-0.5216004252433777,VT65295|0|MEMB003C|+|2464,1236,no,CGCAAC,TTAGAGCTTAC,AATAAATACAA
5144,positive,3044,2.0633621215820312,VT65295|0|MEMB003D|-|2218,1216,no,CACAAT,TAGGAGCTTAC,TATAAGTATAA
5145,positive,3044,2.0633621215820312,VT65295|0|MEMB003F|-|2339,1316,no,CACAAT,AAGGTGCTTAC,AATAAGTATAA
5146,positive,3044,2.0633621215820312,VT65295|0|MEMB004A|-|1649,1500,no,CACAAC,AGCATATTTAC,AATCAATACAA
5147,positive,3044,2.0633621215820312,VT65295|0|MEMB004B|+|2160,1250,no,CAAAAT,TTTCTGCTTAC,CATCAATATAA
5148,positive,3044,2.0633621215820312,VT65295|0|MEMB004E|-|2307,1294,no,CAAAAT,TATGCGCTTAC,AATTATTATAA
5149,positive,3044,2.0633621215820312,VT65295|0|MEMB005B|+|2303,1278,no,CAAAAT,ACATAGCTTAC,CATCACTATAA
5150,positive,3044,2.0633621215820312,VT65295|0|MEMB005D|-|2647,1468,no,CACAAT,atataGCTTAC,CATGAATATAA
5151,positive,3044,2.0633621215820312,VT65295|0|MEMB006A|-|2731,1546,no,CAAAAT,AATTAGCTTAC,CATAAATATAA
5152,positive,3044,2.0633621215820312,VT65295|0|MEMB006B|-|2950,1224,no,CACAAC,TATAAACTTAC,AATAATTATAA
5153,positive,3044,3.1788392066955566,VT65295|0|MEMB006C|+|2238,1312,no,CACTAT,TATGTGCTTAC,GATCAATATAA
5154,positive,3044,-0.5216004252433777,VT65295|0|MEMB007B|-|2640,1390,no,CGCAAC,TTAGAGCTTAC,AATCAATACAA
5155,positive,3044,2.0633621215820312,VT65295|0|MEMB007C|+|2249,1224,no,CACAAT,TGTAAGCTTAC,AATAATTATAA
5156,positive,3044,2.0633621215820312,VT65295|0|MEMB007D|-|2925,2035,no,CAAAAC,TAAGAGCTTAC,AATACCCACAA
5157,positive,3044,2.0633621215820312,VT65295|0|MEMB008C|-|2328,1300,no,CAAAAT,ATAGTGCTTAC,CATCAATATAA
5158,positive,3044,2.0633621215820312,VT65295|0|dkik|-|3985,1218,no,CACAAT,TAGGAGCTTAC,TATAAGTATAA
5159,positive,3326,-0.9910857081413268,VT65295|0|MEMB002A|+|3572,2491,no,ACATTT,TCAAAATAATT,ACTTTTCAGTA
5160,positive,3326,-0.9910857081413268,VT65295|0|MEMB002C|-|3210,2148,no,ACATTT,TCGAAATAAGT,ACTTTTCAGTA
5161,positive,3326,-0.9910857081413268,VT65295|0|MEMB002D|+|2569,1526,no,ACATTA,TAATTATAAAT,TCTTTCCATTA
5162,positive,3326,1.5938767194747925,VT65295|0|MEMB002E|-|2184,1386,no,GAATAA,CAGAGTTATCA,ACTTTTAAATA
5163,positive,3326,2.593876838684082,VT65295|0|MEMB002F|-|2530,1614,no,TAATCT,CTAAAATAAAT,ATCTTTCAATA
5164,positive,3326,3.1788392066955566,VT65295|0|MEMB003B|-|2439,1437,no,CAATTA,GTTTCAGAATA,TTATTTCCTAA
5165,positive,3326,1.5938767194747925,VT65295|0|MEMB003F|-|2339,1502,no,GAATAA,TTAAAATAAAT,TCTTTCAATAA
5166,positive,3326,1.0633620023727417,VT65295|0|MEMB004B|+|2160,1437,no,AAACAA,TCAATATAAAT,TTCTTTGCGTT
5167,positive,3326,1.5938767194747925,VT65295|0|MEMB004E|-|2307,1481,no,GAATTA,TTAATCTTAAT,TCGTTCAATAA
5168,positive,3326,1.5938767194747925,VT65295|0|MEMB005B|+|2303,1470,no,AAATGA,ATACTATACAT,TTCTTTCAATA
5169,positive,3326,0.4783995747566223,VT65295|0|MEMB005D|-|2647,1646,no,GAAATC,TCAGAATAGTT,TCTTTCAATAA
5170,positive,3326,1.5938767194747925,VT65295|0|MEMB006A|-|2731,1733,no,GAATCA,TCAGAATAGTT,TCTTTCAATAA
5171,positive,3326,1.5938767194747925,VT65295|0|MEMB006B|-|2950,1408,no,AAATTT,GTTTCAGAATA,TCCTTTTATAA
5172,positive,3326,-0.9910857081413268,VT65295|0|MEMB007B|-|2640,1579,no,ACATTT,TCAAAAAAAGT,ACATTTCAGTA
5173,positive,3326,3.1788392066955566,VT65295|0|MEMB007C|+|2249,1403,no,CAATTA,GTTTCAGTATA,TTCTTTCCCAA
5174,positive,3326,-0.4061232209205627,VT65295|0|MEMB008C|-|2328,1487,no,GATTTA,TCAGTTTAAAT,TCTTTCAATAA
5175,positive,3326,-0.9910857081413268,VT65295|0|dkik|-|3985,1498,no,ATATAA,GATCGGAAAAT,TTCTTTCTAAA
5176,negative,3357,0.4783995747566223,VT65295|0|MEMB002D|+|2569,1551,no,GAGACA,CACTGAGATAA,TTTAACTTAAA
5177,negative,3357,3.1788392066955566,VT65295|0|MEMB003B|-|2439,1468,no,TACAAT,GTAAAATTTAT,ACTTTTGGTGA
5178,negative,3357,1.4783995151519775,VT65295|0|MEMB006B|-|2950,1439,no,TGTAAA,ATTTGTAATTA,GTTCACAGCCA
5179,negative,3357,-3.5216004848480225,VT65295|0|dkik|-|3985,1529,no,GGGCTC,GTATCAACAAA,AATAGTGGTCG
5180,positive,3712,0.4783995747566223,VT65295|0|MEMB002A|+|3572,2644,no,AACATG,AATAGCACATG,GTAAATAAAAA
5181,positive,3712,0.4783995747566223,VT65295|0|MEMB002C|-|3210,2305,no,AACATG,AATAGCACATG,GTAAATAAAAA
5182,positive,3712,-0.5216004252433777,VT65295|0|MEMB002D|+|2569,1684,no,ctaatc,atttgtacaca,tctaacgtagt
5183,positive,3712,2.648324489593506,VT65295|0|MEMB002E|-|2184,1430,no,CAACTT,AGGTTATGTTA,AGAAATAATGA
5184,positive,3712,-2.991085767745972,VT65295|0|MEMB002F|-|2530,1715,no,ATTTAA,ACTTGGAAATT,ATAAATAATAA
5185,positive,3712,1.0633620023727417,VT65295|0|MEMB003A|-|2218,1436,no,AAACTT,AATTCAGGATA,GGAAATAAGCT
5186,positive,3712,3.1788392066955566,VT65295|0|MEMB003B|-|2439,1515,no,CAATTT,AGTTTACATTA,GGAAATATTTA
5187,positive,3712,0.4783995747566223,VT65295|0|MEMB003C|+|2464,1560,no,AACATG,AATAGCACATG,GTAAATAAAAA
5188,positive,3712,1.0633620023727417,VT65295|0|MEMB003D|-|2218,1436,no,AAACTT,AAGTCAGGATA,GGAAATAAGCT
5189,positive,3712,2.648324489593506,VT65295|0|MEMB003F|-|2339,1565,no,CAACTT,AGTGTAATTTA,GTAATGATATT
5190,positive,3712,2.0633621215820312,VT65295|0|MEMB004B|+|2160,1455,no,CAAACT,TCTTTGCGTTG,AGAAATAGAAT
5191,positive,3712,2.648324489593506,VT65295|0|MEMB004E|-|2307,1544,no,CAACTT,AGTGTACTGTA,GTATACAATTA
5192,positive,3712,2.648324489593506,VT65295|0|MEMB005B|+|2303,1518,no,CAACTT,AGAGTACGTTA,GTAAATAATGA
5193,positive,3712,0.6483245491981506,VT65295|0|MEMB005D|-|2647,1711,no,CATCTT,AAGGTCAGGCA,ATAAATAATAA
5194,positive,3712,-1.9366379976272583,VT65295|0|MEMB006A|-|2731,1814,no,CTGCTC,ATGTTAGGTTA,ATAAATAATAA
5195,positive,3712,-0.4061232209205627,VT65295|0|MEMB006B|-|2950,1790,no,aatttt,aacgatcggta,tcgaaaaaaaa
5196,positive,3712,-2.1065628528594966,VT65295|0|MEMB007B|-|2640,1734,no,ATCATG,AATAGCACATG,GTAAATAGAAA
5197,positive,3712,2.0633621215820312,VT65295|0|MEMB007C|+|2249,1444,no,CAAAAG,CATTGTATCAC,TTAAATAAATT
5198,positive,3712,2.648324489593506,VT65295|0|MEMB008C|-|2328,1531,no,CAACTT,AGTGTACGTTA,GTAAATAGTGA
5199,positive,3712,1.0633620023727417,VT65295|0|dkik|-|3985,1846,no,gacctt,acatcaccctt,aacgacacatt
5200,negative,4304,-0.9910857081413268,VT65295|0|MEMB002A|+|3572,2802,no,TGGGCT,CAAAATGTAGA,AAGTACGAAAA
5201,negative,4304,-2.1065628528594966,VT65295|0|MEMB002C|-|3210,2439,no,TGGGCA,CAAAATGTAGA,AAGTACGAAAA
5202,negative,4304,-0.5216004252433777,VT65295|0|MEMB002D|+|2569,1800,no,TATAGA,AAAGAATACGA,GCGATAGAAAA
5203,negative,4304,3.2857544422149663,VT65295|0|MEMB003B|-|2439,1585,no,TGCAAG,CTTCGGTGTGC,CTGTAAGAGTA
5204,negative,4304,-2.1065628528594966,VT65295|0|MEMB003C|+|2464,1694,no,TGGGCA,CAAAATGTAGA,AAGTACGAAAA
5205,negative,4304,0.06336206197738647,VT65295|0|MEMB005D|-|2647,1803,no,TCCATA,TTTCGGCGTGC,CTGCAAGAGTA
5206,negative,4304,2.0633621215820312,VT65295|0|MEMB006A|-|2731,1887,no,TTCACA,CTTCGGCGTGC,CTGCAAGAGTA
5207,negative,4304,1.5938767194747925,VT65295|0|MEMB006B|-|2950,2000,no,CGAAAT,CTCAAGTTTGA,ATATTAAGTGA
5208,negative,4304,-2.1065628528594966,VT65295|0|MEMB007B|-|2640,1870,no,TAGGCA,AAAAAAAATGT,AAGTACGAAAA
5209,negative,4304,2.0633621215820312,VT65295|0|MEMB007C|+|2249,1539,no,GTCACA,CTCCGGTGTGT,CTGTAAGAGTA
5210,negative,4304,1.4783995151519775,VT65295|0|dkik|-|3985,2438,no,TTTACA,ATGGTCACGGG,AAGAAGAAGCG
5211,negative,4356,3.1788392066955566,VT65295|0|MEMB003B|-|2439,1616,no,CTCAAT,GATGAATTTAC,TTCGTACACTT
5212,negative,4356,-1.991085767745972,VT65295|0|MEMB005D|-|2647,1855,no,CGTCTT,TCCACTTCTAC,CGCCTGTCCTC
5213,negative,4356,-1.991085767745972,VT65295|0|MEMB006A|-|2731,1939,no,TGTCTT,TCCACTTCTAC,CGTCTGTCCTC
5214,negative,4356,-2.5216004848480225,VT65295|0|MEMB006B|-|2950,2050,no,GTCCGA,TTGTCATAAAA,AGGATATAGTC
5215,negative,4356,-1.991085767745972,VT65295|0|dkik|-|3985,2490,no,ACTCTT,AGGCCAAGGAA,TAGATTAACTT
5216,negative,4363,3.1788392066955566,VT65295|0|MEMB003B|-|2439,1623,no,TACACT,TCTCAATGATG,AGCCATGTTCG
5217,negative,4363,0.008914276957511902,VT65295|0|MEMB005D|-|2647,1862,no,TGTCCT,CCGTCTTTCCA,CAGTAACCGCC
5218,negative,4363,0.008914276957511902,VT65295|0|MEMB006A|-|2731,1946,no,TGTCCT,CTGTCTTTCCA,CAGTAACCGTC
5219,negative,4363,0.5938767790794373,VT65295|0|MEMB006B|-|2950,2057,no,TATAGT,CGTCCGATTGT,CAACTATAGGA
5220,negative,4363,1.5938767194747925,VT65295|0|dkik|-|3985,2497,no,TTAACT,TACTCTTAGGC,TACTTAATAGA
5221,negative,4492,-1.991085767745972,VT65295|0|MEMB002A|+|3572,2841,no,GGTTTT,GAACTTGATTT,TATTGAAATTT
5222,negative,4492,-1.991085767745972,VT65295|0|MEMB002C|-|3210,2478,no,GGTTTT,GAACTTGATTT,TATTGAAATTT
5223,negative,4492,2.593876838684082,VT65295|0|MEMB002D|+|2569,1859,no,AGTAAT,GACCGTTGATG,TTAATGAATTA
5224,negative,4492,2.7007920742034908,VT65295|0|MEMB002E|-|2184,1466,no,AATAAG,CCAGTTGAGCT,TACATATACCT
5225,negative,4492,1.0633620023727417,VT65295|0|MEMB002F|-|2530,1815,no,ACGAAC,AAATTTGAGTA,TTGCAGTAATT
5226,negative,4492,-1.991085767745972,VT65295|0|MEMB003A|-|2218,1483,no,GATTTT,TAACATATTTT,ATATATTTTCC
5227,negative,4492,3.1788392066955566,VT65295|0|MEMB003B|-|2439,1682,no,TCCACT,GCGTTTATGTT,ATTCTATAGGT
5228,negative,4492,-1.991085767745972,VT65295|0|MEMB003C|+|2464,1733,no,GGTTTT,GAACTTGATTT,TATTGAAATTT
5229,negative,4492,-1.991085767745972,VT65295|0|MEMB003D|-|2218,1483,no,GATTTT,CAACATATTTT,ATATATTTTCC
5230,negative,4492,0.008914276957511902,VT65295|0|MEMB003F|-|2339,1621,no,TGTTAT,ATATATGTATG,TTCTAGTTTCT
5231,negative,4492,2.648324489593506,VT65295|0|MEMB004E|-|2307,1581,no,TGCAAC,GCAGTGCTTTC,AGTCTGAAGAT
5232,negative,4492,2.0633621215820312,VT65295|0|MEMB005B|+|2303,1580,no,AGCAAA,GCAGTGCTTTC,AGTCAGAAGTT
5233,negative,4492,1.1788393259048462,VT65295|0|MEMB005D|-|2647,1921,no,TGCAGT,GAAGGGTTTTT,AGTCAGAAGTT
5234,negative,4492,1.1788393259048462,VT65295|0|MEMB006A|-|2731,2005,no,TGCAGT,GAAGGGTTCTT,AGTCAGAAGTT
5235,negative,4492,0.6483245491981506,VT65295|0|MEMB006B|-|2950,2116,no,AACAGC,GAAGTAATGTT,ATTTGATGAGA
5236,negative,4492,2.648324489593506,VT65295|0|MEMB006C|+|2238,1513,no,TTCAAC,GCAGTGATTTC,AGTCAGAAGTT
5237,negative,4492,-1.991085767745972,VT65295|0|MEMB007B|-|2640,1909,no,GGTTTT,GAACTTGATTT,TATTGAAATTT
5238,negative,4492,0.008914276957511902,VT65295|0|MEMB007C|+|2249,1567,no,AATGAT,GAATTAACAAA,GTAACATTATC
5239,negative,4492,2.648324489593506,VT65295|0|MEMB008C|-|2328,1603,no,AGCAAC,GAAGTGATTTC,AGTCAGAAGTT
5240,negative,4492,0.6483245491981506,VT65295|0|dkik|-|3985,2626,no,AGCATC,TGAGTGGTCTG,TGTCGAAATAT
5241,positive,4613,3.1788392066955566,VT65295|0|MEMB003B|-|2439,1710,no,cactgc,acgactctttt,cctgaaaactt
5242,positive,4613,0.5938767790794373,VT65295|0|MEMB006B|-|2950,2144,no,ctattc,ttgagattcgg,aatgttatctt
5243,positive,4613,0.06336206197738647,VT65295|0|dkik|-|3985,2747,no,catatt,ttcaatattgc,ccttaaatttt
5244,positive,4631,3.1788392066955566,VT65295|0|MEMB003B|-|2439,1728,no,caattc,ctgaaaacttc,tgataataaga
5245,positive,4631,1.5938767194747925,VT65295|0|MEMB006B|-|2950,2162,no,gaattt,atgttatctta,cttttttaatt
5246,positive,4631,2.593876838684082,VT65295|0|dkik|-|3985,2765,no,taatta,cttaaattttt,ttccctgaacg
5247,positive,4738,2.0633621215820312,VT65295|0|MEMB002A|+|3572,2876,no,CAAAAT,TTTTTGTTTTT,CCAGACCAGAT
5248,positive,4738,-1.1065629720687866,VT65295|0|MEMB002C|-|3210,2513,no,TCAAAA,TTTTTTGTTTT,TCCAGACCAGA
5249,positive,4738,1.4783995151519775,VT65295|0|MEMB003A|-|2218,1509,no,TAAATA,ATAATTCTTTC,GTTTGTTGATT
5250,positive,4738,3.2857544422149663,VT65295|0|MEMB003B|-|2439,1753,no,caagag,agaataccctg,tgtaTATGTTA
5251,positive,4738,2.0633621215820312,VT65295|0|MEMB003C|+|2464,1768,no,CAAAAT,TTTTTGTTTTT,CCAGACCAGAT
5252,positive,4738,1.4783995151519775,VT65295|0|MEMB003D|-|2218,1509,no,TAAATA,ATAATTCTTTC,GTTTGTTGATT
5253,positive,4738,3.2857544422149663,VT65295|0|MEMB003F|-|2339,1651,no,CAAGGG,AGAATACCCTG,TAAATGTTATA
5254,positive,4738,0.1158294826745987,VT65295|0|MEMB004B|+|2160,1478,no,TTAGGG,AGAATACCCTG,TTTATCATTCG
5255,positive,4738,3.2857544422149663,VT65295|0|MEMB004E|-|2307,1615,no,caaggg,agaataccctg,GCAATGCTATC
5256,positive,4738,3.2857544422149663,VT65295|0|MEMB005B|+|2303,1614,no,caaggg,attataccctg,TAAATGTTCTA
5257,positive,4738,3.2857544422149663,VT65295|0|MEMB005D|-|2647,1955,no,caagag,aatacatcctg,tacaTAACTTG
5258,positive,4738,3.2857544422149663,VT65295|0|MEMB006A|-|2731,2039,no,caagag,aatgcatcctg,CATATAACTTG
5259,positive,4738,3.1788392066955566,VT65295|0|MEMB006B|-|2950,2268,no,CAATGG,AGAATACCCTG,TGTAAATATTT
5260,positive,4738,3.1788392066955566,VT65295|0|MEMB006C|+|2238,1547,no,caaTAT,agaataccctg,TAAATGTTATA
5261,positive,4738,2.0633621215820312,VT65295|0|MEMB007B|-|2640,1944,no,CAAAAT,TTTTTGTTTTT,CCAGACCAGAT
5262,positive,4738,2.593876838684082,VT65295|0|MEMB007D|-|2925,2234,no,TAATAA,TATATGTATTA,TAATAAACATA
5263,positive,4738,2.0633621215820312,VT65295|0|MEMB008C|-|2328,1637,no,caaagg,cgaataccctg,TAAATGTTATA
5264,positive,4738,2.0633621215820312,VT65295|0|dkik|-|3985,2872,no,caaatt,ttatttccttg,ggctttcctcg
5265,negative,5158,-0.4061232209205627,VT65295|0|MEMB002A|+|3572,2879,no,TGGATT,TTGAAAAACAA,AATATCTGGTC
5266,negative,5158,-0.4061232209205627,VT65295|0|MEMB002C|-|3210,2517,no,TGGATT,TTGAAAAACAA,AATATCTGGTC
5267,negative,5158,2.0633621215820312,VT65295|0|MEMB002D|+|2569,1886,no,CATACC,AATATATAATT,AATATCTAACA
5268,negative,5158,-0.5216004252433777,VT65295|0|MEMB002E|-|2184,1494,no,TATTCC,AATATATAATA,AATATCTAACA
5269,negative,5158,-1.4061232805252075,VT65295|0|MEMB002F|-|2530,1830,no,TACGTT,GCAGTAATTAC,AATATATAATA
5270,negative,5158,-1.1065629720687866,VT65295|0|MEMB003A|-|2218,1525,no,TATTCA,ATCAACAAACT,TATATATATAA
5271,negative,5158,3.1788392066955566,VT65295|0|MEMB003B|-|2439,1757,no,TACACT,CTTGCAGGGTA,TATATAACATA
5272,negative,5158,-0.4061232209205627,VT65295|0|MEMB003C|+|2464,1771,no,TGGATT,TTGAAAAACAA,AATATCTGGTC
5273,negative,5158,-1.1065629720687866,VT65295|0|MEMB003D|-|2218,1525,no,TATTCA,ATCAACAAACT,TATATATATAA
5274,negative,5158,2.0633621215820312,VT65295|0|MEMB003F|-|2339,1655,no,TTTACC,CTTGCAGGGTA,AATCTATAACA
5275,negative,5158,1.0633620023727417,VT65295|0|MEMB004B|+|2160,1482,no,TAAACC,CTAACAGGGTA,TCTTCGAATGA
5276,negative,5158,-1.5216004848480225,VT65295|0|MEMB004E|-|2307,1619,no,TTGCCC,CTTGCAGGGTA,ATTAGATAGCA
5277,negative,5158,2.0633621215820312,VT65295|0|MEMB005B|+|2303,1618,no,TTTACC,CTTGCAGGGTA,ATTATAGAACA
5278,negative,5158,2.593876838684082,VT65295|0|MEMB005D|-|2647,1959,no,TGTACT,CTTGCAGGATG,TATACAAGTTA
5279,negative,5158,0.008914276957511902,VT65295|0|MEMB006A|-|2731,2043,no,TATGCT,CTTGCAGGATG,TGTACAAGTTA
5280,negative,5158,2.648324489593506,VT65295|0|MEMB006B|-|2950,2272,no,TACACC,ATTGCAGGGTA,ATAAAAATATT
5281,negative,5158,2.593876838684082,VT65295|0|MEMB006C|+|2238,1551,no,TTTAAT,ATTGCAGGGTA,ATTTTATAACA
5282,negative,5158,-0.4061232209205627,VT65295|0|MEMB007B|-|2640,1947,no,TGGATT,TTGAAAAACAA,AATATCTGGTC
5283,negative,5158,0.5938767790794373,VT65295|0|MEMB007D|-|2925,2241,no,TTTATT,ATTATTATAAT,TAAAATTTATG
5284,negative,5158,2.0633621215820312,VT65295|0|MEMB008C|-|2328,1641,no,TTTACC,TTTGCAGGGTA,ATAATATAACA
5285,negative,5158,0.008914276957511902,VT65295|0|dkik|-|3985,3292,no,TATTCT,ACGAGCCCCGA,TATATATATTA
5286,negative,5274,0.5938767790794373,VT65295|0|MEMB002A|+|3572,2990,no,ATCCCT,GCGCCGCCATG,GGCCGCCGACG
5287,negative,5274,0.5938767790794373,VT65295|0|MEMB002C|-|3210,2628,no,ATCCCT,GCGCCGCCATG,GGCCGCCGACG
5288,negative,5274,0.5938767790794373,VT65295|0|MEMB002D|+|2569,1997,no,AGCCCT,GCGCCGCAATG,GGCTGCCGATG
5289,negative,5274,0.5938767790794373,VT65295|0|MEMB002E|-|2184,1605,no,AGCCCT,GCGTCGCAATG,GGCTGCCGATG
5290,negative,5274,0.5938767790794373,VT65295|0|MEMB002F|-|2530,1941,no,AGCCCT,GTGCCGCAATG,GGCCGCCGAGG
5291,negative,5274,0.5938767790794373,VT65295|0|MEMB003A|-|2218,1641,no,AGCCCT,GCGCCGCAGTG,GTCTGCCGATG
5292,negative,5274,3.1788392066955566,VT65295|0|MEMB003B|-|2439,1872,no,AGCACT,GCGCGGCCCGG,GGCTGCCGATG
5293,negative,5274,0.5938767790794373,VT65295|0|MEMB003C|+|2464,1882,no,ATCCCT,GTGCCGCCATG,GACCGCCGACG
5294,negative,5274,0.5938767790794373,VT65295|0|MEMB003D|-|2218,1641,no,AGCCCT,GCGCCGCAGTG,GTCTGCCGATG
5295,negative,5274,0.5938767790794373,VT65295|0|MEMB003F|-|2339,1766,no,AGCCCT,GCGTAGCTATG,GGCTGCCGATC
5296,negative,5274,0.5938767790794373,VT65295|0|MEMB004B|+|2160,1586,no,AGCCCT,GTGTCGCAATG,TTCTGCCGATC
5297,negative,5274,0.5938767790794373,VT65295|0|MEMB004E|-|2307,1730,no,AGCCCT,GCGTCACCATG,TACTGCCGATC
5298,negative,5274,0.5938767790794373,VT65295|0|MEMB005B|+|2303,1729,no,AGCCCT,GCGTCGCAATG,TTCTGCCGATC
5299,negative,5274,0.5938767790794373,VT65295|0|MEMB005D|-|2647,2074,no,AGCCCT,GCGCCACAATG,GGCTGCCGATG
5300,negative,5274,0.5938767790794373,VT65295|0|MEMB006A|-|2731,2158,no,AGCCCT,GCGCCACAATG,GGCTGCCGATG
5301,negative,5274,0.5938767790794373,VT65295|0|MEMB006B|-|2950,2386,no,AGCCCT,GCGCCGCCATG,GGCTTCCGATG
5302,negative,5274,-1.4061232805252075,VT65295|0|MEMB006C|+|2238,1662,no,AGCCTT,GCGTCGCAATG,CTCTGCCGATC
5303,negative,5274,0.5938767790794373,VT65295|0|MEMB007B|-|2640,2058,no,ATCCCT,GCGCCGCCATG,GGACGCCGACG
5304,negative,5274,3.1788392066955566,VT65295|0|MEMB007C|+|2249,1683,no,AGCACT,GCGCGGCCAGG,GGCTGCCGATG
5305,negative,5274,0.5938767790794373,VT65295|0|MEMB007D|-|2925,2351,no,AGCCCT,GCTCCGCAATG,GTCCGCCGATG
5306,negative,5274,0.5938767790794373,VT65295|0|MEMB008C|-|2328,1752,no,AGCCCT,GCGTTAAAATG,TTCTGCAGATC
5307,negative,5274,0.5938767790794373,VT65295|0|dkik|-|3985,3408,no,AGCCCT,GCGCCGCAGTG,GTCTGCCGATG
5308,negative,5332,2.648324489593506,VT65295|0|MEMB002A|+|3572,3048,no,ACCACC,TATCCGGAACC,CCCAATGGGTC
5309,negative,5332,2.648324489593506,VT65295|0|MEMB002C|-|3210,2686,no,ACCACC,TTTCCGGAACC,CCCAATGGGTC
5310,negative,5332,-0.5216004252433777,VT65295|0|MEMB002D|+|2569,2055,no,AGCGAA,TATGCGGAACC,CCGCAACTGAT
5311,negative,5332,-0.5216004252433777,VT65295|0|MEMB002E|-|2184,1663,no,AGCGAA,TATTCGGAACC,AAAAATTCAAC
5312,negative,5332,2.0633621215820312,VT65295|0|MEMB002F|-|2530,1999,no,TCTAAC,TATCCGGAACC,CCCAATTGGTC
5313,negative,5332,0.06336206197738647,VT65295|0|MEMB003A|-|2218,1699,no,AGCGAC,TTTCCGGAACC,AGCAATTTGAA
5314,negative,5332,3.1788392066955566,VT65295|0|MEMB003B|-|2439,1930,no,AGCAAT,AATGAAGATCC,CTCTATTTGAA
5315,negative,5332,2.648324489593506,VT65295|0|MEMB003C|+|2464,1940,no,ACCACC,TATCCGGAACC,CCCAATGGGTC
5316,negative,5332,0.06336206197738647,VT65295|0|MEMB003D|-|2218,1699,no,AGCGAC,TTTCCGGAACC,ACCAATTTGAA
5317,negative,5332,2.648324489593506,VT65295|0|MEMB003F|-|2339,1824,no,AGCAAC,TATGACAACCC,CCAAATTCGCC
5318,negative,5332,0.06336206197738647,VT65295|0|MEMB004B|+|2160,1644,no,AGCGAC,CAGGACTACCC,AAAAAGTTAAA
5319,negative,5332,0.5938767790794373,VT65295|0|MEMB004E|-|2307,1788,no,ACCGAT,TATGGGGACCC,AAACATTTCCA
5320,negative,5332,2.648324489593506,VT65295|0|MEMB005B|+|2303,1787,no,AGCAAC,CAGGAGTTCCC,AAAAAATTAAC
5321,negative,5332,2.648324489593506,VT65295|0|MEMB005D|-|2647,2132,no,AGCACC,TATGCGGAACC,ACCCGTTTCCC
5322,negative,5332,2.648324489593506,VT65295|0|MEMB006A|-|2731,2216,no,AGCACC,TACACGGAACC,ACCCGTTTCCC
5323,negative,5332,3.1788392066955566,VT65295|0|MEMB006B|-|2950,2444,no,AGCACT,TATGAGACACC,CCCAAATTCAA
5324,negative,5332,0.008914276957511902,VT65295|0|MEMB006C|+|2238,1720,no,ACTGAT,ACGGAGTATCC,AACAAATTCAA
5325,negative,5332,2.648324489593506,VT65295|0|MEMB007B|-|2640,2116,no,ACCACC,TATCCGGAACC,CCCAATGGGTC
5326,negative,5332,3.2857544422149663,VT65295|0|MEMB007C|+|2249,1741,no,AGCAAG,AATGAGGATCC,CCCTATTTGAA
5327,negative,5332,2.0633621215820312,VT65295|0|MEMB007D|-|2925,2409,no,AGCACA,TATCAGAGACC,CCCATTTCGTA
5328,negative,5332,2.648324489593506,VT65295|0|MEMB008C|-|2328,1810,no,AGCAAC,CCGGAGGCAAC,AACAATTGAAC
5329,negative,5332,0.06336206197738647,VT65295|0|dkik|-|3985,3466,no,AGCGAC,TTTCCGGAACC,AGCAATTTCAA
5330,negative,5347,0.06336206197738647,VT65295|0|MEMB002A|+|3572,3063,no,CGCGCC,CAATGGGTCAC,ACCATCTAATG
5331,negative,5347,0.06336206197738647,VT65295|0|MEMB002C|-|3210,2701,no,CGCGCC,CAATGGGTCAC,ACCATCTAATG
5332,negative,5347,0.06336206197738647,VT65295|0|MEMB002D|+|2569,2070,no,CGCGCC,GCAACTGATAG,ACCGTCTATTG
5333,negative,5347,-1.1065629720687866,VT65295|0|MEMB002E|-|2184,1678,no,CTTGAA,AAATTCAACAG,ACCATCGATTG
5334,negative,5347,-1.5216004848480225,VT65295|0|MEMB002F|-|2530,2014,no,CAGGCC,CAATTGGTCTC,ACCATCTACTG
5335,negative,5347,0.7007919549942017,VT65295|0|MEMB003A|-|2218,1714,no,CGCGAG,CAATTTGAAAG,ACCATCTATTG
5336,negative,5347,3.1788392066955566,VT65295|0|MEMB003B|-|2439,1945,no,TCCACT,CTATTTGAAAG,ACCATCAATTG
5337,negative,5347,0.06336206197738647,VT65295|0|MEMB003C|+|2464,1955,no,CGCGCC,CAATGGGTCAC,ACCATCTAATG
5338,negative,5347,0.06336206197738647,VT65295|0|MEMB003D|-|2218,1714,no,CGCGAC,CAATTTGAAAG,ACCATCTATTG
5339,negative,5347,0.06336206197738647,VT65295|0|MEMB003F|-|2339,1839,no,CGCGCC,AAATTCGCCAG,ACCAACTACTG
5340,negative,5347,2.0633621215820312,VT65295|0|MEMB004B|+|2160,1659,no,CGCAAA,AAAGTTAAAAG,ATAATGAGTTG
5341,negative,5347,-2.1065628528594966,VT65295|0|MEMB004E|-|2307,1803,no,CGAGAA,ACATTTCCAAC,ACAATAGATTT
5342,negative,5347,-0.5216004252433777,VT65295|0|MEMB005B|+|2303,1802,no,CGCGAA,AAAATTAACAG,ATAAACTAATG
5343,negative,5347,2.648324489593506,VT65295|0|MEMB005D|-|2647,2147,no,CGCAAC,CCGTTTCCCAG,ACCGTCGATTG
5344,negative,5347,0.06336206197738647,VT65295|0|MEMB006A|-|2731,2231,no,CGCGAC,CCGTTTCCCAG,ACCGTCGATTG
5345,negative,5347,2.648324489593506,VT65295|0|MEMB006B|-|2950,2459,no,CGCACC,CAAATTCAAAG,ACAATCTATTG
5346,negative,5347,-1.1065629720687866,VT65295|0|MEMB006C|+|2238,1735,no,CGTCAA,CAAATTCAAAC,ACAATCGATTG
5347,negative,5347,0.06336206197738647,VT65295|0|MEMB007B|-|2640,2131,no,CGCGCC,CAATGGGTCAC,ACCATCTAATG
5348,negative,5347,2.648324489593506,VT65295|0|MEMB007C|+|2249,1756,no,GCCACC,CTATTTGAAAG,ACCATCAATTG
5349,negative,5347,2.0633621215820312,VT65295|0|MEMB007D|-|2925,2424,no,CGTACC,CATTTCGTAAG,ACAGTATGTTG
5350,negative,5347,-0.5216004252433777,VT65295|0|MEMB008C|-|2328,1825,no,CGCGAA,CAATTGAACAG,ACAATCTATTG
5351,negative,5347,0.7007919549942017,VT65295|0|dkik|-|3985,3481,no,CGCGAG,CAATTTCAAAG,ACCATCTATTG
5352,negative,5355,-0.5216004252433777,VT65295|0|MEMB002A|+|3572,3071,no,ATCTAA,TGCGCGCCCAA,AGAGTGGTACC
5353,negative,5355,-0.5216004252433777,VT65295|0|MEMB002C|-|3210,2709,no,ATCTAA,TGCGCGCCCAA,AGAGTGGTACC
5354,negative,5355,0.5938767790794373,VT65295|0|MEMB002D|+|2569,2078,no,GTCTAT,TGCGCGCCGCA,AGAGTGGTACC
5355,negative,5355,0.5938767790794373,VT65295|0|MEMB002E|-|2184,1686,no,ATCGAT,TGCTTGAAAAA,AGAGTGGTACC
5356,negative,5355,0.06336206197738647,VT65295|0|MEMB002F|-|2530,2022,no,ATCTAC,TGCAGGCCCAA,AGAGTGGTACC
5357,negative,5355,0.5938767790794373,VT65295|0|MEMB003A|-|2218,1722,no,ATCTAT,TGCGCGAGCAA,GGAGTGGTACC
5358,negative,5355,3.1788392066955566,VT65295|0|MEMB003B|-|2439,1953,no,ATCAAT,TGTCCACTCTA,GGAGTGGTACC
5359,negative,5355,-0.5216004252433777,VT65295|0|MEMB003C|+|2464,1963,no,ATCTAA,TGCGCGCCCAA,AGAGTGGTACC
5360,negative,5355,0.5938767790794373,VT65295|0|MEMB003D|-|2218,1722,no,ATCTAT,TGCGCGACCAA,GGAGTGGTACC
5361,negative,5355,0.06336206197738647,VT65295|0|MEMB003F|-|2339,1847,no,AACTAC,TGCGCGCCAAA,AGAGTGGTACC
5362,negative,5355,-0.4061232209205627,VT65295|0|MEMB004B|+|2160,1667,no,ATGAGT,TGCGCAAAAAA,AGAGTGGTATA
5363,negative,5355,-0.9910857081413268,VT65295|0|MEMB004E|-|2307,1811,no,ATAGAT,TTCGAGAAACA,AGAGTGGTACA
5364,negative,5355,-0.5216004252433777,VT65295|0|MEMB005B|+|2303,1810,no,AACTAA,TGCGCGAAAAA,GGAGTGGTATA
5365,negative,5355,0.5938767790794373,VT65295|0|MEMB005D|-|2647,2155,no,GTCGAT,TGCGCAACCCG,AGAGTGGTACC
5366,negative,5355,0.5938767790794373,VT65295|0|MEMB006A|-|2731,2239,no,GTCGAT,TGCGCGACCCG,AGAGTGGTACC
5367,negative,5355,0.5938767790794373,VT65295|0|MEMB006B|-|2950,2467,no,ATCTAT,TGCGCACCCAA,GGAGTGGTACA
5368,negative,5355,0.5938767790794373,VT65295|0|MEMB006C|+|2238,1743,no,ATCGAT,TGCGTCAACAA,AGAGTGGTACA
5369,negative,5355,-0.5216004252433777,VT65295|0|MEMB007B|-|2640,2139,no,ATCTAA,TGCGCGCCCAA,GGAGTGGTACC
5370,negative,5355,3.1788392066955566,VT65295|0|MEMB007C|+|2249,1764,no,ATCAAT,TGGCCACCCTA,GGAGTGGTACC
5371,negative,5355,-2.991085767745972,VT65295|0|MEMB007D|-|2925,2432,no,GTATGT,TGCGTACCCAT,GGAATGGTACA
5372,negative,5355,0.5938767790794373,VT65295|0|MEMB008C|-|2328,1833,no,ATCTAT,TGCGCGAACAA,AGAGTGGTACA
5373,negative,5355,0.5938767790794373,VT65295|0|dkik|-|3985,3489,no,ATCTAT,TGCGCGAGCAA,AGAGTGGTACC
5374,negative,5429,-1.5216004848480225,VT65295|0|MEMB002A|+|3572,3145,no,TAACCC,CAGGCAGGATA,CGGGTCAAGAG
5375,negative,5429,-1.5216004848480225,VT65295|0|MEMB002C|-|3210,2783,no,TAACCC,CAGACAGGATA,CGGGTCAAGAG
5376,negative,5429,-2.991085767745972,VT65295|0|MEMB002D|+|2569,2152,no,AAATGT,TAAGCAGGATA,CAAGTGAGCAA
5377,negative,5429,-0.9910857081413268,VT65295|0|MEMB002E|-|2184,1760,no,AAATAT,TAAGCAGGATA,CAAGTGGACAA
5378,negative,5429,-2.1065628528594966,VT65295|0|MEMB002F|-|2530,2096,no,TAACCA,TAAACAGGATA,CGGGTCAAGAG
5379,negative,5429,-0.9910857081413268,VT65295|0|MEMB003A|-|2218,1796,no,AAACCT,TAAGCAGGATA,CAGGTCGGCAA
5380,negative,5429,3.1788392066955566,VT65295|0|MEMB003B|-|2439,2027,no,ACCAAT,TAATCAGGATA,CAAGTCGACAA
5381,negative,5429,-1.5216004848480225,VT65295|0|MEMB003C|+|2464,2037,no,TAACCC,CAGGCAGGATA,CGGGTCAAGAG
5382,negative,5429,-0.9910857081413268,VT65295|0|MEMB003D|-|2218,1796,no,AAACCT,TAAGCAGGATA,CAGGTCGGCAA
5383,negative,5429,-0.9910857081413268,VT65295|0|MEMB003F|-|2339,1921,no,AGGTAT,TACGCAGGATA,CAGATCGGCAA
5384,negative,5429,0.008914276957511902,VT65295|0|MEMB004B|+|2160,1741,no,AGTCAT,TAAGCAGGATA,CAGGTCACCAA
5385,negative,5429,0.008914276957511902,VT65295|0|MEMB004E|-|2307,1885,no,AGTTAT,TAAGCAGGATA,CAGGTCACAAA
5386,negative,5429,0.008914276957511902,VT65295|0|MEMB005B|+|2303,1884,no,AGTCAT,TAAGCAGGATA,CAGGTCACCAA
5387,negative,5429,-2.991085767745972,VT65295|0|MEMB005D|-|2647,2229,no,AAAGGT,TAAGCAGGATA,AAGGTTGACAA
5388,negative,5429,-2.991085767745972,VT65295|0|MEMB006A|-|2731,2313,no,AAAGGT,TAAGCAGGATA,AAGGTCGACAA
5389,negative,5429,-2.991085767745972,VT65295|0|MEMB006B|-|2950,2541,no,AAGGGT,TAATCAGGATA,CAAGCCGACAA
5390,negative,5429,0.008914276957511902,VT65295|0|MEMB006C|+|2238,1817,no,GGTCAT,TAAGCAGGATA,CAGGTCACCAA
5391,negative,5429,-2.1065628528594966,VT65295|0|MEMB007B|-|2640,2213,no,TAACCA,CAAGCATGATA,CGGGTCAAGAG
5392,negative,5429,-0.9910857081413268,VT65295|0|MEMB007C|+|2249,1838,no,AAATAT,TAATCAGGATA,CAAGTCGGCAA
5393,negative,5429,-1.5216004848480225,VT65295|0|MEMB007D|-|2925,2506,no,AGACCC,CAAACAGGATA,CGGATCAAAAA
5394,negative,5429,0.008914276957511902,VT65295|0|MEMB008C|-|2328,1907,no,AGTCAT,TAAGCAGGATA,CAGGTCACCAA
5395,negative,5429,-0.9910857081413268,VT65295|0|dkik|-|3985,3563,no,AAACCT,TAAGCAGGATA,CAGGTCGACAA
5396,positive,5553,-0.8841705322265625,VT65295|0|MEMB002A|+|3572,3269,no,ATAGCT,GATCGTCACCG,CCAGAGGCGGC
5397,positive,5553,-0.8841705322265625,VT65295|0|MEMB002C|-|3210,2907,no,ATAGCT,GATCGACAGCG,CCAGGGGCGGC
5398,positive,5553,0.7007919549942017,VT65295|0|MEMB002D|+|2569,2276,no,CGAGGT,GATCAAGACAT,TTTTGGGCGTA
5399,positive,5553,0.1158294826745987,VT65295|0|MEMB002E|-|2184,1884,no,TGAGTT,GATCAACATAT,TATTGGGCACA
5400,positive,5553,-0.8841705322265625,VT65295|0|MEMB002F|-|2530,2220,no,ATAGCT,GATGGAGACGG,CCAGGGGCGGT
5401,positive,5553,0.7007919549942017,VT65295|0|MEMB003A|-|2218,1920,no,CCAGGA,GATCGAGACAT,CCAAAGGCGGC
5402,positive,5553,3.2857544422149663,VT65295|0|MEMB003B|-|2439,2151,no,CAAGGC,GATCTGGACAT,GCTTGGGCACT
5403,positive,5553,-0.8841705322265625,VT65295|0|MEMB003C|+|2464,2161,no,ATAGCT,GATCGTCAGCG,CCAGGGGCGGC
5404,positive,5553,0.7007919549942017,VT65295|0|MEMB003D|-|2218,1920,no,CCAGGA,GATCGAGACAT,CCAAAGGCGGC
5405,positive,5553,0.7007919549942017,VT65295|0|MEMB003F|-|2339,2045,no,CGAGAG,GATCGAGACTT,TGTTGGGCGCC
5406,positive,5553,0.7007919549942017,VT65295|0|MEMB004B|+|2160,1865,no,CGAGAC,GATCGAGACTT,TCATGGGCGCC
5407,positive,5553,0.7007919549942017,VT65295|0|MEMB004E|-|2307,2009,no,CGAGAA,GATCGAGACGT,TATTGGGCGCC
5408,positive,5553,0.7007919549942017,VT65295|0|MEMB005B|+|2303,2008,no,CGAGAG,GATCTGGACTT,TATTGGGCGTC
5409,positive,5553,0.7007919549942017,VT65295|0|MEMB005D|-|2647,2353,no,CGAGTG,GATGTTGACAT,TTTTGGGCGTA
5410,positive,5553,0.7007919549942017,VT65295|0|MEMB006A|-|2731,2437,no,CGAGTT,GATGTAGACAT,TTTTGGGCGTA
5411,positive,5553,2.7007920742034908,VT65295|0|MEMB006B|-|2950,2665,no,TAAGTT,GATCAGGACAT,TCTTGGGCGTC
5412,positive,5553,0.7007919549942017,VT65295|0|MEMB006C|+|2238,1941,no,CGAGTT,GATCGTGACTT,TCTTGGGCACC
5413,positive,5553,-0.8841705322265625,VT65295|0|MEMB007B|-|2640,2337,no,ATAGCT,GATCGTCAGCG,CCAGGGGCGGC
5414,positive,5553,3.2857544422149663,VT65295|0|MEMB007C|+|2249,1962,no,CAAGCT,GATCTTGACAT,GCTTGGGCACG
5415,positive,5553,1.7007919549942017,VT65295|0|MEMB007D|-|2925,2630,no,AAAGAT,GATCGAGACGG,GCTTAGGCGGC
5416,positive,5553,0.7007919549942017,VT65295|0|MEMB008C|-|2328,2031,no,CGAGAG,GATCGAGACAT,TCTTGGGCGCC
5417,positive,5553,0.7007919549942017,VT65295|0|dkik|-|3985,3687,no,CCAGGA,GATCGAGACAT,CCAAAGGCGGC
5418,positive,5566,-1.9366379976272583,VT65295|0|MEMB002A|+|3572,3282,no,CGGCCC,AGCTCCAGAGG,CTCCTCAGAGA
5419,positive,5566,-1.9366379976272583,VT65295|0|MEMB002C|-|3210,2920,no,CGGCCC,AGCTCCAGGGG,CTCCTCAGCGA
5420,positive,5566,-2.5216004848480225,VT65295|0|MEMB002D|+|2569,2289,no,CGTATC,AGGTTTTTGGG,CTCGAGGTCAT
5421,positive,5566,2.0633621215820312,VT65295|0|MEMB002E|-|2184,1897,no,CACATC,AGTTTATTGGG,ATTGAGATCAT
5422,positive,5566,-1.4061232805252075,VT65295|0|MEMB002F|-|2530,2233,no,CGGTCC,AGCTCCAGGGG,CGCCTGATTCT
5423,positive,5566,-1.9366379976272583,VT65295|0|MEMB003A|-|2218,1933,no,CGGCTG,AGGACCAAAGG,AGGTCCGCTGA
5424,positive,5566,3.1788392066955566,VT65295|0|MEMB003B|-|2439,2164,no,CACTTT,AGGCGCTTGGG,CGTGAGATCCC
5425,positive,5566,-1.9366379976272583,VT65295|0|MEMB003C|+|2464,2174,no,CGGCCC,AGCTCCAGGGG,CTCCTCAGAGT
5426,positive,5566,-1.9366379976272583,VT65295|0|MEMB003D|-|2218,1933,no,CGGCTG,AGGACCAAAGG,AGGTCCGCTGA
5427,positive,5566,0.06336206197738647,VT65295|0|MEMB003F|-|2339,2058,no,CGCCTC,AGAGTGTTGGG,CTGAAGATCAT
5428,positive,5566,0.06336206197738647,VT65295|0|MEMB004B|+|2160,1878,no,CGCCTC,AGACTCATGGG,CTCAAGATTAT
5429,positive,5566,0.06336206197738647,VT65295|0|MEMB004E|-|2307,2022,no,CGCCTG,AGAATATTGGG,ATCCTGGAGAT
5430,positive,5566,-1.9366379976272583,VT65295|0|MEMB005B|+|2303,2021,no,CGTCTC,AGAGTATTGGG,CTGGAGATTAT
5431,positive,5566,-2.5216004848480225,VT65295|0|MEMB005D|-|2647,2366,no,CGTATC,AGTGTTTTGGG,TTGGAGATTCT
5432,positive,5566,-2.5216004848480225,VT65295|0|MEMB006A|-|2731,2450,no,CGTATC,AGTTTTTTGGG,TTGGAGATTCT
5433,positive,5566,-1.9366379976272583,VT65295|0|MEMB006B|-|2950,2678,no,CGTCTC,AGTTTCTTGGG,TTCGAGATTAT
5434,positive,5566,2.648324489593506,VT65295|0|MEMB006C|+|2238,1954,no,CACCTC,AGTTTCTTGGG,CTCGAGTTTAT
5435,positive,5566,-1.9366379976272583,VT65295|0|MEMB007B|-|2640,2350,no,CGGCCC,AGCTCCAGGGG,CTCCTCTTGGG
5436,positive,5566,3.2857544422149663,VT65295|0|MEMB007C|+|2249,1975,no,CACGTT,AGCTGCTTGGG,TGTGAGATCAT
5437,positive,5566,-1.9366379976272583,VT65295|0|MEMB007D|-|2925,2643,no,CGGCTT,AGATGCTTAGG,CTCCTCGTGCA
5438,positive,5566,0.06336206197738647,VT65295|0|MEMB008C|-|2328,2044,no,CGCCTC,AGAGTCTTGGG,CTGGAGATTAT
5439,positive,5566,-1.9366379976272583,VT65295|0|dkik|-|3985,3700,no,CGGCTG,AGGACCAAAGG,AGGTCCGCTGA
5440,positive,44,-0.5216004252433777,VT65295|0|MEMB002A|+|3572,44,no,TTCCGT,CAGCTGCTTGG,GTCTCAGCTTC
5441,positive,44,0.06336206197738647,VT65295|0|MEMB002B|-|1683,44,no,CTCCCT,CAGCCGCCTGG,CTTTTAGTTTC
5442,positive,44,-0.5216004252433777,VT65295|0|MEMB002C|-|3210,44,no,TTCCGT,CAGCTGCTTGC,GACTCAGCTTC
5443,positive,44,-0.5216004252433777,VT65295|0|MEMB002D|+|2569,44,no,TGCCTG,CATTTGCTTAG,AATTCAGCTTC
5444,positive,44,0.06336206197738647,VT65295|0|MEMB002E|-|2184,44,no,CGCCCG,CATTTGCATAG,AATTAAGCTTC
5445,positive,44,-0.5216004252433777,VT65295|0|MEMB002F|-|2530,44,no,TTCCCC,CAGCTGCCTGG,CTCTCAGTTTC
5446,positive,44,-0.5216004252433777,VT65295|0|MEMB003A|-|2218,44,no,TGCCCA,CAAGAGCCGCG,TATGTAGCTGC
5447,positive,44,-0.5216004252433777,VT65295|0|MEMB003B|-|2439,44,no,TGCCCG,CATGTGCCTTG,GACTAAGCTTT
5448,positive,44,3.2857544422149663,VT65295|0|MEMB003C|+|2464,35,no,cacgga,ctgttgtttca,cagacagacag
5449,positive,44,-0.5216004252433777,VT65295|0|MEMB003D|-|2218,44,no,TGCCCA,CAAAAGCCGCG,TATGTAGCTGC
5450,positive,44,0.06336206197738647,VT65295|0|MEMB003F|-|2339,44,no,CCCCGA,CATTTGCCTTG,CATTCAGGTGT
5451,positive,44,0.06336206197738647,VT65295|0|MEMB004A|-|1649,44,no,CTCCCT,CAGCCGCCTGG,CTTTTAGTTTC
5452,positive,44,0.06336206197738647,VT65295|0|MEMB004B|+|2160,44,no,CCCCGA,CATTTGCCTTG,CATTTAGGTGT
5453,positive,44,0.06336206197738647,VT65295|0|MEMB004E|-|2307,44,no,CCCCGA,CATTTGCCTTG,CATTCAGGTGC
5454,positive,44,-1.9366379976272583,VT65295|0|MEMB005B|+|2303,44,no,CCGCGA,CATTTGCCTTG,TATTTAGGTGC
5455,positive,44,0.06336206197738647,VT65295|0|MEMB005D|-|2647,44,no,CGCCCG,CATTTGCCTTG,TATTCAGCGCC
5456,positive,44,0.06336206197738647,VT65295|0|MEMB006A|-|2731,44,no,CCCCCA,CATTTGCCTTG,TATTCAGCGCC
5457,positive,44,-0.5216004252433777,VT65295|0|MEMB006B|-|2950,44,no,TGCCCG,CATGTGCCTTG,GATTCAGTTTA
5458,positive,44,0.06336206197738647,VT65295|0|MEMB006C|+|2238,44,no,CCCCGA,CATTTGCTTTG,AGGGCAGGTGC
5459,positive,44,-0.5216004252433777,VT65295|0|MEMB007B|-|2640,44,no,TTCCCT,CAGTTGCTGGG,GTCTCAGATTC
5460,positive,44,-0.5216004252433777,VT65295|0|MEMB007C|+|2249,44,no,TGCCCG,CATGTGCTTTG,GACGAAGCTTT
5461,positive,44,-0.5216004252433777,VT65295|0|MEMB007D|-|2925,44,no,TTCCCG,CATTTGCCTTG,CTCTCAGTTTC
5462,positive,44,0.06336206197738647,VT65295|0|MEMB008C|-|2328,44,no,CCCCGA,CATTTGCCTTG,CATTCAGGTGC
5463,positive,44,-0.5216004252433777,VT65295|0|dkik|-|3985,44,no,TGCCCA,CAAGAGCCGCG,TATGTAGCTGC
5464,positive,136,0.7007919549942017,VT65295|0|MEMB002A|+|3572,126,no,CTCGAA,CGCTTCTCGAT,GCGATCCGCTT
5465,positive,136,0.7007919549942017,VT65295|0|MEMB002B|-|1683,126,no,CTCGAA,CGCTTCTCGAT,GCGATCCGATT
5466,positive,136,0.7007919549942017,VT65295|0|MEMB002C|-|3210,126,no,CTCGAA,CGCTTCTCGAT,GCGATCCGCTT
5467,positive,136,-2.5216004848480225,VT65295|0|MEMB002D|+|2569,126,no,CTGATA,CGTTTCTCGAT,TCGATCCGAGT
5468,positive,136,-2.5216004848480225,VT65295|0|MEMB002E|-|2184,126,no,CTGATA,CGTTTCTCGAT,TCGATCCGAGT
5469,positive,136,0.7007919549942017,VT65295|0|MEMB002F|-|2530,126,no,CTCGAA,CGCTTCTCGAT,GCGATCCGATT
5470,positive,136,-0.5216004252433777,VT65295|0|MEMB003A|-|2218,126,no,CTCAAA,CGTTTCTCAAT,TCGATCCGAGT
5471,positive,136,-0.5216004252433777,VT65295|0|MEMB003B|-|2439,126,no,CTCATA,CGTTTCTCGAT,TCGATCCATGT
5472,positive,136,3.2857544422149663,VT65295|0|MEMB003C|+|2464,102,no,caagaa,gtgacgctgat,tatatatactt
5473,positive,136,-0.5216004252433777,VT65295|0|MEMB003D|-|2218,126,no,CTCAAA,CGTTTCTCAAT,TCGATCCGAGT
5474,positive,136,-1.2992080450057983,VT65295|0|MEMB003F|-|2339,126,no,CTGGTA,CGTTTCTCGAT,TCGATCCGAGT
5475,positive,136,0.7007919549942017,VT65295|0|MEMB004A|-|1649,126,no,CTCGAA,CGCTTCTCGAT,GCGATCCGATT
5476,positive,136,-2.5216004848480225,VT65295|0|MEMB004B|+|2160,126,no,CTGAAA,CGTTTCTCGAT,TCGATCCGAAT
5477,positive,136,-2.5216004848480225,VT65295|0|MEMB004E|-|2307,126,no,CTGATA,CGTTTCTCGAT,TCGATCCGAAT
5478,positive,136,-2.5216004848480225,VT65295|0|MEMB005B|+|2303,126,no,CTGATA,CGTTTCTCGAT,TCGATCCGAAT
5479,positive,136,-0.5216004252433777,VT65295|0|MEMB005D|-|2647,126,no,CTCATA,CGCTTCTCGAT,TCGGTCCGATT
5480,positive,136,-0.5216004252433777,VT65295|0|MEMB006A|-|2731,126,no,CTCATA,CGTTTCTCGAT,TCGGTCCGATT
5481,positive,136,-2.5216004848480225,VT65295|0|MEMB006B|-|2950,126,no,CTGATA,CGTTTCTCAAT,TCGGTCCGAGT
5482,positive,136,-2.5216004848480225,VT65295|0|MEMB006C|+|2238,126,no,CTGATG,CGTTTCTCGAT,TCGGTCCGAGT
5483,positive,136,0.7007919549942017,VT65295|0|MEMB007B|-|2640,126,no,CTCGAA,CGCTTCTCGAT,GCGATCCGCTT
5484,positive,136,-0.5216004252433777,VT65295|0|MEMB007C|+|2249,126,no,CTCATA,CGTTTCTCGAT,TCGATCCGAGT
5485,positive,136,-1.2992080450057983,VT65295|0|MEMB007D|-|2925,126,no,CTGGAA,CGCTTCTCAAT,ACGATCCGAGT
5486,positive,136,-2.5216004848480225,VT65295|0|MEMB008C|-|2328,126,no,CTGATA,CGTTTCTCGAT,TCGATCCGAGT
5487,positive,136,-0.5216004252433777,VT65295|0|dkik|-|3985,126,no,CTCAAA,CGTTTCTCAAT,TCGATCCGAGT
5488,positive,239,-0.4061232209205627,VT65295|0|MEMB002A|+|3572,229,no,AAGTCT,CGTCGAAGCGG,ACAAGGTGACG
5489,positive,239,-0.4061232209205627,VT65295|0|MEMB002B|-|1683,229,no,AAGTCT,CGTCGAAGCGG,ACAAGGTGACG
5490,positive,239,-0.4061232209205627,VT65295|0|MEMB002C|-|3210,229,no,AAGTCC,CGTCGAAGCGG,ACAAGGTGACG
5491,positive,239,-0.4061232209205627,VT65295|0|MEMB002D|+|2569,229,no,AAGTCA,CTGCGAAACGG,ACCATGTGACG
5492,positive,239,-0.4061232209205627,VT65295|0|MEMB002E|-|2184,229,no,AAGTCA,CTGCGAATCGG,ACCAGGTGACG
5493,positive,239,-0.4061232209205627,VT65295|0|MEMB002F|-|2530,229,no,AAGTCA,CGTCGAAACGG,AGTAGGTGACG
5494,positive,239,-0.4061232209205627,VT65295|0|MEMB003A|-|2218,229,no,AAGTCC,CTGCGAAACGG,ACCAGGTGACG
5495,positive,239,-0.4061232209205627,VT65295|0|MEMB003B|-|2439,229,no,AAGTCG,CTTCGAAACGG,ACTAGGTGGCG
5496,positive,239,3.1788392066955566,VT65295|0|MEMB003C|+|2464,169,no,cactaa,ttctcggttgg,cttataatacc
5497,positive,239,-0.4061232209205627,VT65295|0|MEMB003D|-|2218,229,no,AAGTCC,CTGCGAAACGG,ACCAGGTGACG
5498,positive,239,-0.4061232209205627,VT65295|0|MEMB003F|-|2339,229,no,AAGTCA,CTGCGAAACGG,ACCAGGTGACG
5499,positive,239,-0.4061232209205627,VT65295|0|MEMB004A|-|1649,229,no,AAGTCT,CGTCGAAGCGG,ACAAGGTGACG
5500,positive,239,-0.4061232209205627,VT65295|0|MEMB004B|+|2160,229,no,AAGTCA,CTGCGAAACGG,ACCAGGTGACG
5501,positive,239,-0.4061232209205627,VT65295|0|MEMB004E|-|2307,229,no,AAGTCA,CTGCGAAACGG,ACCATGTGACG
5502,positive,239,-0.4061232209205627,VT65295|0|MEMB005B|+|2303,229,no,AAGTCA,CTGCGAAACGG,ACTAGGTGACG
5503,positive,239,-0.4061232209205627,VT65295|0|MEMB005D|-|2647,229,no,AAGTCA,CTGCGAACCGG,ACCAGGTGACG
5504,positive,239,-0.4061232209205627,VT65295|0|MEMB006A|-|2731,229,no,AAGTCA,CGGCGAACCGG,ACCAGGTGACG
5505,positive,239,-0.4061232209205627,VT65295|0|MEMB006B|-|2950,229,no,AAGTCA,CCTCGAAACGG,ACCAGGTGGCG
5506,positive,239,-0.4061232209205627,VT65295|0|MEMB006C|+|2238,229,no,AAGTCA,CTGCGAAACGG,ACTAGGTGACG
5507,positive,239,-0.4061232209205627,VT65295|0|MEMB007B|-|2640,229,no,AAGTCC,CGTCGAAGCGG,ACCAGGTGACG
5508,positive,239,-0.4061232209205627,VT65295|0|MEMB007C|+|2249,229,no,AAGTCG,CTTCGAAACGG,ACCAGGTGACG
5509,positive,239,-0.4061232209205627,VT65295|0|MEMB007D|-|2925,229,no,AAGTCA,CGTCGAAACGG,ATAAGGCGACG
5510,positive,239,-0.4061232209205627,VT65295|0|MEMB008C|-|2328,229,no,AAGTCA,CTGCGAAACGG,ACCAGGTGACG
5511,positive,239,-0.4061232209205627,VT65295|0|dkik|-|3985,229,no,AAGTCC,CTGCGAAACGG,ACCAGGTGACG
5512,negative,256,-2.1065628528594966,VT65295|0|MEMB002A|+|3572,246,no,GAGCAA,CGTCACCTTGT,TTTTTTTAGGT
5513,negative,256,-2.1065628528594966,VT65295|0|MEMB002B|-|1683,246,no,GAGCAA,CGTCACCTTGT,CCCTTACAGGT
5514,negative,256,-2.1065628528594966,VT65295|0|MEMB002C|-|3210,246,no,GAGCAA,CGTCACCTTGT,CACTTTCAGGT
5515,negative,256,-2.1065628528594966,VT65295|0|MEMB002D|+|2569,246,no,GAACAA,CGTCACATGGT,CACTTTTAGGC
5516,negative,256,-2.1065628528594966,VT65295|0|MEMB002E|-|2184,246,no,GGGCAA,CGTCACCTGGT,TACTTTTAGGT
5517,negative,256,-2.1065628528594966,VT65295|0|MEMB002F|-|2530,246,no,GAGCAA,CGTCACCTACT,TACTATTAGGT
5518,negative,256,-2.1065628528594966,VT65295|0|MEMB003A|-|2218,246,no,GAGCAA,CGTCACCTGGT,CACTTCCAGGC
5519,negative,256,-1.5216004848480225,VT65295|0|MEMB003B|-|2439,246,no,GCGCAC,CGCCACCTAGT,CAATTTTAGGC
5520,negative,256,3.2857544422149663,VT65295|0|MEMB003C|+|2464,186,no,TACAAG,GGTATTATAAG,TACCCATAGGG
5521,negative,256,-2.1065628528594966,VT65295|0|MEMB003D|-|2218,246,no,GAGCAA,CGTCACCTGGT,CACTTCCAGGC
5522,negative,256,-2.1065628528594966,VT65295|0|MEMB003F|-|2339,246,no,GAGCAA,CGTCACCTGGT,CACTTCTAGGC
5523,negative,256,-2.1065628528594966,VT65295|0|MEMB004A|-|1649,246,no,GAGCAA,CGTCACCTTGT,CCCTTGCAGGT
5524,negative,256,-2.1065628528594966,VT65295|0|MEMB004B|+|2160,246,no,GAGCAA,CGTCACCTGGT,TTCTTCTAGGC
5525,negative,256,-0.5216004252433777,VT65295|0|MEMB004E|-|2307,246,no,GCCCAA,CGTCACATGGT,CATTTCTAGGC
5526,negative,256,-2.1065628528594966,VT65295|0|MEMB005B|+|2303,246,no,GAGCAA,CGTCACCTAGT,CACTTCTAGGC
5527,negative,256,-2.1065628528594966,VT65295|0|MEMB005D|-|2647,246,no,GAGCAA,CGTCACCTGGT,CACTTTCAGGC
5528,negative,256,-2.1065628528594966,VT65295|0|MEMB006A|-|2731,246,no,GAGCAA,CGTCACCTGGT,CACTTTCAGGC
5529,negative,256,-2.1065628528594966,VT65295|0|MEMB006B|-|2950,246,no,GAGCAA,CGCCACCTGGT,CACTTTTAGGC
5530,negative,256,-2.1065628528594966,VT65295|0|MEMB006C|+|2238,246,no,GAGCAA,CGTCACCTAGT,CCCTTCCAGGC
5531,negative,256,-2.1065628528594966,VT65295|0|MEMB007B|-|2640,246,no,GAGCAA,CGTCACCTGGT,ATTTTTTAGGT
5532,negative,256,-1.5216004848480225,VT65295|0|MEMB007C|+|2249,246,no,GCGCAC,CGTCACCTGGT,GAATTTTAGAA
5533,negative,256,-2.1065628528594966,VT65295|0|MEMB007D|-|2925,246,no,GAGCAA,CGTCGCCTTAT,CACTTTTAGGT
5534,negative,256,-0.8841705322265625,VT65295|0|MEMB008C|-|2328,246,no,GAGCAG,CGTCACCTGGT,CACTTCTAGGC
5535,negative,256,-2.1065628528594966,VT65295|0|dkik|-|3985,246,no,GAGCAA,CGTCACCTGGT,CACTTCCAGGA
5536,positive,1661,0.7007919549942017,VT65295|0|MEMB002A|+|3572,1516,no,CCCGAT,CCGCTCCGAGT,GCGAGGTACTG
5537,positive,1661,0.7007919549942017,VT65295|0|MEMB002B|-|1683,712,no,CTCGAT,CCGCTCCGAGT,GCGAGGTACTG
5538,positive,1661,0.7007919549942017,VT65295|0|MEMB002C|-|3210,1162,no,CCCGAT,CCGCTCCGAGT,GCGAAGTACTG
5539,positive,1661,0.7007919549942017,VT65295|0|MEMB002D|+|2569,539,no,CTCGGT,TCGCTCCGAGT,GTGTGGTACAA
5540,positive,1661,0.7007919549942017,VT65295|0|MEMB002E|-|2184,537,no,CTCGGT,TCGCTCCGAGT,GTGTGGTACTT
5541,positive,1661,0.7007919549942017,VT65295|0|MEMB002F|-|2530,709,no,CTCGAT,TCGCTCCGTGT,GCGAGGTACTG
5542,positive,1661,0.7007919549942017,VT65295|0|MEMB003A|-|2218,488,no,CTCGGT,TCGCTCCGAGT,GTGTGGTACTG
5543,positive,1661,0.7007919549942017,VT65295|0|MEMB003B|-|2439,534,no,CCCGGT,TCGCTCCGACT,GTGTGGTACTG
5544,positive,1661,3.2857544422149663,VT65295|0|MEMB003C|+|2464,439,no,CACGAT,CCGCTCCGAGT,GCGAGGTACTG
5545,positive,1661,0.7007919549942017,VT65295|0|MEMB003D|-|2218,488,no,CTCGGT,CCGCTCCGAGT,GTGTGGTACTG
5546,positive,1661,0.7007919549942017,VT65295|0|MEMB003F|-|2339,541,no,CTCGGT,TCGCTCCGAGT,GTGTGGTGCTG
5547,positive,1661,0.7007919549942017,VT65295|0|MEMB004A|-|1649,707,no,CTCGAT,CCGCTCCGAGT,GCGAGGTACTG
5548,positive,1661,0.7007919549942017,VT65295|0|MEMB004B|+|2160,508,no,CTCGGT,TCGCTCCGAGT,GTGTGGTACTG
5549,positive,1661,0.7007919549942017,VT65295|0|MEMB004E|-|2307,542,no,CTCGGT,TCGCTCCGAGT,GAGTGGTACTG
5550,positive,1661,0.7007919549942017,VT65295|0|MEMB005B|+|2303,523,no,CTCGGT,TCGCTCCGAGT,GTGTGGTACTG
5551,positive,1661,0.7007919549942017,VT65295|0|MEMB005D|-|2647,519,no,CCAGGT,CCGCTCCGAGT,GCGTGGTACTG
5552,positive,1661,0.7007919549942017,VT65295|0|MEMB006A|-|2731,542,no,CCAGGT,CCGCTCCGAGT,GCGTGGTACTG
5553,positive,1661,0.7007919549942017,VT65295|0|MEMB006B|-|2950,552,no,CTCGGT,TCGCTCCGACT,GGGTCGTACTG
5554,positive,1661,0.7007919549942017,VT65295|0|MEMB006C|+|2238,531,no,CTCGGT,TCGCTCCGTGT,GTGTGGTACTG
5555,positive,1661,0.7007919549942017,VT65295|0|MEMB007B|-|2640,609,no,CCCGAT,CCGCTCAGAGT,GCGAGGTAGTG
5556,positive,1661,0.7007919549942017,VT65295|0|MEMB007C|+|2249,500,no,CCCGGT,TCGCTCCGACT,GTGTGGTACTG
5557,positive,1661,0.7007919549942017,VT65295|0|MEMB007D|-|2925,895,no,CTCGGT,CCGCTCCGTAT,GTGTCGTGCTG
5558,positive,1661,0.7007919549942017,VT65295|0|MEMB008C|-|2328,543,no,CCCGGT,TCGCTCCGAGT,GTGTGGTACTG
5559,positive,1661,0.7007919549942017,VT65295|0|dkik|-|3985,488,no,CTCGGT,TCGCTCCGAGT,GTGTGGTACTG
5560,positive,1878,0.5938767790794373,VT65295|0|MEMB002A|+|3572,1733,no,CGATCC,TAAATCATGAC,AATGGCCGCGG
5561,positive,1878,0.5938767790794373,VT65295|0|MEMB002B|-|1683,929,no,CGATCC,TAAATCAAAAT,GATGGCCGCGG
5562,positive,1878,0.5938767790794373,VT65295|0|MEMB002C|-|3210,1379,no,CGATCC,TAAATCATGAC,AATGGCCGCGG
5563,positive,1878,0.5938767790794373,VT65295|0|MEMB002D|+|2569,756,no,CGATCC,TAAATTATGCA,TATGGCCGAGA
5564,positive,1878,0.5938767790794373,VT65295|0|MEMB002E|-|2184,754,no,CGATCC,TAAATCAAGCC,TATGACCGAGA
5565,positive,1878,0.5938767790794373,VT65295|0|MEMB002F|-|2530,926,no,CGATCC,TAAATCAGGGC,TATAGCCGCGG
5566,positive,1878,0.5938767790794373,VT65295|0|MEMB003A|-|2218,705,no,CGATCC,AAAATCAAGGT,TATGACCGAGG
5567,positive,1878,0.5938767790794373,VT65295|0|MEMB003B|-|2439,751,no,CGATGC,TAAATAATGCC,TATGACCGAGA
5568,positive,1878,3.1788392066955566,VT65295|0|MEMB003C|+|2464,656,no,CAATCC,TAAATCATGAC,AATGGCCGCGG
5569,positive,1878,0.5938767790794373,VT65295|0|MEMB003D|-|2218,705,no,CGATCC,AAAATCAAGGT,TATGACCGAGG
5570,positive,1878,0.5938767790794373,VT65295|0|MEMB003F|-|2339,758,no,CGATCC,TAAATCAAGGC,TAGGACTGAGA
5571,positive,1878,0.5938767790794373,VT65295|0|MEMB004A|-|1649,924,no,CGATCC,TAAATCAAAAT,GATGGCCGCGG
5572,positive,1878,0.5938767790794373,VT65295|0|MEMB004B|+|2160,725,no,CGATCC,TAAATCAAGGC,TATGACCGAGA
5573,positive,1878,0.5938767790794373,VT65295|0|MEMB004E|-|2307,756,no,CGATCC,TAAATCAAGGC,TATGATTGAGA
5574,positive,1878,0.5938767790794373,VT65295|0|MEMB005B|+|2303,740,no,CGATCC,TAAATCAAGGC,CAAGACCGAGA
5575,positive,1878,0.7007919549942017,VT65295|0|MEMB005D|-|2647,736,no,CGAGCC,TAAATCAAGGC,TATGACCGAGA
5576,positive,1878,0.5938767790794373,VT65295|0|MEMB006A|-|2731,759,no,CGATCC,TAAATCAAGGC,TATGGCCGAGA
5577,positive,1878,-0.9910857081413268,VT65295|0|MEMB006B|-|2950,769,no,GGATGC,TAAATAATGAA,CACGGCCGACA
5578,positive,1878,0.5938767790794373,VT65295|0|MEMB006C|+|2238,748,no,CGATCC,TAAATCAGGGC,TATGCCCGAGA
5579,positive,1878,0.5938767790794373,VT65295|0|MEMB007B|-|2640,826,no,CGATCC,TAAATCATGAC,TATGGCCGCGG
5580,positive,1878,0.5938767790794373,VT65295|0|MEMB007C|+|2249,717,no,CGATGC,TAAATAATGCC,TATGACAGAGA
5581,positive,1878,0.5938767790794373,VT65295|0|MEMB007D|-|2925,1112,no,CGATCC,TAAATCAAGGT,TATGGCCGAGG
5582,positive,1878,0.5938767790794373,VT65295|0|MEMB008C|-|2328,760,no,CGATCC,TAAATCACGGC,TATCACCGAGA
5583,positive,1878,0.5938767790794373,VT65295|0|dkik|-|3985,705,no,CGATCC,AAAATCAAGGT,TATGACCGAGG
5584,positive,1760,1.7007919549942017,VT65295|0|MEMB002A|+|3572,1615,no,AAAGAG,GCCCGTATATA,TATTATCCGAT
5585,positive,1760,2.7007920742034908,VT65295|0|MEMB002B|-|1683,811,no,TAAGGG,GCCCGAATATA,CATTTTCCGAT
5586,positive,1760,1.7007919549942017,VT65295|0|MEMB002C|-|3210,1261,no,AAAGAG,GCCCGTATATA,TATTATCCGAT
5587,positive,1760,2.0633621215820312,VT65295|0|MEMB002D|+|2569,638,no,TAACGA,GCTCACGTACA,CCTTATCCGAG
5588,positive,1760,0.008914276957511902,VT65295|0|MEMB002E|-|2184,636,no,TCATGA,GCTCATGTGCA,CCTTATCCGAA
5589,positive,1760,-0.9366379380226136,VT65295|0|MEMB002F|-|2530,808,no,GAGCGG,GCCCATATATA,CATTTTCCGCT
5590,positive,1760,2.593876838684082,VT65295|0|MEMB003A|-|2218,587,no,TAATGA,GTTCAAGTGCA,CCATATCCGAT
5591,positive,1760,2.593876838684082,VT65295|0|MEMB003B|-|2439,633,no,TAATGA,GCTCAAGTGCA,TCTTATCCGAT
5592,positive,1760,1.7007919549942017,VT65295|0|MEMB003C|+|2464,538,no,AAAGAG,GCCCGTATATA,AATTATCCGAT
5593,positive,1760,2.593876838684082,VT65295|0|MEMB003D|-|2218,587,no,TAATGA,GTTCAAGTGCA,CCATATCCGCT
5594,positive,1760,3.1788392066955566,VT65295|0|MEMB003F|-|2339,640,no,CAATGG,GCTTAAGTGCA,TCTTATCCGAA
5595,positive,1760,2.7007920742034908,VT65295|0|MEMB004A|-|1649,806,no,TAAGGG,GCCCGAATATA,CATTTTCCGAT
5596,positive,1760,2.593876838684082,VT65295|0|MEMB004B|+|2160,607,no,TAATGA,GCTCAGGTGCA,CCTTATCCGAA
5597,positive,1760,2.648324489593506,VT65295|0|MEMB004E|-|2307,641,no,CAACCT,GCTCATGCGCA,TATCCGAATCC
5598,positive,1760,2.593876838684082,VT65295|0|MEMB005B|+|2303,622,no,TAATGA,GCTCAGGTGCA,CCTTATCCGAA
5599,positive,1760,2.593876838684082,VT65295|0|MEMB005D|-|2647,618,no,TAATGA,GGTCATGTGCA,TCTTATCCGCT
5600,positive,1760,2.593876838684082,VT65295|0|MEMB006A|-|2731,641,no,TAATGA,GGTCATGTGCA,TCTTATCCGCT
5601,positive,1760,2.593876838684082,VT65295|0|MEMB006B|-|2950,651,no,TAATGA,GCTCAGATGCA,TCTTATCAGAT
5602,positive,1760,3.1788392066955566,VT65295|0|MEMB006C|+|2238,630,no,CAATGA,GGTCACGTGCA,CCTTATCCGAA
5603,positive,1760,3.2857544422149663,VT65295|0|MEMB007B|-|2640,708,no,CAAGAG,GCCCGTATATA,TATTCTCCGAT
5604,positive,1760,2.593876838684082,VT65295|0|MEMB007C|+|2249,599,no,TAATGA,GCTCAAGTGCA,TCTTATCCGAT
5605,positive,1760,1.7007919549942017,VT65295|0|MEMB007D|-|2925,994,no,AACGAG,GGTCAAATGCA,CATTATCCGAA
5606,positive,1760,2.593876838684082,VT65295|0|MEMB008C|-|2328,642,no,TAATGA,GCTCATGTGCA,CCTTATCCGAA
5607,positive,1760,2.593876838684082,VT65295|0|dkik|-|3985,587,no,TAATGA,GTTCAAGTGCA,CCATATCCGCT
5608,negative,1846,0.5938767790794373,VT65295|0|MEMB002A|+|3572,1701,no,GGCGAT,CCAGTGGCGAA,TTCTTCCTATT
5609,negative,1846,0.5938767790794373,VT65295|0|MEMB002B|-|1683,897,no,GGCGAT,CCAGTGGCGAA,TTCGTCCTATT
5610,negative,1846,0.5938767790794373,VT65295|0|MEMB002C|-|3210,1347,no,GGCGAT,CCAGTGGCGAA,TTCTTCCTATT
5611,negative,1846,1.1788393259048462,VT65295|0|MEMB002D|+|2569,724,no,GGCATT,GCAGTGGCGGA,TTCATCCTGTT
5612,negative,1846,1.1788393259048462,VT65295|0|MEMB002E|-|2184,722,no,GGCATT,GCAGTGGCGAA,TTCCTCCTGTT
5613,negative,1846,0.5938767790794373,VT65295|0|MEMB002F|-|2530,894,no,GGCGAT,TCAGTGGCGAA,TTGATCCTACT
5614,negative,1846,0.5938767790794373,VT65295|0|MEMB003A|-|2218,673,no,GGCGCT,GCAGTGGCGAA,TTCTTCCTCTT
5615,negative,1846,0.5938767790794373,VT65295|0|MEMB003B|-|2439,719,no,GGCGAT,GCAGTGGCGAA,TTCATCCTGTT
5616,negative,1846,0.5938767790794373,VT65295|0|MEMB003C|+|2464,624,no,GGCGAT,CCAGTGGCGAA,TTCTTCCTATT
5617,negative,1846,0.5938767790794373,VT65295|0|MEMB003D|-|2218,673,no,GGCGCT,GCAGTGGCGGA,TTCTTCCTCTT
5618,negative,1846,3.1788392066955566,VT65295|0|MEMB003F|-|2339,726,no,GGCAAT,GCAGTGGCGCA,TTCATCCTGTT
5619,negative,1846,0.5938767790794373,VT65295|0|MEMB004A|-|1649,892,no,GGCGAT,CCAGTGGCGAA,TTCGTCCTATT
5620,negative,1846,3.1788392066955566,VT65295|0|MEMB004B|+|2160,693,no,GGCAAT,GCAGTGGCGCA,TTCTTCCTGTT
5621,negative,1846,3.1788392066955566,VT65295|0|MEMB004E|-|2307,724,no,GGCAAT,GCAGTGGCGCA,TTCTTCCTGTT
5622,negative,1846,3.1788392066955566,VT65295|0|MEMB005B|+|2303,708,no,GGCAAT,GCAGTGGCGCA,TTCTTCCTGTT
5623,negative,1846,0.5938767790794373,VT65295|0|MEMB005D|-|2647,704,no,GGCGAT,GCAGTGGCGAA,TTCATCCTGTT
5624,negative,1846,0.5938767790794373,VT65295|0|MEMB006A|-|2731,727,no,GGCGAT,GCAGTGGCGCA,TTCATCCTATT
5625,negative,1846,0.5938767790794373,VT65295|0|MEMB006B|-|2950,737,no,GGCGAT,GCAGTGGCGAA,TTCATCCTGTT
5626,negative,1846,3.1788392066955566,VT65295|0|MEMB006C|+|2238,716,no,GGCAAT,ACAGTGGCGCA,TTCCTACTGTT
5627,negative,1846,0.5938767790794373,VT65295|0|MEMB007B|-|2640,794,no,GGCGAT,CCAGTGGCGAA,TTCTTCCTATT
5628,negative,1846,0.5938767790794373,VT65295|0|MEMB007C|+|2249,685,no,GGCGAT,GCAGTGGCGAA,TTCATCCTGTT
5629,negative,1846,0.5938767790794373,VT65295|0|MEMB007D|-|2925,1080,no,GGCGAT,GCAGTGGCGAA,TTTGTCCTATT
5630,negative,1846,3.1788392066955566,VT65295|0|MEMB008C|-|2328,728,no,GGCAAT,GCAGTGGCGCA,TTCTTCCTGTT
5631,negative,1846,0.5938767790794373,VT65295|0|dkik|-|3985,673,no,GGCGCT,GCAGTGGCGAA,TTCTTCCTCTT
5632,negative,2067,0.7007919549942017,VT65295|0|MEMB002A|+|3572,1922,no,TTTATG,TATGCCGCCTT,TCCTGTGGCTC
5633,negative,2067,0.7007919549942017,VT65295|0|MEMB002B|-|1683,1118,no,TTTATG,TATGCCGCCTT,TCCAGTGGCTT
5634,negative,2067,0.7007919549942017,VT65295|0|MEMB002C|-|3210,1568,no,TTTATG,TATGCCGCCTT,TCCTGTGGTTC
5635,negative,2067,1.4783995151519775,VT65295|0|MEMB002D|+|2569,945,no,TTTACA,TATGCCGCCTT,TCGTGTGGCTC
5636,negative,2067,1.4783995151519775,VT65295|0|MEMB002E|-|2184,943,no,TTTACA,TATGCCGCCTT,GCGTGTGGCTC
5637,negative,2067,0.7007919549942017,VT65295|0|MEMB002F|-|2530,1115,no,TTTATG,TATGCCGCCTT,TCGTGTGGCTA
5638,negative,2067,0.008914276957511902,VT65295|0|MEMB003A|-|2218,894,no,TTTGCT,TATGCCGCCTT,CCATGTGGCTC
5639,negative,2067,1.4783995151519775,VT65295|0|MEMB003B|-|2439,940,no,TTTACA,TATGCCGCCTT,GCGCTTGGCTA
5640,negative,2067,0.7007919549942017,VT65295|0|MEMB003C|+|2464,845,no,TTTATG,TATGCCGCCTT,TCCTGTGGCTC
5641,negative,2067,0.1158294826745987,VT65295|0|MEMB003D|-|2218,894,no,TTTGCG,TATGCCGCCTT,CCATGTGGCTC
5642,negative,2067,3.2857544422149663,VT65295|0|MEMB003F|-|2339,947,no,TTCACG,TATGCCGCCTT,GCCTGTGGCTG
5643,negative,2067,0.7007919549942017,VT65295|0|MEMB004A|-|1649,1113,no,TTTATG,TATGCCGCCTT,TCCAGTGGCTT
5644,negative,2067,2.7007920742034908,VT65295|0|MEMB004B|+|2160,914,no,TTTACG,TATGCCGCCTT,GCCTGTGGCTC
5645,negative,2067,2.7007920742034908,VT65295|0|MEMB004E|-|2307,945,no,TTTACG,TATGCCGCCTT,GCCTGTGGCTC
5646,negative,2067,2.7007920742034908,VT65295|0|MEMB005B|+|2303,929,no,TTTACG,TATGCCGCCTT,GCCTGTGGCTC
5647,negative,2067,2.7007920742034908,VT65295|0|MEMB005D|-|2647,925,no,TTTACG,TATGCCGCATT,GCGTGTGGCTC
5648,negative,2067,2.7007920742034908,VT65295|0|MEMB006A|-|2731,948,no,TTTACG,TATGCCGCCTT,GCGTGTGGCTC
5649,negative,2067,1.4783995151519775,VT65295|0|MEMB006B|-|2950,958,no,TTTACA,TATGCCGCCTT,GCGCGTGGCTC
5650,negative,2067,2.7007920742034908,VT65295|0|MEMB006C|+|2238,937,no,TTTACG,TATGCCGCCTT,GCCTGTGGCTC
5651,negative,2067,0.7007919549942017,VT65295|0|MEMB007B|-|2640,1015,no,TTTATG,TATGCCGCCTT,TCCTGTGGCTC
5652,negative,2067,-1.1065629720687866,VT65295|0|MEMB007C|+|2249,906,no,TTTTCA,TATGCCGCCTT,GCGCTTGGCTA
5653,negative,2067,3.2857544422149663,VT65295|0|MEMB007D|-|2925,1301,no,TTCACG,TATGCCGCCTT,TCGTGTGGCTC
5654,negative,2067,2.7007920742034908,VT65295|0|MEMB008C|-|2328,949,no,TTTACG,TATGCCGCCTT,GCCTGTGGCTC
5655,negative,2067,0.1158294826745987,VT65295|0|dkik|-|3985,894,no,TTTGCG,TATGCCGCCTT,CCATGTGGCTC
5656,positive,2229,-0.29920801520347595,VT65295|0|MEMB002A|+|3572,2084,no,AAGGGA,GAATTTTCTCC,CCAGAACAACT
5657,positive,2229,1.7007919549942017,VT65295|0|MEMB002B|-|1683,1280,no,GAAGGA,CTGTTATCTCC,CCAGAACATCT
5658,positive,2229,-0.29920801520347595,VT65295|0|MEMB002C|-|3210,1730,no,AAGGGA,GAATTTTCTCC,CCAGAACAACT
5659,positive,2229,2.0633621215820312,VT65295|0|MEMB002D|+|2569,1107,no,TAACAA,TTATGTTCTCC,CCAGAAGCACT
5660,positive,2229,1.0633620023727417,VT65295|0|MEMB002E|-|2184,1105,no,AAACAC,TTATCATCTCC,CCAGAAGCACT
5661,positive,2229,1.7007919549942017,VT65295|0|MEMB002F|-|2530,1277,no,GAAGGC,TAGTTGTCTCT,CCAAAACAACT
5662,positive,2229,1.4783995151519775,VT65295|0|MEMB003A|-|2218,1056,no,TAAAAC,TTGTGTTCTCC,CCAGAAGCACT
5663,positive,2229,1.7007919549942017,VT65295|0|MEMB003B|-|2439,1102,no,AAAGGC,TTATATTTTCC,CCAGAAGCACT
5664,positive,2229,-0.29920801520347595,VT65295|0|MEMB003C|+|2464,1007,no,AAGGGA,GAATTTTCTCC,CCAGAACAACT
5665,positive,2229,1.4783995151519775,VT65295|0|MEMB003D|-|2218,1056,no,TAAAAC,TTGTGTTCTCC,CCAGAAGCACT
5666,positive,2229,3.2857544422149663,VT65295|0|MEMB003F|-|2339,1109,no,CAAGAG,TTATGTTCTCC,CCAGAAGCACT
5667,positive,2229,1.7007919549942017,VT65295|0|MEMB004A|-|1649,1275,no,GAAGGA,CTGTTATCTCC,CCAGAACATCT
5668,positive,2229,2.7007920742034908,VT65295|0|MEMB004B|+|2160,1076,no,TAAGAA,TTATATTCTCC,CCAGAAGCACT
5669,positive,2229,1.7007919549942017,VT65295|0|MEMB004E|-|2307,1107,no,AAAGAC,TTATATTCGCC,CCAGAAGCACT
5670,positive,2229,0.7007919549942017,VT65295|0|MEMB005B|+|2303,1091,no,TATGAA,CTATTTTCTCC,CCAGTAGCACT
5671,positive,2229,2.7007920742034908,VT65295|0|MEMB005D|-|2647,1087,no,TACGAC,CTATTCTCTCC,CCAGTAGCACT
5672,positive,2229,0.7007919549942017,VT65295|0|MEMB006A|-|2731,1110,no,TATGAG,CTATACTCTCC,CCAGTAGCACT
5673,positive,2229,1.7007919549942017,VT65295|0|MEMB006B|-|2950,1120,no,AAAGAC,TTAGGGCCTCC,CCAAAAGCACT
5674,positive,2229,2.7007920742034908,VT65295|0|MEMB006C|+|2238,1099,no,TAAGAA,TTATTCTCTCC,CCAGAAGCACT
5675,positive,2229,-0.29920801520347595,VT65295|0|MEMB007B|-|2640,1177,no,AAGGGA,GAATTTTCTCC,CCAGAACAGCT
5676,positive,2229,1.7007919549942017,VT65295|0|MEMB007C|+|2249,1068,no,AAAGGC,TTATCTTCTCC,CCAGAAGCACT
5677,positive,2229,1.7007919549942017,VT65295|0|MEMB007D|-|2925,1463,no,GAAGGC,CTGTTATCTCC,CCAGaaacact
5678,positive,2229,2.7007920742034908,VT65295|0|MEMB008C|-|2328,1111,no,TAAGAA,TTTTGTTCTCC,CCAGAAGCACT
5679,positive,2229,1.4783995151519775,VT65295|0|dkik|-|3985,1056,no,TAAAAC,TTGTGTTCTCC,CCAGAAGCACT
5680,negative,3145,1.1788393259048462,VT65295|0|MEMB002A|+|3572,2403,no,ATCAGT,GGTATTACGGT,TGTCATGGTCC
5681,negative,3145,1.1788393259048462,VT65295|0|MEMB002B|-|1683,1615,no,ATCAGT,GGTATTACGGC,TGTCATGGTCC
5682,negative,3145,1.1788393259048462,VT65295|0|MEMB002C|-|3210,2060,no,ATCAGT,GGTATTACGGT,TGTCATGGTCC
5683,negative,3145,1.1788393259048462,VT65295|0|MEMB002D|+|2569,1442,no,ATCAGT,GGTACTACGGA,TGTCATGGTCC
5684,negative,3145,1.1788393259048462,VT65295|0|MEMB002E|-|2184,1302,no,ATCAGT,GGTATTATGGT,TGTCATGGTCC
5685,negative,3145,1.1788393259048462,VT65295|0|MEMB002F|-|2530,1526,no,ATCAGT,GGTATTATGGC,TGTCATGGTCC
5686,negative,3145,1.1788393259048462,VT65295|0|MEMB003A|-|2218,1317,no,ATCAGT,GGTATTATGGT,TGTCATGGTCC
5687,negative,3145,1.1788393259048462,VT65295|0|MEMB003B|-|2439,1354,no,ATCAGT,GGTATTATGGA,GGTCATGGTCC
5688,negative,3145,1.1788393259048462,VT65295|0|MEMB003C|+|2464,1337,no,ATCAGT,GGTATTACGGT,TGTCATGGTCC
5689,negative,3145,1.1788393259048462,VT65295|0|MEMB003D|-|2218,1317,no,ATCAGT,GGTATTATGGT,TGTCATGGTCC
5690,negative,3145,3.1788392066955566,VT65295|0|MEMB003F|-|2339,1417,no,ATCAAT,GGTACTATGGT,TGTCATGGTCC
5691,negative,3145,1.1788393259048462,VT65295|0|MEMB004A|-|1649,1601,no,ATCAGT,GGTATTACGGC,TGTCATGGTCC
5692,negative,3145,3.1788392066955566,VT65295|0|MEMB004B|+|2160,1351,no,ATCAAT,GGTATTATGGG,TGTCATGGTCC
5693,negative,3145,3.1788392066955566,VT65295|0|MEMB004E|-|2307,1395,no,ATCAAT,GGTATTACGGT,TGTCATGGTCC
5694,negative,3145,3.1788392066955566,VT65295|0|MEMB005B|+|2303,1379,no,ATCAAT,GGTATTATGGC,TGTCATGGTCC
5695,negative,3145,1.1788393259048462,VT65295|0|MEMB005D|-|2647,1569,no,ATCAGT,GGTATTATGGT,TGTCATGGTCC
5696,negative,3145,1.1788393259048462,VT65295|0|MEMB006A|-|2731,1647,no,ATCAGT,GGTATTATGGT,TGTCATGGTCC
5697,negative,3145,1.1788393259048462,VT65295|0|MEMB006B|-|2950,1325,no,ATCAGT,GGTATTATGGT,AGTCATGGTCC
5698,negative,3145,1.1788393259048462,VT65295|0|MEMB006C|+|2238,1413,no,ATCAGT,GGTATTATGGT,TGTCATGGTCC
5699,negative,3145,1.1788393259048462,VT65295|0|MEMB007B|-|2640,1491,no,ATCAGT,GGTATTACGGT,TGTCATGGTCC
5700,negative,3145,1.1788393259048462,VT65295|0|MEMB007C|+|2249,1325,no,ATCAGT,GGTATTATGGA,GGTCATGGTCC
5701,negative,3145,1.1788393259048462,VT65295|0|MEMB007D|-|2925,2136,no,ATCAGT,GGTATTATGGT,TGTCATGGTCC
5702,negative,3145,3.1788392066955566,VT65295|0|MEMB008C|-|2328,1401,no,ATCAAT,GGTATTATGGT,AGTCATGGTCC
5703,negative,3145,1.1788393259048462,VT65295|0|dkik|-|3985,1319,no,ATCAGT,GGTATTATGGT,TGTCATGGTCC
5704,positive,3337,0.1158294826745987,VT65295|0|MEMB002A|+|3572,2502,no,TCAGTA,ACATTTACTTT,ATCTTAGAAAA
5705,positive,3337,0.1158294826745987,VT65295|0|MEMB002C|-|3210,2159,no,TCAGTA,ACATTTACTTT,ATCTTAGAGAA
5706,positive,3337,0.5938767790794373,VT65295|0|MEMB002D|+|2569,1537,no,CCATTA,ACATTATCTTT,TCTCAGTGTGT
5707,positive,3337,1.4783995151519775,VT65295|0|MEMB002E|-|2184,1397,no,TAAATA,GAATAAACTTT,CATAAATATAC
5708,positive,3337,-1.1065629720687866,VT65295|0|MEMB002F|-|2530,1625,no,TCAATA,TAATCTATCTT,ACGCCAAAGAA
5709,positive,3337,0.008914276957511902,VT65295|0|MEMB003B|-|2439,1448,no,TCCTAA,CAATTATTATT,CACATAAATTT
5710,positive,3337,1.1788393259048462,VT65295|0|MEMB003C|+|2464,1415,no,CAGTAA,AGATTACTTTT,TCTTAGAGAAA
5711,positive,3337,3.1788392066955566,VT65295|0|MEMB003F|-|2339,1513,no,CAATAA,GAATAATCTTT,TCCTCAAGTTT
5712,positive,3337,0.1158294826745987,VT65295|0|MEMB004B|+|2160,1448,no,TGCGTT,AAACAATTCTT,GCAAACTAGAA
5713,positive,3337,3.1788392066955566,VT65295|0|MEMB004E|-|2307,1492,no,CAATAA,GAATTATCGTT,GCCTTAAGTTT
5714,positive,3337,-1.1065629720687866,VT65295|0|MEMB005B|+|2303,1481,no,TCAATA,AAATGATTCTT,ATCCTAAAGTC
5715,positive,3337,3.1788392066955566,VT65295|0|MEMB005D|-|2647,1657,no,CAATAA,GAAATCTCTTT,TCCCCAAGGAA
5716,positive,3337,3.1788392066955566,VT65295|0|MEMB006A|-|2731,1744,no,CAATAA,GAATCATCTTT,TTCCAAAGCAA
5717,positive,3337,0.008914276957511902,VT65295|0|MEMB006B|-|2950,1419,no,TTATAA,AAATTTTCCTT,ACCTAATTACA
5718,positive,3337,0.1158294826745987,VT65295|0|MEMB007B|-|2640,1590,no,TCAGTA,ACATTTACATT,ATCTTAGAGAA
5719,positive,3337,-0.5216004252433777,VT65295|0|MEMB007C|+|2249,1414,no,TCCCAA,CAATTATTCTT,AACATAAATTT
5720,positive,3337,3.1788392066955566,VT65295|0|MEMB008C|-|2328,1498,no,CAATAA,GATTTATCTTT,TCCAGAAGTTT
5721,positive,3337,-3.106562852859497,VT65295|0|dkik|-|3985,1509,no,TCTAAA,ATATAATTCTT,TAGTTTGTTGA
5722,positive,3390,-2.1065628528594966,VT65295|0|MEMB002A|+|3572,2513,no,AGAAAA,TCAGTAATCTT,AGTGAAGAATT
5723,positive,3390,-0.8841705322265625,VT65295|0|MEMB002C|-|3210,2170,no,AGAGAA,TCAGTAATCTT,AGTGAAGAATT
5724,positive,3390,-2.991085767745972,VT65295|0|MEMB002D|+|2569,1574,no,AGGTGT,TTAAATATTCA,AGTGGTCAATT
5725,positive,3390,1.7007919549942017,VT65295|0|MEMB002F|-|2530,1636,no,AAAGAA,TCAATAACGCC,AGTCATGACTT
5726,positive,3390,-0.8841705322265625,VT65295|0|MEMB003C|+|2464,1425,no,AGAGAA,TCAGTAATCTT,AGTGAAGAATT
5727,positive,3390,3.2857544422149663,VT65295|0|MEMB003F|-|2339,1523,no,CAAGTT,TCAATAATCCT,TTACATTGGCT
5728,positive,3390,2.7007920742034908,VT65295|0|MEMB004E|-|2307,1502,no,TAAGTT,TCAATAAGCCT,TTACATTGTGT
5729,positive,3390,1.7007919549942017,VT65295|0|MEMB005B|+|2303,1492,no,AAAGTC,TCAATAATCCT,TCACTATAAAG
5730,positive,3390,3.2857544422149663,VT65295|0|MEMB005D|-|2647,1667,no,CAAGGA,TCAATAATCCC,ATAGCCTAGTT
5731,positive,3390,1.7007919549942017,VT65295|0|MEMB006A|-|2731,1754,no,AAAGCA,TCAATAATTCC,AAATGTATCTT
5732,positive,3390,-0.5216004252433777,VT65295|0|MEMB006B|-|2950,1472,no,TTCCGA,GAAGAAATCTT,ACCTATAGGTT
5733,positive,3390,-0.8841705322265625,VT65295|0|MEMB007B|-|2640,1601,no,AGAGAA,TCAGTAATCTT,AGTCAGAGAGA
5734,positive,3390,1.7007919549942017,VT65295|0|MEMB008C|-|2328,1508,no,GAAGTT,TCAATAATCCA,TTACAAAGTGT
5735,positive,3390,2.7007920742034908,VT65295|0|dkik|-|3985,1552,no,tacggc,ctattaattcg,agcttttttac
5736,negative,3566,-0.5216004252433777,VT65295|0|MEMB002A|+|3572,2594,no,TCTCAC,ACGGTCAGTCA,GGTACCGGGTA
5737,negative,3566,-0.5216004252433777,VT65295|0|MEMB002C|-|3210,2255,no,TCTCAC,ACGGTCAGTCA,GGTACCGGGTA
5738,negative,3566,-0.5216004252433777,VT65295|0|MEMB003C|+|2464,1510,no,TCTCAC,ACGGTCGGTCA,GGTACCGGGTA
5739,negative,3566,3.1788392066955566,VT65295|0|MEMB003F|-|2339,1533,no,GCCAAT,GTAAAACTTGA,AGTTTGGGCGA
5740,negative,3566,3.1788392066955566,VT65295|0|MEMB004E|-|2307,1512,no,CACAAT,GTAAAACTTAA,AGTTTGGGCCA
5741,negative,3566,-1.5216004848480225,VT65295|0|MEMB006B|-|2950,1644,no,TCGGAC,ATGGCTAGATC,AGTTTGCGTAA
5742,negative,3566,-0.5216004252433777,VT65295|0|MEMB007B|-|2640,1684,no,TCTCAC,ACGGTCGGTCA,GGTACCGGGTA
5743,negative,3566,-0.5216004252433777,VT65295|0|dkik|-|3985,1727,no,AATGAC,ACATTAAAATA,ATCATCAGTTT
5744,negative,3614,-3.5216004848480225,VT65295|0|MEMB002A|+|3572,2615,no,CAATGC,TTTGGGTACCG,AGATTCACCCA
5745,negative,3614,-3.5216004848480225,VT65295|0|MEMB002C|-|3210,2276,no,CAATGC,TTTGGGTACCG,AGATTCATCCA
5746,negative,3614,-2.991085767745972,VT65295|0|MEMB002D|+|2569,1662,no,TAAGGT,TCATGGGATTC,ACAAATTATTA
5747,negative,3614,-0.9910857081413268,VT65295|0|MEMB002E|-|2184,1419,no,TAACCT,TTATAGTATAT,AAGTTGTAACA
5748,negative,3614,-2.991085767745972,VT65295|0|MEMB002F|-|2530,1687,no,AAATTT,TTAGTTTATTT,TAGGATCTTGA
5749,negative,3614,-3.5216004848480225,VT65295|0|MEMB003A|-|2218,1409,no,CAATTC,TTGAAAATAAA,TTCATCAATTG
5750,negative,3614,1.5938767194747925,VT65295|0|MEMB003B|-|2439,1504,no,TAAACT,TTATCAGTTTA,AAATTGTAATG
5751,negative,3614,-3.5216004848480225,VT65295|0|MEMB003C|+|2464,1531,no,CAATGC,TTTGGGTACCG,AGATTTACCCA
5752,negative,3614,-3.5216004848480225,VT65295|0|MEMB003D|-|2218,1409,no,CAATTC,GTGAAAATAAA,TTCATCAATTG
5753,negative,3614,3.1788392066955566,VT65295|0|MEMB003F|-|2339,1554,no,TACACT,TTATAGTTTGG,AAGTTGTAAAT
5754,negative,3614,3.1788392066955566,VT65295|0|MEMB004E|-|2307,1533,no,TACACT,TTATAGTTTGG,AAGTTGTACAG
5755,negative,3614,0.5938767790794373,VT65295|0|MEMB005B|+|2303,1507,no,TACTCT,TTATAGTGAGA,AAGTTGTAACG
5756,negative,3614,-0.9910857081413268,VT65295|0|MEMB005D|-|2647,1701,no,TGACCT,TTATAGTTAAT,TAAGATGTGCC
5757,negative,3614,-0.9910857081413268,VT65295|0|MEMB006A|-|2731,1803,no,TAACAT,TTATAGTTAAT,GAGCAGTAACC
5758,negative,3614,-0.4061232209205627,VT65295|0|MEMB006B|-|2950,1692,no,CAAAGT,TTCATTCAGAT,AAGACTACCTG
5759,negative,3614,-3.5216004848480225,VT65295|0|MEMB007B|-|2640,1705,no,CAATGC,TTTGGGTACCG,AGATTCACCCA
5760,negative,3614,1.5938767194747925,VT65295|0|MEMB007C|+|2249,1427,no,TAAAAT,TTATGTTTTGG,GTGATACAATG
5761,negative,3614,3.1788392066955566,VT65295|0|MEMB007D|-|2925,2213,no,TTCACT,TCGTAATCCAT,ACATATATTCA
5762,negative,3614,3.1788392066955566,VT65295|0|MEMB008C|-|2328,1520,no,TACACT,TTGTAAAACTT,AAGTTGTAACG
5763,negative,3614,-0.9910857081413268,VT65295|0|dkik|-|3985,1748,no,TCGTAT,TTATATCATCA,ATTAATAGTGG
5764,positive,4496,-0.5216004252433777,VT65295|0|MEMB002A|+|3572,2845,no,CCAAAT,CAAGTTCAAAA,TTCAATAATAA
5765,positive,4496,-0.5216004252433777,VT65295|0|MEMB002C|-|3210,2482,no,CCAAAT,CAAGTTCAAAA,TTCAATAATAA
5766,positive,4496,-2.5216004848480225,VT65295|0|MEMB002D|+|2569,1863,no,CTTAAT,AACGGTCATTA,TCATTAAATTA
5767,positive,4496,0.1158294826745987,VT65295|0|MEMB002E|-|2184,1470,no,ttaggt,CAACTGGCTta,atatgtatatt
5768,positive,4496,-2.1065628528594966,VT65295|0|MEMB002F|-|2530,1819,no,GTAATT,CAAATTTGTTC,ACTGCAACGTA
5769,positive,4496,-1.8841705322265625,VT65295|0|MEMB003A|-|2218,1487,no,TCGGAA,TATGTTAAAAA,AATATATAATT
5770,positive,4496,1.0633620023727417,VT65295|0|MEMB003B|-|2439,1686,no,gaacct,taaacgcagtg,atagaatacga
5771,positive,4496,-0.5216004252433777,VT65295|0|MEMB003C|+|2464,1737,no,CCAAAT,CAAGTTCAAAA,TTCAATAATAA
5772,positive,4496,-1.8841705322265625,VT65295|0|MEMB003D|-|2218,1487,no,TCGGAA,TATGTTGAAAA,AATATATAATT
5773,positive,4496,3.2857544422149663,VT65295|0|MEMB003F|-|2339,1625,no,CAAGAA,CATATATATAA,ACTAGAATTAG
5774,positive,4496,3.1788392066955566,VT65295|0|MEMB004E|-|2307,1585,no,caatct,Gcactgcgttg,tcagactagaa
5775,positive,4496,-0.5216004252433777,VT65295|0|MEMB005B|+|2303,1584,no,ctaact,Gcactgctttg,tctgactagaa
5776,positive,4496,2.0633621215820312,VT65295|0|MEMB005D|-|2647,1925,no,caaact,acccttcactg,tctgactaaaa
5777,positive,4496,2.0633621215820312,VT65295|0|MEMB006A|-|2731,2009,no,caaact,acccttcactg,tctgactaaaa
5778,positive,4496,-2.5216004848480225,VT65295|0|MEMB006B|-|2950,2120,no,tttctc,ttacttcgctg,atcaaatttga
5779,positive,4496,0.4783995747566223,VT65295|0|MEMB006C|+|2238,1517,no,aaaact,tcactgcgttg,tctgactagaa
5780,positive,4496,-0.5216004252433777,VT65295|0|MEMB007B|-|2640,1913,no,CCAAAT,CAAGTTCAAAA,TTCAATAATAA
5781,positive,4496,-3.106562852859497,VT65295|0|MEMB007C|+|2249,1571,no,TTGATA,TTAATTCATCA,ATGTTACATAT
5782,positive,4496,-0.5216004252433777,VT65295|0|MEMB008C|-|2328,1607,no,ctaact,tcacttcgttg,tctgactacac
5783,positive,4496,0.5938767790794373,VT65295|0|dkik|-|3985,2630,no,ctatat,ccactcagatg,ttcgacaattt
5784,positive,5463,0.1158294826745987,VT65295|0|MEMB002A|+|3572,3179,no,TGCGTC,CTCGGCGTTGA,CCGAGCAGCGA
5785,positive,5463,0.1158294826745987,VT65295|0|MEMB002C|-|3210,2817,no,TGCGTC,CTCGGCGTTGA,CCGAGCAGCGA
5786,positive,5463,0.1158294826745987,VT65295|0|MEMB002D|+|2569,2186,no,TGAGTC,GTCGGCATCGA,CCGAGCAGCGA
5787,positive,5463,0.1158294826745987,VT65295|0|MEMB002E|-|2184,1794,no,TGAGTC,GTCGCTATTGA,CCGAGCAGCGA
5788,positive,5463,0.1158294826745987,VT65295|0|MEMB002F|-|2530,2130,no,TGCGGC,CTCGGCGTCGA,CCGAGCAGCGA
5789,positive,5463,-1.8841705322265625,VT65295|0|MEMB003A|-|2218,1830,no,TTTGTC,GTCGGCATCTA,CCGAGCAGCGA
5790,positive,5463,0.1158294826745987,VT65295|0|MEMB003B|-|2439,2061,no,TGAGTC,GTCGGTATAGA,CCGAGCATCGA
5791,positive,5463,0.1158294826745987,VT65295|0|MEMB003C|+|2464,2071,no,TGCGTC,ATCGCCGTTGA,CCGAGCACCGA
5792,positive,5463,-1.8841705322265625,VT65295|0|MEMB003D|-|2218,1830,no,TTTGTC,GTCGGCATCTA,CCGAGCAGCGA
5793,positive,5463,3.2857544422149663,VT65295|0|MEMB003F|-|2339,1955,no,CAAGTC,GTCGGCATGGA,CCGAGCAACGA
5794,positive,5463,2.7007920742034908,VT65295|0|MEMB004B|+|2160,1775,no,TAAGTC,GTCGGCATCGA,CCGAGCAACGA
5795,positive,5463,2.7007920742034908,VT65295|0|MEMB004E|-|2307,1919,no,TAAGTC,GTCGGCATCGA,CCGAGCAACGA
5796,positive,5463,2.7007920742034908,VT65295|0|MEMB005B|+|2303,1918,no,TAAGTC,GTCAGCATCGA,CCGAACAACGT
5797,positive,5463,0.1158294826745987,VT65295|0|MEMB005D|-|2647,2263,no,TGAGTC,GTTGGAATCGA,CCGAACAGCGA
5798,positive,5463,0.1158294826745987,VT65295|0|MEMB006A|-|2731,2347,no,TGAGTC,GTTGGAATCGA,CCGAACAGCGA
5799,positive,5463,0.1158294826745987,VT65295|0|MEMB006B|-|2950,2575,no,TTAGTC,GTCGGCATCGA,CCGAGCAGCGA
5800,positive,5463,2.7007920742034908,VT65295|0|MEMB006C|+|2238,1851,no,TAAGTC,GTCGGCATCGA,CCGAGCAACGA
5801,positive,5463,0.1158294826745987,VT65295|0|MEMB007B|-|2640,2247,no,TGCGTC,CTCGGCGTTGA,CCGAGCAGCGA
5802,positive,5463,0.1158294826745987,VT65295|0|MEMB007C|+|2249,1872,no,TGAGTC,GTCGGTATAGA,CCGAGCAACGA
5803,positive,5463,0.008914276957511902,VT65295|0|MEMB007D|-|2925,2540,no,TGCTGC,ATCAAAATCGA,CCGAGCAACGA
5804,positive,5463,2.7007920742034908,VT65295|0|MEMB008C|-|2328,1941,no,TAAGTC,GTCGGCATCGA,CCGAGCAACGA
5805,positive,5463,-1.8841705322265625,VT65295|0|dkik|-|3985,3597,no,TTTGTC,GTCGGCATCTA,CCGAGCAGCGA
5806,negative,5518,2.7007920742034908,VT65295|0|MEMB002A|+|3572,3234,no,CGTACG,ATGAGTTCGTT,CCAGCGAGTTC
5807,negative,5518,2.7007920742034908,VT65295|0|MEMB002C|-|3210,2872,no,CGTACG,ATGAGTTCGTT,CCAGCGAGTTC
5808,negative,5518,2.7007920742034908,VT65295|0|MEMB002D|+|2569,2241,no,CGTACG,GTAAAATCCTA,CCAGTGAGCTC
5809,negative,5518,2.7007920742034908,VT65295|0|MEMB002E|-|2184,1849,no,CGTACG,GTAAAATCTTA,CCAGTGAGTTC
5810,negative,5518,1.7007919549942017,VT65295|0|MEMB002F|-|2530,2185,no,CGAACG,TTGAGTTCTTT,CCAGCGAGCTC
5811,negative,5518,2.7007920742034908,VT65295|0|MEMB003A|-|2218,1885,no,CGTACG,TTGAAATCCTT,CCAGCGAGTTT
5812,negative,5518,1.5938767194747925,VT65295|0|MEMB003B|-|2439,2116,no,CGGACT,TTAAAAACTTA,CCAGTGAGTTC
5813,negative,5518,2.7007920742034908,VT65295|0|MEMB003C|+|2464,2126,no,CGTACG,ATGAGTTCCTT,CCAGCGAGTTC
5814,negative,5518,2.7007920742034908,VT65295|0|MEMB003D|-|2218,1885,no,CGTACG,TTGAAATCCTT,CCAGCGAGTTT
5815,negative,5518,3.2857544422149663,VT65295|0|MEMB003F|-|2339,2010,no,CGCACG,TTAAAATCTTA,CCAGTGAGTTC
5816,negative,5518,3.2857544422149663,VT65295|0|MEMB004B|+|2160,1830,no,CGCACG,TTAAAATCTTT,CCAGTGAGTTC
5817,negative,5518,1.7007919549942017,VT65295|0|MEMB004E|-|2307,1974,no,CGGACG,TTAAAGTCTTA,CCAGTGAGTTC
5818,negative,5518,3.2857544422149663,VT65295|0|MEMB005B|+|2303,1973,no,CGCACG,TTAAAATCTTA,CCAGTGAGTTC
5819,negative,5518,2.7007920742034908,VT65295|0|MEMB005D|-|2647,2318,no,CGTACG,GTTAAATCTTA,CCAGTGAGTTT
5820,negative,5518,2.7007920742034908,VT65295|0|MEMB006A|-|2731,2402,no,CGTACG,GTTAAGTCTTA,CCAGTGAGTTT
5821,negative,5518,2.7007920742034908,VT65295|0|MEMB006B|-|2950,2630,no,CGTACG,TTGAAATCATA,CCAGTGAGTTC
5822,negative,5518,3.2857544422149663,VT65295|0|MEMB006C|+|2238,1906,no,CGCACG,TTGAAATCATA,CCAGTGAGTTT
5823,negative,5518,2.7007920742034908,VT65295|0|MEMB007B|-|2640,2302,no,CGTACG,ATGAATTCCTT,CCAGCGAGTTC
5824,negative,5518,1.5938767194747925,VT65295|0|MEMB007C|+|2249,1927,no,CGGACT,TTAAAAACTTA,CCAGTGAGTTC
5825,negative,5518,1.7007919549942017,VT65295|0|MEMB007D|-|2925,2595,no,CGAACG,TTGAAATCTTT,CCAGCGAGTTC
5826,negative,5518,3.2857544422149663,VT65295|0|MEMB008C|-|2328,1996,no,CGCACG,TTAAAGTCTTT,CCAGTGAGTTT
5827,negative,5518,2.7007920742034908,VT65295|0|dkik|-|3985,3652,no,CGTACG,TTGAAATCTTT,CCAGCGAGTTT
5828,negative,5557,-0.8841705322265625,VT65295|0|MEMB002A|+|3572,3273,no,CTGGAG,CTATCGGTGAC,AGGGGCCGCCT
5829,negative,5557,-0.8841705322265625,VT65295|0|MEMB002C|-|3210,2911,no,CTGGAG,CTATCGCTGTC,AGGGGCCGCCC
5830,negative,5557,1.0633620023727417,VT65295|0|MEMB002D|+|2569,2280,no,AAAAAC,CTCGATGTCTT,AGGATACGCCC
5831,negative,5557,1.4783995151519775,VT65295|0|MEMB002E|-|2184,1888,no,AATAAA,CTCAATATGTT,ATGATGTGCCC
5832,negative,5557,-0.8841705322265625,VT65295|0|MEMB002F|-|2530,2224,no,CTGGAG,CTATCCGTCTC,CGGGACCGCCC
5833,negative,5557,-3.5216004848480225,VT65295|0|MEMB003A|-|2218,1924,no,TTGGTC,CTGGATGTCTC,CTCAGCCGCCT
5834,negative,5557,-3.5216004848480225,VT65295|0|MEMB003B|-|2439,2155,no,AAGCGC,CTTGATGTCCA,CGAAAGTGCCC
5835,negative,5557,-0.8841705322265625,VT65295|0|MEMB003C|+|2464,2165,no,CTGGAG,CTATCGCTGAC,AGGGGCCGCCC
5836,negative,5557,-3.5216004848480225,VT65295|0|MEMB003D|-|2218,1924,no,TTGGTC,CTGGATGTCTC,CTCAGCCGCCT
5837,negative,5557,3.1788392066955566,VT65295|0|MEMB003F|-|2339,2049,no,AACACT,CTCGAAGTCTC,AGGAGGCGCCC
5838,negative,5557,-0.4061232209205627,VT65295|0|MEMB004B|+|2160,1869,no,ATGAGT,CTCGAAGTCTC,AGGAGGCGCCC
5839,negative,5557,0.5938767790794373,VT65295|0|MEMB004E|-|2307,2013,no,AATATT,CTCGACGTCTC,ATCAGGCGCCC
5840,negative,5557,2.593876838684082,VT65295|0|MEMB005B|+|2303,2012,no,AATACT,CTCGAAGTCCA,AGGAGACGCCC
5841,negative,5557,0.4783995747566223,VT65295|0|MEMB005D|-|2647,2357,no,AAAACA,CTCGATGTCAA,AAGATACGCCC
5842,negative,5557,0.4783995747566223,VT65295|0|MEMB006A|-|2731,2441,no,AAAAAA,CTCGATGTCTA,AAGATACGCCC
5843,negative,5557,0.4783995747566223,VT65295|0|MEMB006B|-|2950,2669,no,AAGAAA,CTTAATGTCCT,AAGAGACGCCC
5844,negative,5557,0.4783995747566223,VT65295|0|MEMB006C|+|2238,1945,no,AAGAAA,CTCGAAGTCAC,AGGAGGTGCCC
5845,negative,5557,-0.8841705322265625,VT65295|0|MEMB007B|-|2640,2341,no,CTGGAG,CTATCGCTGAC,AGGGGCCGCCC
5846,negative,5557,-0.8841705322265625,VT65295|0|MEMB007C|+|2249,1966,no,AAGCAG,CTTGATGTCAA,CAAACGTGCCC
5847,negative,5557,-0.9910857081413268,VT65295|0|MEMB007D|-|2925,2634,no,AAGCAT,CTTTCCGTCTC,AGAAGCCGCCT
5848,negative,5557,1.5938767194747925,VT65295|0|MEMB008C|-|2328,2035,no,AAGACT,CTCGATGTCTC,AGGAGGCGCCC
5849,negative,5557,-3.5216004848480225,VT65295|0|dkik|-|3985,3691,no,TTGGTC,CTGGATGTCTC,CTCAGCCGCCT
5850,positive,5608,0.7007919549942017,VT65295|0|MEMB002A|+|3572,3317,no,CGAGAC,CCCTTTGAAGA,CCGCCAAGGTG
5851,positive,5608,0.7007919549942017,VT65295|0|MEMB002C|-|3210,2955,no,CGAGAC,CCCTTTGAAGA,CCGCCAAGGTG
5852,positive,5608,-0.5216004252433777,VT65295|0|MEMB002D|+|2569,2318,no,CCAATC,TCCCCTGAAAA,CCGCCAAGGTG
5853,positive,5608,0.7007919549942017,VT65295|0|MEMB002E|-|2184,1926,no,CCAGAC,TCCTCTGAAAA,CCGCTAAAGTG
5854,positive,5608,0.7007919549942017,VT65295|0|MEMB002F|-|2530,2265,no,CGAGGC,CCCGTTGAAGA,CCGCCATGGTG
5855,positive,5608,0.7007919549942017,VT65295|0|MEMB003A|-|2218,1965,no,CGAGCC,CCCTTTGAAGA,CCGCCAAGGTG
5856,positive,5608,0.7007919549942017,VT65295|0|MEMB003B|-|2439,2190,no,CGAGCC,CCCTATGAAAA,CCGCCAAGGTG
5857,positive,5608,0.7007919549942017,VT65295|0|MEMB003C|+|2464,2209,no,CGAGAC,CCCTTTGAAGA,CCGCCAAGGTG
5858,positive,5608,0.7007919549942017,VT65295|0|MEMB003D|-|2218,1965,no,CGAGCC,CCCTTTGAAGA,CCGCCAAGGTG
5859,positive,5608,3.2857544422149663,VT65295|0|MEMB003F|-|2339,2087,no,CAAGCC,GCCTATAAAAA,CAGCCAAGGTG
5860,positive,5608,0.7007919549942017,VT65295|0|MEMB004B|+|2160,1907,no,CGAGCC,CCCTTTGAAAA,CAGCCAAGGTG
5861,positive,5608,0.7007919549942017,VT65295|0|MEMB004E|-|2307,2054,no,CGAGCC,GCCTATAAAAA,CAGCCAAGGTG
5862,positive,5608,0.7007919549942017,VT65295|0|MEMB005B|+|2303,2050,no,CGAGCC,CCCTTTGAAAA,CAGCTAATGTG
5863,positive,5608,0.7007919549942017,VT65295|0|MEMB005D|-|2647,2395,no,CGAGCC,CCCTTTGAAAA,CCGCCAAGGTG
5864,positive,5608,0.7007919549942017,VT65295|0|MEMB006A|-|2731,2479,no,CGAGCC,CCCCTTGAAAA,CCGCCAAGGTG
5865,positive,5608,0.7007919549942017,VT65295|0|MEMB006B|-|2950,2707,no,CGAGCC,CCCTTTGAAAA,CCGCCAAAGTG
5866,positive,5608,0.7007919549942017,VT65295|0|MEMB006C|+|2238,1983,no,CCAGTC,CCCTACGAAAA,CAGCCAAGGTG
5867,positive,5608,0.7007919549942017,VT65295|0|MEMB007B|-|2640,2385,no,CGAGAC,GCCTTTGAAGA,CCGCCAAGGTG
5868,positive,5608,0.7007919549942017,VT65295|0|MEMB007C|+|2249,2004,no,CGAGCC,CCCTACGAAAA,CCGCCAAGGTG
5869,positive,5608,0.7007919549942017,VT65295|0|MEMB007D|-|2925,2675,no,CGAGGC,TCCATGGAAGA,CCGCCAAGGTG
5870,positive,5608,0.7007919549942017,VT65295|0|MEMB008C|-|2328,2073,no,CGAGCC,CCCTTTGAAAA,CAGCCAAGGTG
5871,positive,5608,0.7007919549942017,VT65295|0|dkik|-|3985,3732,no,CGAGCC,CCCTTTGAAGA,CCGCCAAGGTG
5872,positive,5671,0.5938767790794373,VT65295|0|MEMB002A|+|3572,3380,no,CGATCG,GTTCGCGTAGC,TTCCATTTAGC
5873,positive,5671,0.5938767790794373,VT65295|0|MEMB002C|-|3210,3018,no,CGATCG,GGTCGAGTAGC,TTCCATTTAGC
5874,positive,5671,-0.9910857081413268,VT65295|0|MEMB002D|+|2569,2381,no,GTATTG,GCTCTCGAAGG,TGGCATTCAGC
5875,positive,5671,1.5938767194747925,VT65295|0|MEMB002E|-|2184,1989,no,GAATCG,GCTCTCGAAGG,TGTCATTAAGC
5876,positive,5671,0.5938767790794373,VT65295|0|MEMB002F|-|2530,2328,no,CGATCG,GGTCGCGTAGC,TTGCATTTAGC
5877,positive,5671,-0.9910857081413268,VT65295|0|MEMB003A|-|2218,2028,no,GTATCG,GTTCTCGAAGG,TTGCATTCAGC
5878,positive,5671,-0.9910857081413268,VT65295|0|MEMB003B|-|2439,2253,no,GTATCG,GCTGTCGAAGG,TGGCATTCAGC
5879,positive,5671,0.5938767790794373,VT65295|0|MEMB003C|+|2464,2272,no,CGATCG,GCTCGCGTAGC,TTCCATTTAGC
5880,positive,5671,-0.9910857081413268,VT65295|0|MEMB003D|-|2218,2028,no,GTATCG,GTTCTCGAAGG,TTGCATTCAGC
5881,positive,5671,3.1788392066955566,VT65295|0|MEMB003F|-|2339,2150,no,CAATCG,GCTGTCGAAGG,TTGTATTCAGC
5882,positive,5671,-0.9910857081413268,VT65295|0|MEMB004B|+|2160,1970,no,GTATCG,GGTTTCAAAGG,TTGCATTTAGC
5883,positive,5671,-0.9910857081413268,VT65295|0|MEMB004E|-|2307,2117,no,GTATCG,GTTCTCGTAGG,TTGCATTCAGC
5884,positive,5671,-0.9910857081413268,VT65295|0|MEMB005B|+|2303,2113,no,GTATCG,GGTTTCGAAGG,TTGCATTCAGC
5885,positive,5671,0.5938767790794373,VT65295|0|MEMB005D|-|2647,2458,no,CTATCG,GTTCTCAAAGG,TTTGATTCAGC
5886,positive,5671,0.5938767790794373,VT65295|0|MEMB006A|-|2731,2542,no,CTATCG,GTTCTCGAAGG,TTGTATTCAGC
5887,positive,5671,-0.9910857081413268,VT65295|0|MEMB006B|-|2950,2770,no,GTATCG,GTTCTCGAAGG,TGGCATTCAGT
5888,positive,5671,-0.9910857081413268,VT65295|0|MEMB006C|+|2238,2046,no,GTATCG,GGTCTCGAAGG,TTGCATTCAGC
5889,positive,5671,0.5938767790794373,VT65295|0|MEMB007B|-|2640,2448,no,CGATCG,GTTCTCGTAGC,TTCCATTTAGC
5890,positive,5671,1.5938767194747925,VT65295|0|MEMB007C|+|2249,2067,no,GAATCG,GTTGTTGAAGG,TGGCATTCAGC
5891,positive,5671,3.1788392066955566,VT65295|0|MEMB007D|-|2925,2738,no,CAATTG,AGTGGCGAACC,TGTCATTCAGG
5892,positive,5671,-0.9910857081413268,VT65295|0|MEMB008C|-|2328,2136,no,GTATCG,AGAGTCGAAGG,TTGCATTCAGC
5893,positive,5671,-0.9910857081413268,VT65295|0|dkik|-|3985,3795,no,GTATCG,GTTCTCGAAGG,TTGCATTCAGC
5894,positive,5702,2.648324489593506,VT65295|0|MEMB002A|+|3572,3411,no,CACCTT,AGTGTCTTGAC,CTTGGCCAACG
5895,positive,5702,2.648324489593506,VT65295|0|MEMB002C|-|3210,3049,no,CACCTT,AGTGTCTTGAC,CTTGGCCAACG
5896,positive,5702,2.648324489593506,VT65295|0|MEMB002D|+|2569,2412,no,CACCCT,AGTGTCATCAT,TGCGGCCAGGC
5897,positive,5702,2.648324489593506,VT65295|0|MEMB002E|-|2184,2020,no,CACCTT,AGTGTCATCAT,TCCGGCCAGTT
5898,positive,5702,2.648324489593506,VT65295|0|MEMB002F|-|2530,2359,no,CACCTT,AGTGTCTTGAC,CTGGGCCAAAT
5899,positive,5702,2.648324489593506,VT65295|0|MEMB003A|-|2218,2059,no,CACCTT,AGTGTCGTTAC,TGCAGCCAGGT
5900,positive,5702,2.648324489593506,VT65295|0|MEMB003B|-|2439,2284,no,CACCTT,AGTGTCGCCAT,TGCGGCCAGGT
5901,positive,5702,2.648324489593506,VT65295|0|MEMB003C|+|2464,2303,no,CACCTT,AGTGTCTTGAT,CTTGGCCAACG
5902,positive,5702,2.648324489593506,VT65295|0|MEMB003D|-|2218,2059,no,CACCTT,AGTGTCGTTAC,TGCAGCCAGGT
5903,positive,5702,3.1788392066955566,VT65295|0|MEMB003F|-|2339,2181,no,CACTTT,AGTGTTCTAAC,TTCGGCCAGTT
5904,positive,5702,3.1788392066955566,VT65295|0|MEMB004B|+|2160,2001,no,CACTTT,AGTGTCTTTCT,TTCGACCACTT
5905,positive,5702,1.5938767194747925,VT65295|0|MEMB004E|-|2307,2148,no,GACTGC,AGTTTAAGCCG,TTCGGCCAGGT
5906,positive,5702,3.1788392066955566,VT65295|0|MEMB005B|+|2303,2144,no,CACTTT,AGTGACTTACT,TTCGGCCACGT
5907,positive,5702,2.648324489593506,VT65295|0|MEMB005D|-|2647,2489,no,CACCCT,AGTGTGGTCCT,TTCGGCCAGAT
5908,positive,5702,2.648324489593506,VT65295|0|MEMB006A|-|2731,2573,no,CACCCT,AGTGTGTTCCT,TTCGGCCAGAT
5909,positive,5702,2.648324489593506,VT65295|0|MEMB006B|-|2950,2801,no,CACCTT,AGTGTCTTCAT,TTCGGCCAGTT
5910,positive,5702,3.1788392066955566,VT65295|0|MEMB006C|+|2238,2077,no,CACTTC,AGTTTCTTTTT,TTCGGCCAATT
5911,positive,5702,2.648324489593506,VT65295|0|MEMB007B|-|2640,2479,no,CACCTT,AGTGTCTTGAC,CTTGGCCACCG
5912,positive,5702,2.648324489593506,VT65295|0|MEMB007C|+|2249,2098,no,CACCTT,AGCGTCGCCAT,TGCGGCCAGGT
5913,positive,5702,2.648324489593506,VT65295|0|MEMB007D|-|2925,2769,no,CACCCT,AGTGTCTTACC,GCTGGCCAAGG
5914,positive,5702,3.1788392066955566,VT65295|0|MEMB008C|-|2328,2167,no,CACTTT,AGTGTCTTCCT,TTCGGCCAAGT
5915,positive,5702,2.648324489593506,VT65295|0|dkik|-|3985,3826,no,CACCTT,AGTGTCGTTAC,TGCAGCCAGGT
5916,positive,5849,-0.29920801520347595,VT65295|0|MEMB002A|+|3572,3547,no,AATGTC,GAAATAACGCT,GAGTGCAGCTT
5917,positive,5849,-0.29920801520347595,VT65295|0|MEMB002C|-|3210,3185,no,AATGTC,GAAATGAAGCT,GAGTGCAGCTT
5918,positive,5849,0.7007919549942017,VT65295|0|MEMB002D|+|2569,2542,no,TATGTT,CAAGGAACGCC,TCGAGCGCAGC
5919,positive,5849,0.7007919549942017,VT65295|0|MEMB002E|-|2184,2150,no,TATGTT,TAAAAAACGCT,AGGTTAATAAT
5920,positive,5849,1.7007919549942017,VT65295|0|MEMB002F|-|2530,2505,no,AAAGTT,GAAGGAACGCT,AAATGCAGCTT
5921,positive,5849,0.7007919549942017,VT65295|0|MEMB003A|-|2218,2191,no,TATGTT,CAAAGATCGCT,GCAGGTGCTGC
5922,positive,5849,0.7007919549942017,VT65295|0|MEMB003B|-|2439,2406,no,TATGTA,CAAGAAGCGCT,TGGCTGGAGTG
5923,positive,5849,-0.29920801520347595,VT65295|0|MEMB003C|+|2464,2439,no,AATGTC,GAAAGAACGCT,GAGTCCAGCTT
5924,positive,5849,0.7007919549942017,VT65295|0|MEMB003D|-|2218,2191,no,TATGTT,CAAAGATCGCT,GCAGGTGCTGC
5925,positive,5849,3.2857544422149663,VT65295|0|MEMB003F|-|2339,2313,yes,CAAGTC,CTGGAAACGTT,TAGGTGAAGCT
5926,positive,5849,0.7007919549942017,VT65295|0|MEMB004B|+|2160,2133,no,TATGTC,TTGGGAACGCT,TCAAGTGAAGC
5927,positive,5849,-0.5216004252433777,VT65295|0|MEMB004E|-|2307,2280,no,TATATC,CTGGGAACGCT,TCGAGTAAAGC
5928,positive,5849,0.7007919549942017,VT65295|0|MEMB005B|+|2303,2276,no,TATGTC,TTGGGAACGCT,TCGTTTGAAGC
5929,positive,5849,-0.29920801520347595,VT65295|0|MEMB005D|-|2647,2621,no,AATGTC,CAAATAACACT,TCGAGTGCGCT
5930,positive,5849,-0.29920801520347595,VT65295|0|MEMB006A|-|2731,2705,no,AATGTC,CAAAGAACACC,TCGAGTGCGCT
5931,positive,5849,0.7007919549942017,VT65295|0|MEMB006B|-|2950,2923,no,TATGCC,TAAAGAACGCT,TCGAGTGCAGC
5932,positive,5849,0.7007919549942017,VT65295|0|MEMB006C|+|2238,2211,no,TATGTC,CTGGGAACGCT,TAGAGTGAAGC
5933,positive,5849,-1.5216004848480225,VT65295|0|MEMB007B|-|2640,2615,no,GATATC,GAAAGAACGCT,GAGTGCGGCTT
5934,positive,5849,-1.8841705322265625,VT65295|0|MEMB007C|+|2249,2220,no,TGTGTC,CAAAAAACGTT,TGGAGTGCAGA
5935,positive,5849,1.2857544422149658,VT65295|0|MEMB007D|-|2925,2897,no,CATGCC,CAAAAACCGCT,TTGAGTACAGC
5936,positive,5849,0.7007919549942017,VT65295|0|MEMB008C|-|2328,2301,no,TATGTC,TTTGGAATGCT,TCGAGTGAAAC
5937,positive,5849,0.7007919549942017,VT65295|0|dkik|-|3985,3958,no,TATGTT,CAAAGATCGCT,GCAGGTGCTGC
5938,positive,267,0.4783995747566223,VT65295|0|MEMB002A|+|3572,257,no,AAAAAA,TTGCTCACCTA,TAAAAAAGGTA
5939,positive,267,2.7007920742034908,VT65295|0|MEMB002B|-|1683,257,no,TAAGGG,TTGCTCACCTG,TAAAGAATGCC
5940,positive,267,1.7007919549942017,VT65295|0|MEMB002C|-|3210,257,no,AAAGTG,TTGCTCACCTG,TAAAGGAGACC
5941,positive,267,1.7007919549942017,VT65295|0|MEMB002D|+|2569,257,no,AAAGTG,TTGTTCGCCTA,CATGGTAAGAA
5942,positive,267,1.7007919549942017,VT65295|0|MEMB002E|-|2184,257,no,AAAGTA,TTGCCCACCTA,CACGGTATCAA
5943,positive,267,-0.8841705322265625,VT65295|0|MEMB002F|-|2530,257,no,ATAGTA,TTGCTCACCTA,AAAAGGATACT
5944,positive,267,1.7007919549942017,VT65295|0|MEMB003A|-|2218,257,no,GAAGTG,TTGCTCGCCTG,CACGGGAAAAA
5945,positive,267,1.5938767194747925,VT65295|0|MEMB003B|-|2439,257,no,AAATTG,GTGCGCGCCTA,AACGGGATAAA
5946,positive,267,-1.8841705322265625,VT65295|0|MEMB003C|+|2464,197,no,tgggta,cttgtacccta,tcgggtataaC
5947,positive,267,1.7007919549942017,VT65295|0|MEMB003D|-|2218,257,no,GAAGTG,TTGCTCGCCTG,CACGGGATAAA
5948,positive,267,1.7007919549942017,VT65295|0|MEMB003F|-|2339,257,no,GAAGTG,TTGCTCGCCTA,CACGGAATGAT
5949,positive,267,3.2857544422149663,VT65295|0|MEMB004A|-|1649,257,no,CAAGGG,TTGCTCACCTG,TAAAGGAGAAT
5950,positive,267,1.7007919549942017,VT65295|0|MEMB004B|+|2160,257,no,GAAGAA,TTGCTCGCCTA,TGCAATTCATG
5951,positive,267,0.4783995747566223,VT65295|0|MEMB004E|-|2307,257,no,GAAATG,TTGGGCGCCTA,CACGGGATGAA
5952,positive,267,1.7007919549942017,VT65295|0|MEMB005B|+|2303,257,no,GAAGTG,TTGCTCGCCTA,GGCGGGGGGAT
5953,positive,267,1.7007919549942017,VT65295|0|MEMB005D|-|2647,257,no,AAAGTG,TTGCTCGCCTG,CATGGGATAAA
5954,positive,267,1.7007919549942017,VT65295|0|MEMB006A|-|2731,257,no,AAAGTG,TTGCTCGCCTG,CACGAGATAAG
5955,positive,267,1.7007919549942017,VT65295|0|MEMB006B|-|2950,257,no,AAAGTG,TTGCTCGCCTA,AACGGGATGAA
5956,positive,267,1.7007919549942017,VT65295|0|MEMB006C|+|2238,257,no,GAAGGG,TTGCTCGCCTG,ATGCACGGGAT
5957,positive,267,0.4783995747566223,VT65295|0|MEMB007B|-|2640,257,no,AAAAAT,TTGCTCACCTA,TAAATAAGGAG
5958,positive,267,1.5938767194747925,VT65295|0|MEMB007C|+|2249,257,no,AAATTC,GTGCGCTTCTA,AAATGGCAAAT
5959,positive,267,1.7007919549942017,VT65295|0|MEMB007D|-|2925,257,no,AAAGTG,TTGCTCACCTA,TACAGGAAATC
5960,positive,267,1.7007919549942017,VT65295|0|MEMB008C|-|2328,257,no,GAAGTG,CTGCTCGCCTA,CACGGGATGGA
5961,positive,267,1.7007919549942017,VT65295|0|dkik|-|3985,257,no,GAAGTG,TTGCTCTCCTG,CACGGGATAAA
5962,positive,737,-2.5216004848480225,VT65295|0|MEMB002A|+|3572,630,no,ttgcgg,cgttgaggatg,aaggcctttgg
5963,positive,737,2.0633621215820312,VT65295|0|MEMB002B|-|1683,388,no,CAAAGG,CTCTCAATGTG,CTCAACCAAAT
5964,positive,737,-0.8841705322265625,VT65295|0|MEMB002C|-|3210,382,no,acagtc,gtaagaaacct,gactgtgctcg
5965,positive,737,0.4783995747566223,VT65295|0|MEMB002F|-|2530,388,no,AAAAGC,AGCTTAACAAG,TAATCTGAGCA
5966,positive,737,3.1788392066955566,VT65295|0|MEMB004A|-|1649,364,no,CAATAG,CTCTCAATGTG,CTCATCCAAAA
5967,positive,737,2.593876838684082,VT65295|0|MEMB007D|-|2925,484,no,TAATAA,AAGGCAACAAA,AGACGAACTAG
5968,negative,1066,-1.991085767745972,VT65295|0|MEMB002A|+|3572,959,no,AATGGT,CACGAAGAACG,ATTATTGGTGA
5969,negative,1066,-0.9910857081413268,VT65295|0|MEMB002C|-|3210,656,no,ATAGAT,ACAATAAATAA,GGTTAAAGTTA
5970,negative,1066,3.2857544422149663,VT65295|0|MEMB004A|-|1649,460,no,TCCAAG,AACTAATATAA,TTCTTTAGAGG
5971,positive,2166,0.6483245491981506,VT65295|0|MEMB002A|+|3572,2021,no,CAGCAC,TCCACAGTGAA,AATGAAGCCAA
5972,positive,2166,2.648324489593506,VT65295|0|MEMB002B|-|1683,1217,no,CAACAC,TGAACAGTGAA,AATGAAGCCGG
5973,positive,2166,0.6483245491981506,VT65295|0|MEMB002C|-|3210,1667,no,CAGCAC,TCCACAGTGAA,AATGAAGCCAA
5974,positive,2166,2.648324489593506,VT65295|0|MEMB002D|+|2569,1044,no,CAACAC,TCCACGGTGAA,CACGAAACAGA
5975,positive,2166,2.648324489593506,VT65295|0|MEMB002E|-|2184,1042,no,CAACAC,TCCACAGTGAA,CACGAAGCAGA
5976,positive,2166,2.648324489593506,VT65295|0|MEMB002F|-|2530,1214,no,CACCAG,TCCACAGTGAA,AATGAAGCAGA
5977,positive,2166,0.6483245491981506,VT65295|0|MEMB003A|-|2218,993,no,CAGCAC,TCCACGGTGAA,CACGAAACAGA
5978,positive,2166,0.06336206197738647,VT65295|0|MEMB003B|-|2439,1039,no,CAGAAT,TCCACGGTGAA,AACGAAGCAGA
5979,positive,2166,0.6483245491981506,VT65295|0|MEMB003C|+|2464,944,no,CAGCAC,TCCACAGTGAA,AATGAAGGCAA
5980,positive,2166,0.6483245491981506,VT65295|0|MEMB003D|-|2218,993,no,CAGCAC,TCCACGGTGAA,CACGAAGCAGA
5981,positive,2166,2.648324489593506,VT65295|0|MEMB003F|-|2339,1046,no,CAACAC,TCCACGGTAAA,CACGAAGAAGA
5982,positive,2166,3.1788392066955566,VT65295|0|MEMB004A|-|1649,1212,no,CAATAC,TGCACAGTAAA,AATGAAGCCGA
5983,positive,2166,0.06336206197738647,VT65295|0|MEMB004B|+|2160,1013,no,CAGAAT,TCCACGGTGAA,CACGAATATTA
5984,positive,2166,2.648324489593506,VT65295|0|MEMB004E|-|2307,1044,no,CAACAC,TCCACGGTGAA,CACGAACAAGA
5985,positive,2166,2.648324489593506,VT65295|0|MEMB005B|+|2303,1028,no,CAACAC,TCCACGGTGAA,CACGAAGACGA
5986,positive,2166,0.6483245491981506,VT65295|0|MEMB005D|-|2647,1024,no,CAGCAC,TCCACGGTGAA,CACAAATAGGA
5987,positive,2166,0.6483245491981506,VT65295|0|MEMB006A|-|2731,1047,no,CAGCAA,TCCACGGTGAA,CACGAATAAGA
5988,positive,2166,-0.9366379380226136,VT65295|0|MEMB006B|-|2950,1057,no,AAGCAC,TCCACGGTGAA,CACAAAGCAGA
5989,positive,2166,2.648324489593506,VT65295|0|MEMB006C|+|2238,1036,no,CAACAC,TCCACGGTGAA,CACGAAGAAGA
5990,positive,2166,3.1788392066955566,VT65295|0|MEMB007B|-|2640,1114,no,CAATAT,TCCACAGTGAA,AATGAAGCCGA
5991,positive,2166,0.6483245491981506,VT65295|0|MEMB007C|+|2249,1005,no,CAGCAC,TCCACGGTGAA,AACGAAGCAGA
5992,positive,2166,2.648324489593506,VT65295|0|MEMB007D|-|2925,1400,no,CACCAC,TCCACGGTGAA,CACGAAGAAGA
5993,positive,2166,2.648324489593506,VT65295|0|MEMB008C|-|2328,1048,no,CAACAC,TCCACTGTGAA,CACGAAGATGA
5994,positive,2166,0.6483245491981506,VT65295|0|dkik|-|3985,993,no,CAGCAC,TCCACGGTGAA,CACGAAGCAGA
5995,negative,160,1.7007919549942017,VT65295|0|MEMB002A|+|3572,150,no,CTGACG,GCCAGCGAAGC,TCCGCCTCAAG
5996,negative,160,1.7007919549942017,VT65295|0|MEMB002B|-|1683,150,no,CTGACG,GCCAACGAATC,TTCGCCTAAAG
5997,negative,160,1.7007919549942017,VT65295|0|MEMB002C|-|3210,150,no,CTGACG,GCCAGCGAAGC,TTCGCCTCAAG
5998,negative,160,1.7007919549942017,VT65295|0|MEMB002D|+|2569,150,no,CTGACG,GCCCACGACTC,TGCGCCTCAAG
5999,negative,160,1.7007919549942017,VT65295|0|MEMB002E|-|2184,150,no,CTGACG,GCCAATGACTC,TGCGCCTCAAG
6000,negative,160,-0.8841705322265625,VT65295|0|MEMB002F|-|2530,150,no,CTGGCG,CCTAACGAATC,TTCGCCTGAAG
6001,negative,160,-0.8841705322265625,VT65295|0|MEMB003A|-|2218,150,no,CTGTCG,GCCAAAGACTC,TGCGCCTCAAG
6002,negative,160,1.7007919549942017,VT65295|0|MEMB003B|-|2439,150,no,CTGACG,GCCAATGACAT,TGCGCCTCAAG
6003,negative,160,-2.1065628528594966,VT65295|0|MEMB003D|-|2218,150,no,CTGTCA,GCCAAAGACTC,TGCGCCTCAAG
6004,negative,160,0.7007919549942017,VT65295|0|MEMB003F|-|2339,150,no,CTCGCG,GCCCATGACTC,TGCGCCTCAAG
6005,negative,160,1.7007919549942017,VT65295|0|MEMB004A|-|1649,150,no,CTGACG,GCCAACGAATC,TTCGCCTAAAG
6006,negative,160,3.2857544422149663,VT65295|0|MEMB004B|+|2160,150,no,CTCACG,GCCCATGATTC,TGCGCCTCAAG
6007,negative,160,3.2857544422149663,VT65295|0|MEMB004E|-|2307,150,no,CTCACG,GCCCATGATTC,TGCGCCTCAAG
6008,negative,160,3.2857544422149663,VT65295|0|MEMB005B|+|2303,150,no,CTCACG,GCCAACGATTC,TGCGCCTCAAG
6009,negative,160,-0.8841705322265625,VT65295|0|MEMB005D|-|2647,150,no,CTGTCG,GCTAGTGAATC,TGCGCCTAAAG
6010,negative,160,-0.8841705322265625,VT65295|0|MEMB006A|-|2731,150,no,CTGTCG,GCTAGTGAATC,TGCGCCTAAAG
6011,negative,160,-0.8841705322265625,VT65295|0|MEMB006B|-|2950,150,no,CTGTCG,GCTGTTGACTC,TGCGTCTTAAG
6012,negative,160,0.7007919549942017,VT65295|0|MEMB006C|+|2238,150,no,CTCTCG,GCCAATGACTC,TGCGACTCAAA
6013,negative,160,1.7007919549942017,VT65295|0|MEMB007B|-|2640,150,no,CTGACG,GCCAGCGAAGC,TTCGCCTGAAG
6014,negative,160,1.7007919549942017,VT65295|0|MEMB007C|+|2249,150,no,CTGACG,GCGAATGACTC,TGCGCCTCAAG
6015,negative,160,-0.8841705322265625,VT65295|0|MEMB007D|-|2925,150,no,CTATCG,GCCAACGACTC,TGCGCCTTAAA
6016,negative,160,3.2857544422149663,VT65295|0|MEMB008C|-|2328,150,no,CTCACG,GCCCATGACTC,TCCGGCTCAAG
6017,negative,160,-0.8841705322265625,VT65295|0|dkik|-|3985,150,no,CTGTCG,GCCAAAGACTC,TGCGCCTCAAG
6018,positive,278,1.7007919549942017,VT65295|0|MEMB002A|+|3572,267,no,AAAGGT,AAAAAAATAAA,ACCCTTTCACC
6019,positive,278,-1.5216004848480225,VT65295|0|MEMB002B|-|1683,265,no,AAGAAT,CTGTAAGGGTA,GCCTTTAAACT
6020,positive,278,-0.29920801520347595,VT65295|0|MEMB002C|-|3210,265,no,AAGGAG,CTGAAAGTGTA,ACCTTTCACAT
6021,positive,278,-1.991085767745972,VT65295|0|MEMB002D|+|2569,265,no,TGGTAA,CTAAAAGTGCA,GAACTTTGAAA
6022,positive,278,-1.4061232805252075,VT65295|0|MEMB002E|-|2184,265,no,CGGTAT,CTAAAAGTACA,CAACTTTAAAT
6023,positive,278,-0.29920801520347595,VT65295|0|MEMB002F|-|2530,265,no,AAGGAT,CTAATAGTAAA,ACTTTTAAATT
6024,positive,278,-1.2992080450057983,VT65295|0|MEMB003A|-|2218,265,no,CGGGAA,CTGGAAGTGCA,AAACTTTTAAA
6025,positive,278,-1.2992080450057983,VT65295|0|MEMB003B|-|2439,265,no,CGGGAT,CTAAAATTGAA,AAACATTTAAA
6026,positive,278,-2.991085767745972,VT65295|0|MEMB003C|+|2464,205,no,gggtat,ctatgggtatc,aaCTACTATTT
6027,positive,278,-1.2992080450057983,VT65295|0|MEMB003D|-|2218,265,no,CGGGAT,CTGGAAGTGCA,AAACTTTTAAA
6028,positive,278,-2.5216004848480225,VT65295|0|MEMB003F|-|2339,265,no,CGGAAT,CTAGAAGTGCA,GATCTCTTAAA
6029,positive,278,-0.29920801520347595,VT65295|0|MEMB004A|-|1649,265,no,AAGGAG,CTGCAAGGGTA,AATTTAAAATT
6030,positive,278,3.1788392066955566,VT65295|0|MEMB004B|+|2160,265,no,CAATTC,CTAGAAGAATG,ATGAATGAGAA
6031,positive,278,-1.2992080450057983,VT65295|0|MEMB004E|-|2307,265,no,CGGGAT,CTAGAAATGCA,GAACTTTTAAA
6032,positive,278,-1.2992080450057983,VT65295|0|MEMB005B|+|2303,265,no,CGGGGG,CTAGAAGTGGG,GATGAGCTTTT
6033,positive,278,-1.8841705322265625,VT65295|0|MEMB005D|-|2647,265,no,TGGGAT,CTGAAAGTGCA,AAACTTTTGGA
6034,positive,278,0.7007919549942017,VT65295|0|MEMB006A|-|2731,265,no,CGAGAT,CTGAAAGTGCA,AAGCTTTTGGA
6035,positive,278,-1.2992080450057983,VT65295|0|MEMB006B|-|2950,265,no,CGGGAT,CTAAAAGTGAA,GAACTTTTAAA
6036,positive,278,-1.2992080450057983,VT65295|0|MEMB006C|+|2238,268,no,CGGGAT,GAAGGGATGCA,GAACTTTTCAA
6037,positive,278,-1.5216004848480225,VT65295|0|MEMB007B|-|2640,265,no,AATAAG,CTAAAAAATTA,GAGACCTTTCA
6038,positive,278,1.2857544422149658,VT65295|0|MEMB007D|-|2925,265,no,CAGGAA,CTAAAAGTGTA,ATCCTTTTAAT
6039,positive,278,-1.2992080450057983,VT65295|0|MEMB008C|-|2328,265,no,CGGGAT,CTAGAAGTGCA,GGACTTTTAAA
6040,positive,278,-1.2992080450057983,VT65295|0|dkik|-|3985,265,no,CGGGAT,CTGGAAGTGCA,AAACTTTTAAA
6041,positive,2043,2.0633621215820312,VT65295|0|MEMB002A|+|3572,1898,no,CAAAAT,CAGTAACGTTC,AATGGCGAAGG
6042,positive,2043,0.06336206197738647,VT65295|0|MEMB002B|-|1683,1094,no,CAGAAT,CAGTAACGTTC,AATGGCGAAGG
6043,positive,2043,2.0633621215820312,VT65295|0|MEMB002C|-|3210,1544,no,CAAAAT,CAGTAACGTTC,AATGGCGAAGG
6044,positive,2043,2.0633621215820312,VT65295|0|MEMB002D|+|2569,921,no,CAAAAC,CAGTAAAGCTC,AGTAGTGAAGG
6045,positive,2043,2.0633621215820312,VT65295|0|MEMB002E|-|2184,919,no,CAAAAC,CAGTAGCGCTC,AATGGCGAAGG
6046,positive,2043,2.0633621215820312,VT65295|0|MEMB002F|-|2530,1091,no,CAAAAT,CAGTAACGTTC,AATGGCGAAGG
6047,positive,2043,2.0633621215820312,VT65295|0|MEMB003A|-|2218,870,no,CAAAAC,CAGTAACGTTC,AGTGGTGAAGG
6048,positive,2043,0.06336206197738647,VT65295|0|MEMB003B|-|2439,916,no,CAGAAG,CAATAACGATC,AATGGCGAAGG
6049,positive,2043,2.0633621215820312,VT65295|0|MEMB003C|+|2464,821,no,CAAAAT,CAGTAACGTTC,AATGGCGAAGG
6050,positive,2043,2.0633621215820312,VT65295|0|MEMB003D|-|2218,870,no,CAAAAC,CAGTAACGTTC,AGTGGTGAAGG
6051,positive,2043,2.0633621215820312,VT65295|0|MEMB003F|-|2339,923,no,CAAAAC,CAGTAGCGTTC,AGTGGCGAAGG
6052,positive,2043,0.06336206197738647,VT65295|0|MEMB004A|-|1649,1089,no,CAGAAT,CAGTAACGTTC,AATGGCGAAGG
6053,positive,2043,3.1788392066955566,VT65295|0|MEMB004B|+|2160,890,no,CAATAC,CAGTAGCGTTG,AGTGGCAAAGG
6054,positive,2043,2.0633621215820312,VT65295|0|MEMB004E|-|2307,921,no,CAAAAC,CAGTAGCGTTG,AGTGGCAAAGG
6055,positive,2043,2.0633621215820312,VT65295|0|MEMB005B|+|2303,905,no,CAAAAC,CAGTAGCGTTG,AGTGGCGAAGG
6056,positive,2043,3.2857544422149663,VT65295|0|MEMB005D|-|2647,901,no,CAAGAC,CAGTAACGTTC,AATCGCGAATG
6057,positive,2043,3.2857544422149663,VT65295|0|MEMB006A|-|2731,924,no,CAAGAC,CAGTAACGTTC,AATGGCGAAGG
6058,positive,2043,2.0633621215820312,VT65295|0|MEMB006B|-|2950,934,no,CAAAAG,CAGTAACGTTC,AATAGCGAAGG
6059,positive,2043,2.0633621215820312,VT65295|0|MEMB006C|+|2238,913,no,CAAAAC,CAGTAGCGTTG,GGTGGTGAAGG
6060,positive,2043,2.0633621215820312,VT65295|0|MEMB007B|-|2640,991,no,CAAAAT,CAGTAACGTTC,AATGGCGAAGG
6061,positive,2043,0.06336206197738647,VT65295|0|MEMB007C|+|2249,882,no,CAGAAG,CAGTAACGTTC,AATGGCGAAGG
6062,positive,2043,0.6483245491981506,VT65295|0|MEMB007D|-|2925,1277,no,CAGCAC,CAGAAACGTTC,AGTGGTGAAGG
6063,positive,2043,2.0633621215820312,VT65295|0|MEMB008C|-|2328,925,no,CAAAAC,CAGTAGCGTTG,AGTGGCGAAGG
6064,positive,2043,2.0633621215820312,VT65295|0|dkik|-|3985,870,no,CAAAAC,CAGTAACGTTC,AGTGGTGAAGG
6065,negative,2589,2.593876838684082,VT65295|0|MEMB003B|-|2439,1138,no,GCTAAT,CAGTACTTTCT,TTGTTCCGACC
6066,negative,2589,2.593876838684082,VT65295|0|MEMB003F|-|2339,1180,no,CCTAAT,CATTACGAATA,TTGTTTCGATT
6067,negative,2589,3.1788392066955566,VT65295|0|MEMB004B|+|2160,1153,no,CCCAAT,CAGAACTTATA,TTGTTCCGACT
6068,negative,2589,3.1788392066955566,VT65295|0|MEMB005B|+|2303,1168,no,CCCAAT,GAGTACTTATT,TTGTTCCGACT
6069,negative,2589,0.008914276957511902,VT65295|0|MEMB005D|-|2647,1377,no,CCTTCT,TCAGTACTAAG,TTGTTCCCACT
6070,negative,2589,3.1788392066955566,VT65295|0|MEMB006C|+|2238,1180,no,CCCAAT,CGGAACGTAAC,TTGTTCCGACT
6071,negative,2589,3.1788392066955566,VT65295|0|MEMB008C|-|2328,1189,no,CCCAAT,CAGTACCTATA,TTGTTCCGACT
6072,positive,2692,-2.5216004848480225,VT65295|0|MEMB002A|+|3572,2250,no,TTTCTT,AATTAACTATT,GTTATACATAT
6073,positive,2692,0.5938767790794373,VT65295|0|MEMB002B|-|1683,1426,no,tatttt,AATAAAGAatt,tatatttttgc
6074,positive,2692,-2.5216004848480225,VT65295|0|MEMB002C|-|3210,1896,no,TGTCTT,AATTAACTATT,GTTATATATTT
6075,positive,2692,0.7007919549942017,VT65295|0|MEMB002D|+|2569,1266,no,CGAGTA,ATGTGTGCTCT,TGTTTGGACCA
6076,positive,2692,0.5938767790794373,VT65295|0|MEMB002E|-|2184,1151,no,TATTTC,TTATTATCGAT,TTTATACTGTA
6077,positive,2692,-1.991085767745972,VT65295|0|MEMB002F|-|2530,1360,no,TTTTCC,AAATGTAAACT,TAAAAATGTAA
6078,positive,2692,-0.9910857081413268,VT65295|0|MEMB003B|-|2439,1181,no,ATATAC,AATCAGTTTCC,ATATTTGGACC
6079,positive,2692,-2.5216004848480225,VT65295|0|MEMB003C|+|2464,1173,no,TTTCGT,AATGAACTATT,GTTATATATTT
6080,positive,2692,0.06336206197738647,VT65295|0|MEMB003F|-|2339,1223,no,CGACTC,ATATGAGTTAT,TCGATTTGGAC
6081,positive,2692,0.5938767790794373,VT65295|0|MEMB004A|-|1649,1420,no,TATTTT,AATAAAGAATT,TATATTTTTGC
6082,positive,2692,3.1788392066955566,VT65295|0|MEMB004B|+|2160,1196,no,CAATTT,TTGTGTGCTCT,GGACAAAGTTA
6083,positive,2692,0.06336206197738647,VT65295|0|MEMB004E|-|2307,1231,no,CGACTT,ATTTGTGCTCT,CTTGTTTTGTT
6084,positive,2692,0.5938767790794373,VT65295|0|MEMB005B|+|2303,1211,no,CGATTT,ATGTGTGCTCT,CAATTATCAAG
6085,positive,2692,0.7007919549942017,VT65295|0|MEMB005D|-|2647,1420,no,CGAGAC,ATGTGTGCTCT,TCGATTTATTT
6086,positive,2692,0.1158294826745987,VT65295|0|MEMB006A|-|2731,1451,no,TCAGCC,ATGTGTGCTTT,TCGATTTATTT
6087,positive,2692,-0.9910857081413268,VT65295|0|MEMB006B|-|2950,1162,no,GGATAT,GATTAGGGGTC,ATTTTATATAT
6088,positive,2692,-0.5216004252433777,VT65295|0|MEMB006C|+|2238,1223,no,TGACTC,ATGTGTGCTCA,TCGATTTGGAG
6089,positive,2692,-2.5216004848480225,VT65295|0|MEMB007B|-|2640,1303,no,TTTCTT,AATTAACTATT,GTTATATTTTG
6090,positive,2692,3.2857544422149663,VT65295|0|MEMB007C|+|2249,1147,no,CAAGTC,AAGAGCGTTCT,TCGATATATTT
6091,positive,2692,0.1158294826745987,VT65295|0|MEMB007D|-|2925,1683,no,TGAGGT,AAAAATGTTTT,ATAGCAGCTTT
6092,positive,2692,0.06336206197738647,VT65295|0|MEMB008C|-|2328,1232,no,CGACTT,ATGTGTGCTCT,TCAAGTGGGAG
6093,positive,2692,2.593876838684082,VT65295|0|dkik|-|3985,1133,no,taatgt,ttgtttgtttg,ttgtAACTAAG
6094,negative,3063,0.5938767790794373,VT65295|0|MEMB002A|+|3572,2321,no,CGCCAT,TTTTGTATTTA,ATTGGGCTGAG
6095,negative,3063,0.5938767790794373,VT65295|0|MEMB002B|-|1683,1533,no,CGCCCT,TTTTGTATTGA,CTTGCGCTTGG
6096,negative,3063,0.5938767790794373,VT65295|0|MEMB002C|-|3210,1978,no,CGCCAT,TTTTGTATTTA,ATTGCGCTGAG
6097,negative,3063,0.5938767790794373,VT65295|0|MEMB002D|+|2569,1360,no,TGCCAT,TTTTATATTGA,ATTATACTTGG
6098,negative,3063,0.5938767790794373,VT65295|0|MEMB002E|-|2184,1220,no,TGCCAT,TTTCATTTTGA,ATTATACTTGG
6099,negative,3063,0.5938767790794373,VT65295|0|MEMB002F|-|2530,1444,no,CGCTAT,TTTTGTAATAA,CTTGCGCTTGG
6100,negative,3063,0.5938767790794373,VT65295|0|MEMB003A|-|2218,1235,no,TGCCAT,TTTTATACTTA,ATTATACTTGG
6101,negative,3063,0.5938767790794373,VT65295|0|MEMB003B|-|2439,1272,no,CGCCAT,TTTTATAATTA,ATCGTTCTTGC
6102,negative,3063,0.5938767790794373,VT65295|0|MEMB003C|+|2464,1255,no,CGCCAT,TTTTGTATTTA,ATTGGGCTGAG
6103,negative,3063,0.5938767790794373,VT65295|0|MEMB003D|-|2218,1235,no,TGCCAT,TTTTATACTTA,ATTATACTTGG
6104,negative,3063,0.5938767790794373,VT65295|0|MEMB003F|-|2339,1335,no,AGCCAT,TTTTATACTTA,ATTATACTTGG
6105,negative,3063,0.5938767790794373,VT65295|0|MEMB004A|-|1649,1519,no,CGCCCT,TTTTGTATTGA,CTTGCGCTTGG
6106,negative,3063,3.1788392066955566,VT65295|0|MEMB004B|+|2160,1269,no,AGCAAT,TTTTATATTGA,ATTATACTTGG
6107,negative,3063,0.5938767790794373,VT65295|0|MEMB004E|-|2307,1313,no,AGCCAT,TTTTATAATAA,ATTATACTTGG
6108,negative,3063,3.1788392066955566,VT65295|0|MEMB005B|+|2303,1297,no,AGCAAT,TTTTATAGTGA,ATTCTACTTGG
6109,negative,3063,0.008914276957511902,VT65295|0|MEMB005D|-|2647,1487,no,CGTCAT,TTTTATATTCA,ATTATTCTTGG
6110,negative,3063,0.008914276957511902,VT65295|0|MEMB006A|-|2731,1565,no,CCTCAT,TTTTATATTTA,ATTATACTTGG
6111,negative,3063,0.5938767790794373,VT65295|0|MEMB006B|-|2950,1243,no,GGCTAT,TTTTATAATTA,TTGATACTTGG
6112,negative,3063,0.008914276957511902,VT65295|0|MEMB006C|+|2238,1331,no,AGTCAT,TTTTATATTGA,ATTATACTTGG
6113,negative,3063,0.5938767790794373,VT65295|0|MEMB007B|-|2640,1409,no,CGCCAT,TTTTGTATTGA,CTTGCGCTTGG
6114,negative,3063,0.5938767790794373,VT65295|0|MEMB007C|+|2249,1243,no,CGCCAT,TTTTATAATTA,ATTGTTCTTGG
6115,negative,3063,0.008914276957511902,VT65295|0|MEMB007D|-|2925,2054,no,CATCAT,TTTTGTGGGTA,ATTTTGCTTGG
6116,negative,3063,0.008914276957511902,VT65295|0|MEMB008C|-|2328,1319,no,AATTAT,TTTTATATTGA,ATTATACTTGG
6117,negative,3063,0.5938767790794373,VT65295|0|dkik|-|3985,1237,no,TGCCAT,TTTTATACTTA,ATTATACTTGG
6118,positive,3095,2.648324489593506,VT65295|0|MEMB002A|+|3572,2353,no,CACCAA,CGCAGAAATAG,AAACTTGAGGG
6119,positive,3095,2.0633621215820312,VT65295|0|MEMB002B|-|1683,1565,no,CACAAA,CGCAAAAAAAG,AAACTTGAGGG
6120,positive,3095,2.648324489593506,VT65295|0|MEMB002C|-|3210,2010,no,CACCAA,CGCAGAAATAG,AAACTTGAGGG
6121,positive,3095,2.0633621215820312,VT65295|0|MEMB002D|+|2569,1392,no,CACACA,CGCAAAAATAA,AAATTTGATGG
6122,positive,3095,2.0633621215820312,VT65295|0|MEMB002E|-|2184,1252,no,CACACA,CTAAAAAATAA,AAATTTTATAG
6123,positive,3095,2.648324489593506,VT65295|0|MEMB002F|-|2530,1476,no,CACCAC,CGCAAAAATAG,AAACTTTAGAG
6124,positive,3095,2.648324489593506,VT65295|0|MEMB003A|-|2218,1267,no,CACCAA,CGCAAAAATAG,AAATTTGAGAG
6125,positive,3095,2.0633621215820312,VT65295|0|MEMB003B|-|2439,1304,no,CACACA,CGCAAAAATAA,AAATTTGATGG
6126,positive,3095,2.648324489593506,VT65295|0|MEMB003C|+|2464,1287,no,CACCAA,CGCAGAAATAG,AAACTTGAGGG
6127,positive,3095,2.648324489593506,VT65295|0|MEMB003D|-|2218,1267,no,CACCAA,CGCAAAAATAG,AAATTTGAGAG
6128,positive,3095,2.0633621215820312,VT65295|0|MEMB003F|-|2339,1367,no,CACACA,CGCAAAAATAG,AAACTTGATGG
6129,positive,3095,2.0633621215820312,VT65295|0|MEMB004A|-|1649,1551,no,CACAAA,CGCAAAAAAAG,AAACTTGAGGG
6130,positive,3095,3.2857544422149663,VT65295|0|MEMB004B|+|2160,1301,no,CACGCA,CGCAAAAATAG,AAACTTGGTGG
6131,positive,3095,2.0633621215820312,VT65295|0|MEMB004E|-|2307,1345,no,CACACA,CGCAAAAATAG,AAACTTGATGG
6132,positive,3095,2.0633621215820312,VT65295|0|MEMB005B|+|2303,1329,no,CACACA,CGCAAAAATAG,AAACTTGATGG
6133,positive,3095,1.4783995151519775,VT65295|0|MEMB005D|-|2647,1519,no,TACAGA,CGCAAAAATAA,AAACTTGATGA
6134,positive,3095,1.4783995151519775,VT65295|0|MEMB006A|-|2731,1597,no,TACACA,CGCAAAAATAT,AAACTTGATGA
6135,positive,3095,2.0633621215820312,VT65295|0|MEMB006B|-|2950,1275,no,CACAGA,CTCATAAATAA,AAATTTGATGA
6136,positive,3095,2.0633621215820312,VT65295|0|MEMB006C|+|2238,1363,no,CACACA,CGCAAAAATAA,AAACTTGACGG
6137,positive,3095,2.648324489593506,VT65295|0|MEMB007B|-|2640,1441,no,CACCAA,CGCAGAAATAG,AAACTTGAGGG
6138,positive,3095,2.0633621215820312,VT65295|0|MEMB007C|+|2249,1275,no,CACACA,CGCAAAAATAA,AAATTTAAGGG
6139,positive,3095,2.0633621215820312,VT65295|0|MEMB007D|-|2925,2086,no,CACACA,CGTAAATACAG,AAACTTGATCG
6140,positive,3095,2.0633621215820312,VT65295|0|MEMB008C|-|2328,1351,no,CACACA,CGCAAAAATAG,AAATTTGATGA
6141,positive,3095,2.648324489593506,VT65295|0|dkik|-|3985,1269,no,CACCAA,CGCAAAAATAG,AAATTTGAGAG
6142,positive,3223,2.0633621215820312,VT65295|0|MEMB002A|+|3572,2481,no,CAAAAT,AGAGAAGACTT,AATTACATTTA
6143,positive,3223,-0.5216004252433777,VT65295|0|MEMB002C|-|3210,2138,no,CGAAAT,AGAGAAGACTT,AAGTACATTTA
6144,positive,3223,2.593876838684082,VT65295|0|MEMB002D|+|2569,1515,no,TAATTA,TTATTAGTTGC,TAAATACATTA
6145,positive,3223,0.06336206197738647,VT65295|0|MEMB002E|-|2184,1375,no,CAGAGT,CTATAAGTTAT,TATCAGAATAA
6146,positive,3223,1.4783995151519775,VT65295|0|MEMB002F|-|2530,1604,no,TAAAAT,ATGAGAGATCC,AAATTAATCTA
6147,positive,3223,0.06336206197738647,VT65295|0|MEMB003A|-|2218,1393,no,CAGAGT,TCAACAGGTGT,TTATTTTCAAG
6148,positive,3223,0.06336206197738647,VT65295|0|MEMB003B|-|2439,1430,no,CAGAAT,TAAGAAGGTTT,ACAATTATTAT
6149,positive,3223,0.06336206197738647,VT65295|0|MEMB003D|-|2218,1393,no,CAGAGT,TTAACAGGTGT,TTATTTTCACG
6150,positive,3223,0.4783995747566223,VT65295|0|MEMB003F|-|2339,1493,no,AAAATA,AAGGAAGTTTT,AATGAATAATC
6151,positive,3223,3.1788392066955566,VT65295|0|MEMB004B|+|2160,1427,no,CAATAT,AACAGAGGTTT,AAATAAACAAT
6152,positive,3223,2.593876838684082,VT65295|0|MEMB004E|-|2307,1471,no,TAATCT,AAAGGAGATTT,TAATGAATTAT
6153,positive,3223,3.1788392066955566,VT65295|0|MEMB005B|+|2303,1455,no,CAATAT,AAAGGAAGTTT,ACTATACATAA
6154,positive,3223,0.06336206197738647,VT65295|0|MEMB005D|-|2647,1636,no,CAGAAT,ATTAAGGGTTT,AGTTGAAATCT
6155,positive,3223,0.06336206197738647,VT65295|0|MEMB006A|-|2731,1723,no,CAGAAT,AAATGAGATTT,AGTTGAATCAT
6156,positive,3223,0.06336206197738647,VT65295|0|MEMB006B|-|2950,1401,no,CAGAAT,TAAGGAGGTTT,AAAATTTTCCT
6157,positive,3223,3.2857544422149663,VT65295|0|MEMB006C|+|2238,1470,no,CAAGAA,AGGGAGATTAT,GATAAAGACAT
6158,positive,3223,2.0633621215820312,VT65295|0|MEMB007B|-|2640,1569,no,CAAAAA,AGAGAAGACTT,AAGTACATTTA
6159,positive,3223,1.1788393259048462,VT65295|0|MEMB007C|+|2249,1396,no,CAGTAT,TAACAAGGTTT,ACAATTATTCT
6160,positive,3223,1.1788393259048462,VT65295|0|MEMB008C|-|2328,1477,no,CAGTTT,AAAGGAGGTGT,AAATGATTTAT
6161,positive,3223,0.06336206197738647,VT65295|0|dkik|-|3985,1395,no,CAGAGT,TTAACAGGTGT,TTATTTTCAAG
6162,positive,3329,-3.106562852859497,VT65295|0|MEMB002A|+|3572,2494,no,TTTACT,AAATAATTACA,TTTCAGTAATC
6163,positive,3329,-3.106562852859497,VT65295|0|MEMB002C|-|3210,2151,no,TTTACT,AAATAAGTACA,TTTCAGTAATC
6164,positive,3329,0.008914276957511902,VT65295|0|MEMB002D|+|2569,1529,no,TTATCT,TTATAAATACA,TTCCATTATCT
6165,positive,3329,1.4783995151519775,VT65295|0|MEMB002E|-|2184,1389,no,TAAACT,AGTTATCAGAA,TTTAAATACAT
6166,positive,3329,-3.106562852859497,VT65295|0|MEMB002F|-|2530,1617,no,TCTATC,AAATAAATTAA,TTTCAATAACG
6167,positive,3329,-3.106562852859497,VT65295|0|MEMB003A|-|2218,1398,no,TTTATT,AGGTGTCAGAG,TTCAAGAATTG
6168,positive,3329,0.008914276957511902,VT65295|0|MEMB003B|-|2439,1440,no,TTATTA,TCAGAATACAA,TTTCCTAACAC
6169,positive,3329,-0.5216004252433777,VT65295|0|MEMB003C|+|2464,1407,no,TTACTT,ATTATTATAGA,TTCAGTAATCT
6170,positive,3329,-3.106562852859497,VT65295|0|MEMB003D|-|2218,1398,no,TTTATT,AGGTGTCAGAG,TTCACGAATTG
6171,positive,3329,2.593876838684082,VT65295|0|MEMB003F|-|2339,1505,no,TAATCT,AAATAAATGAA,TTCAATAATCC
6172,positive,3329,3.1788392066955566,VT65295|0|MEMB004B|+|2160,1440,no,CAATTC,ATATAAATAAA,TTTGCGTTGCA
6173,positive,3329,0.008914276957511902,VT65295|0|MEMB004E|-|2307,1484,no,TTATCG,ATCTTAATGAA,TTCAATAAGCC
6174,positive,3329,0.008914276957511902,VT65295|0|MEMB005B|+|2303,1473,no,TGATTC,CTATACATAAA,TTTCAATAATC
6175,positive,3329,-0.9910857081413268,VT65295|0|MEMB005D|-|2647,1649,no,ATCTCT,GAATAGTTGAA,TTCAATAATCC
6176,positive,3329,0.008914276957511902,VT65295|0|MEMB006A|-|2731,1736,no,TCATCT,GAATAGTTGAA,TTCAATAATTC
6177,positive,3329,-1.991085767745972,VT65295|0|MEMB006B|-|2950,1411,no,TTTTCC,TCAGAATAAAA,TTTTATAAACC
6178,positive,3329,-3.106562852859497,VT65295|0|MEMB007B|-|2640,1582,no,TTTACA,AAAAAAGTACA,TTTCAGTAATC
6179,positive,3329,0.008914276957511902,VT65295|0|MEMB007C|+|2249,1406,no,TTATTC,TCAGTATACAA,TTTCCCAAAAC
6180,positive,3329,0.008914276957511902,VT65295|0|MEMB008C|-|2328,1490,no,TTATCT,GTTTAAATGAT,TTCAATAATCC
6181,positive,3329,2.593876838684082,VT65295|0|dkik|-|3985,1501,no,TAATTC,CGGAAAATATA,TTTCTAAATAG
6182,positive,5577,0.06336206197738647,VT65295|0|MEMB002A|+|3572,3293,no,CAGAGA,CGGCCCCTCCT,CCTCGATCCCT
6183,positive,5577,0.6483245491981506,VT65295|0|MEMB002C|-|3210,2931,no,CAGCGA,CGGCCCCTCCT,CCTCGACCCCT
6184,positive,5577,0.7007919549942017,VT65295|0|MEMB002D|+|2569,2297,no,CGAGGT,GGGCGTATCCT,CATCTCCCCTG
6185,positive,5577,0.1158294826745987,VT65295|0|MEMB002E|-|2184,1905,no,TGAGAT,GGGCACATCAT,CATCTCCTCTG
6186,positive,5577,-0.4061232209205627,VT65295|0|MEMB002F|-|2530,2244,no,GATTCT,CGGTCCCGCCT,CCACCCCGTTG
6187,positive,5577,0.1158294826745987,VT65295|0|MEMB003B|-|2439,2172,no,TGAGAT,GGGCACTTTCG,CCCCTATGAAA
6188,positive,5577,0.06336206197738647,VT65295|0|MEMB003C|+|2464,2185,no,CAGAGT,CGGCCCCTCCT,CCTCGATCCCT
6189,positive,5577,1.7007919549942017,VT65295|0|MEMB003F|-|2339,2066,no,GAAGAT,GGGCGCCTCCT,CATCGCCTATA
6190,positive,5577,3.2857544422149663,VT65295|0|MEMB004B|+|2160,1886,no,CAAGAT,GGGCGCCTCCT,TATTCCCTTTG
6191,positive,5577,-0.8841705322265625,VT65295|0|MEMB004E|-|2307,2033,no,GGAGAT,CGCCTGATCCT,TATTGCCTATA
6192,positive,5577,-0.8841705322265625,VT65295|0|MEMB005B|+|2303,2029,no,GGAGAT,GGGCGTCTCCT,TATTCCCTTTG
6193,positive,5577,-0.8841705322265625,VT65295|0|MEMB005D|-|2647,2374,no,GGAGAT,GGGCGTATCTT,TCTCCCCTTTG
6194,positive,5577,-0.8841705322265625,VT65295|0|MEMB006A|-|2731,2458,no,GGAGAT,GGGCGTATCTT,TCTCCCCCTTG
6195,positive,5577,0.7007919549942017,VT65295|0|MEMB006B|-|2950,2686,no,CGAGAT,GGGCGTCTCTT,TATCCCCTTTG
6196,positive,5577,0.7007919549942017,VT65295|0|MEMB006C|+|2238,1962,no,CGAGTT,GGGCACCTCCT,TATCCCCTACG
6197,positive,5577,-1.2992080450057983,VT65295|0|MEMB007B|-|2640,2361,no,CTTGGG,CGGCCCCTCCT,AGTCGACGCCT
6198,positive,5577,0.1158294826745987,VT65295|0|MEMB007C|+|2249,1983,no,TGAGAT,GGGCACGTTTG,CATTCCCTACG
6199,positive,5577,-1.2992080450057983,VT65295|0|MEMB007D|-|2925,2654,no,CGTGCA,CGGCTTCTCCT,AGTCTCCATGG
6200,positive,5577,-0.8841705322265625,VT65295|0|MEMB008C|-|2328,2052,no,GGAGAT,GGGCGCCTCCT,TATCCCCTTTG
6201,negative,5653,1.7007919549942017,VT65295|0|MEMB002A|+|3572,3362,no,AGGACG,AGTTGCAGGAT,CTACGCGAACG
6202,negative,5653,1.7007919549942017,VT65295|0|MEMB002C|-|3210,3000,no,AGGACG,AGTTGCAGGAT,CTACTCGACCG
6203,negative,5653,1.7007919549942017,VT65295|0|MEMB002D|+|2569,2363,no,CGGACG,AGTTAGAGAAT,CTTCGAGAGCG
6204,negative,5653,1.7007919549942017,VT65295|0|MEMB002E|-|2184,1971,no,AGGACG,AGTTAGAGAAT,CTTCGAGAGCG
6205,negative,5653,1.7007919549942017,VT65295|0|MEMB002F|-|2530,2310,no,AGGACG,AGTTGCAGGAT,CTACGCGACCG
6206,negative,5653,1.7007919549942017,VT65295|0|MEMB003A|-|2218,2010,no,AGAACG,AGTTAGAGAAT,CTTCGAGAACG
6207,negative,5653,1.7007919549942017,VT65295|0|MEMB003B|-|2439,2235,no,AAGAAG,ATTTAGAGAAT,CTTCGACAGCG
6208,negative,5653,1.7007919549942017,VT65295|0|MEMB003C|+|2464,2254,no,AGGACG,AGTTGCAGGAT,CTACGCGAGCG
6209,negative,5653,1.7007919549942017,VT65295|0|MEMB003D|-|2218,2010,no,AGAACG,AGTTAGAGAAT,CTTCGAGAACG
6210,negative,5653,1.7007919549942017,VT65295|0|MEMB003F|-|2339,2132,no,AGGAAG,ATTTAGAGAAT,CTTCGACAGCC
6211,negative,5653,3.2857544422149663,VT65295|0|MEMB004B|+|2160,1952,no,AGCAAG,ATTTGGAGAAT,CTTTGAAACCG
6212,negative,5653,1.7007919549942017,VT65295|0|MEMB004E|-|2307,2099,no,AGGAAG,ATTTAGAAAAT,CTACGAGAACG
6213,negative,5653,-0.8841705322265625,VT65295|0|MEMB005B|+|2303,2095,no,AGGCAG,AGTTAGAGAAT,CTTCGAAACCG
6214,negative,5653,1.7007919549942017,VT65295|0|MEMB005D|-|2647,2440,no,AGGACG,TGATGGAGAAT,CTTTGAGAACG
6215,negative,5653,1.7007919549942017,VT65295|0|MEMB006A|-|2731,2524,no,AGGACG,TGATGGAGAAT,CTTCGAGAACG
6216,negative,5653,-0.29920801520347595,VT65295|0|MEMB006B|-|2950,2752,no,CGGAGG,AGTTAGAGAAT,CTTCGAGAACG
6217,negative,5653,1.7007919549942017,VT65295|0|MEMB006C|+|2238,2028,no,CGGAAG,ATTTAGAGAAT,CTTCGAGACCG
6218,negative,5653,1.7007919549942017,VT65295|0|MEMB007B|-|2640,2430,no,AGAACG,AGTTGCAGGAT,CTACGAGAACG
6219,negative,5653,1.7007919549942017,VT65295|0|MEMB007C|+|2249,2049,no,AAGAAG,ATTTAGAGAAT,CTTCAACAACG
6220,negative,5653,-0.29920801520347595,VT65295|0|MEMB007D|-|2925,2720,no,AGGATG,AAATGGTGAAT,GTTCGCCACTG
6221,negative,5653,1.7007919549942017,VT65295|0|MEMB008C|-|2328,2118,no,GGGAAG,ATTTAGAGAAT,CTTCGACTCTG
6222,negative,5653,1.7007919549942017,VT65295|0|dkik|-|3985,3777,no,AGAACG,AGTTAGAGAAT,CTTCGAGAACG
6223,positive,5714,2.648324489593506,VT65295|0|MEMB002A|+|3572,3423,no,CAACGT,ACCTTCTTGGC,GGTCACAAATG
6224,positive,5714,2.648324489593506,VT65295|0|MEMB002C|-|3210,3061,no,CAACGT,ACCTTCTTGGC,GGTCACAAATG
6225,positive,5714,1.2857544422149658,VT65295|0|MEMB002D|+|2569,2424,no,CAGGCC,ACCCTTGCGGC,AGAAACAAAAG
6226,positive,5714,1.1788393259048462,VT65295|0|MEMB002E|-|2184,2032,no,CAGTTG,ACCTTTCCGGC,AGAAACAAAGG
6227,positive,5714,2.0633621215820312,VT65295|0|MEMB002F|-|2530,2371,no,CAAATC,ACCTTCTGGGC,GACCACAAATG
6228,positive,5714,1.2857544422149658,VT65295|0|MEMB003A|-|2218,2071,no,CAGGTT,ACCTTTGCAGC,AGAAACAAATG
6229,positive,5714,1.2857544422149658,VT65295|0|MEMB003B|-|2439,2296,no,CAGGTT,ACCTTTGCGGC,AGAAACAAACT
6230,positive,5714,2.648324489593506,VT65295|0|MEMB003C|+|2464,2315,no,CAACGT,ACCTTCTTGGC,GGTCACAAATG
6231,positive,5714,1.2857544422149658,VT65295|0|MEMB003D|-|2218,2071,no,CAGGTT,ACCTTTGCAGC,AGAAACAAATG
6232,positive,5714,1.1788393259048462,VT65295|0|MEMB003F|-|2339,2193,no,CAGTTC,ACTTTTTCGGC,AGCAACAAAGG
6233,positive,5714,3.1788392066955566,VT65295|0|MEMB004B|+|2160,2013,no,CACTTC,ACTTTTTCGAC,AGAAACAAAGG
6234,positive,5714,1.2857544422149658,VT65295|0|MEMB004E|-|2307,2160,no,CAGGTC,ACTGCTTCGGC,AGTTACAAAGG
6235,positive,5714,3.2857544422149663,VT65295|0|MEMB005B|+|2303,2156,no,CACGTC,ACTTTTTCGGC,AGCAACAAAGG
6236,positive,5714,0.06336206197738647,VT65295|0|MEMB005D|-|2647,2501,no,CAGATC,ACCCTTTCGGC,AGCAACAAAGG
6237,positive,5714,0.06336206197738647,VT65295|0|MEMB006A|-|2731,2585,no,CAGATC,ACCCTTTCGGC,AGCAACAAAGG
6238,positive,5714,1.1788393259048462,VT65295|0|MEMB006B|-|2950,2813,no,CAGTTC,ACCTTTTCGGC,AGTAAGAAATG
6239,positive,5714,3.1788392066955566,VT65295|0|MEMB006C|+|2238,2089,no,CAATTC,ACTTCTTCGGC,AGCAACAAATG
6240,positive,5714,2.648324489593506,VT65295|0|MEMB007B|-|2640,2491,no,CACCGT,ACCTTCTTGGC,GGACACAAATG
6241,positive,5714,1.2857544422149658,VT65295|0|MEMB007C|+|2249,2110,no,CAGGTT,ACCTTTGCGGC,AGAAACAAACT
6242,positive,5714,3.2857544422149663,VT65295|0|MEMB007D|-|2925,2781,no,CAAGGT,ACCCTGCTGGC,AGCCACAAATT
6243,positive,5714,3.2857544422149663,VT65295|0|MEMB008C|-|2328,2179,no,CAAGTT,ACTTTTTCGGC,AGACACAAAGG
6244,positive,5714,1.2857544422149658,VT65295|0|dkik|-|3985,3838,no,CAGGTT,ACCTTTGCAGC,AGAAACAAATG
6245,positive,5860,0.7007919549942017,VT65295|0|MEMB002A|+|3572,3552,no,CGAGTG,AACGCTAATGT,CAGCTTACGTT
6246,positive,5860,0.7007919549942017,VT65295|0|MEMB002C|-|3210,3190,no,CGAGTG,GAAGCTAATGT,CAGCTTACGTT
6247,positive,5860,0.7007919549942017,VT65295|0|MEMB002D|+|2569,2549,no,CGAGCG,CGCCTATGTTT,CAGCTTACTGT
6248,positive,5860,-1.5216004848480225,VT65295|0|MEMB002E|-|2184,2161,no,AATAAT,TATGTTAGGTT,AATAAGCTTAC
6249,positive,5860,1.4783995151519775,VT65295|0|MEMB002F|-|2530,2510,no,TAAATG,AACGCTAAAGT,CAGCTTACGTT
6250,positive,5860,1.2857544422149658,VT65295|0|MEMB003A|-|2218,2198,no,CAGGTG,CGCTTATGTTG,CTGCTTACTGT
6251,positive,5860,-0.8841705322265625,VT65295|0|MEMB003B|-|2439,2417,no,GGAGTG,TATGTATGGCT,CAGAGCTTACT
6252,positive,5860,0.7007919549942017,VT65295|0|MEMB003C|+|2464,2444,no,CGAGTC,AACGCTAATGT,CAGCTTACGTT
6253,positive,5860,1.2857544422149658,VT65295|0|MEMB003D|-|2218,2198,no,CAGGTG,CGCTTATGTTG,CTGCTTACTGT
6254,positive,5860,0.7007919549942017,VT65295|0|MEMB003F|-|2339,2318,no,CTAGGT,AACGTTCAAGT,GAAGCTTACTG
6255,positive,5860,3.2857544422149663,VT65295|0|MEMB004B|+|2160,2140,no,CAAGTG,CGCTTATGTCT,AAGCTTACTGT
6256,positive,5860,0.7007919549942017,VT65295|0|MEMB004E|-|2307,2287,no,CGAGTA,CGCTTATATCT,AAGCTTACTGT
6257,positive,5860,-1.4061232805252075,VT65295|0|MEMB005B|+|2303,2283,no,CGTTTG,CGCTTATGTCT,AAGCTTACTGT
6258,positive,5860,0.7007919549942017,VT65295|0|MEMB005D|-|2647,2628,no,CGAGTG,CACTAATGTCT,CGCTTACTGTA
6259,positive,5860,0.7007919549942017,VT65295|0|MEMB006A|-|2731,2712,no,CGAGTG,CACCAATGTCT,CGCTTACTGTA
6260,positive,5860,0.7007919549942017,VT65295|0|MEMB006B|-|2950,2930,no,CGAGTG,CGCTTATGCCT,CAGCTTACTGT
6261,positive,5860,-0.8841705322265625,VT65295|0|MEMB006C|+|2238,2218,no,AGAGTG,CGCTTATGTCT,AAGCTTACTGT
6262,positive,5860,0.7007919549942017,VT65295|0|MEMB007B|-|2640,2620,no,CGAGTG,AACGCTGATAT,CGGCTTACGTT
6263,positive,5860,-0.8841705322265625,VT65295|0|MEMB007C|+|2249,2227,no,GGAGTG,CGTTTGTGTCT,CAGAGCTTACT
6264,positive,5860,0.1158294826745987,VT65295|0|MEMB007D|-|2925,2904,no,TGAGTA,CGCTCATGCCT,CAGCTTTACCT
6265,positive,5860,0.7007919549942017,VT65295|0|MEMB008C|-|2328,2308,no,CGAGTG,TGCTTATGTCT,AAACTTACTGT
6266,positive,5860,1.2857544422149658,VT65295|0|dkik|-|3985,3965,no,CAGGTG,CGCTTATGTTG,CTGCTTACTGT
6267,positive,86,-3.106562852859497,VT65295|0|MEMB002A|+|3572,86,no,TGTACG,CCGACTGTCGA,GATCCAGCACT
6268,positive,86,-3.106562852859497,VT65295|0|MEMB002B|-|1683,86,no,TGTACG,CCGACTATCGA,GATCCAGCACT
6269,positive,86,-3.106562852859497,VT65295|0|MEMB002C|-|3210,86,no,TGTACG,CCGACTCTCGA,GATCCAGCACT
6270,positive,86,0.1158294826745987,VT65295|0|MEMB002D|+|2569,86,no,TGAGTG,CCTACTCTCGA,GATCGAGCATT
6271,positive,86,0.1158294826745987,VT65295|0|MEMB002E|-|2184,86,no,TGAGAG,CCGACTCTCGA,GATCGAGTATT
6272,positive,86,-3.106562852859497,VT65295|0|MEMB002F|-|2530,86,no,TGTACG,CCGACTATCGA,GATCCAGCACT
6273,positive,86,0.1158294826745987,VT65295|0|MEMB003A|-|2218,86,no,TGAGGG,CCGACTCTCGA,GATCAAGCACT
6274,positive,86,0.1158294826745987,VT65295|0|MEMB003B|-|2439,86,no,TGAGCG,TCGACTCTCGA,GATCGAGGATT
6275,positive,86,-2.5216004848480225,VT65295|0|MEMB003C|+|2464,57,no,cggaca,agacagacaga,gacggacatgg
6276,positive,86,0.1158294826745987,VT65295|0|MEMB003D|-|2218,86,no,TGAGGG,CCGTCTCTCGA,GATCAAGCACT
6277,positive,86,0.1158294826745987,VT65295|0|MEMB003F|-|2339,86,no,TTAGCG,CCGACTCCCGA,GGTCTAGCACT
6278,positive,86,-3.106562852859497,VT65295|0|MEMB004A|-|1649,86,no,TGTACG,CCGACTATCGA,GATCCAGCACT
6279,positive,86,0.1158294826745987,VT65295|0|MEMB004B|+|2160,86,no,TTAGCG,CCTACTTTCGA,GGTCGAGCACT
6280,positive,86,3.2857544422149663,VT65295|0|MEMB004E|-|2307,86,no,CAAGTG,TCGACTCTCGA,GATCGAGCAGT
6281,positive,86,0.1158294826745987,VT65295|0|MEMB005B|+|2303,86,no,TTAGTG,CCTACTTTCGA,GGTCGAGTATT
6282,positive,86,0.1158294826745987,VT65295|0|MEMB005D|-|2647,86,no,TGAGCG,CCGACTATCAA,GATCGAGCAAT
6283,positive,86,0.1158294826745987,VT65295|0|MEMB006A|-|2731,86,no,TCAGCG,TCGACTCTCAA,GATCGAGCAGT
6284,positive,86,0.1158294826745987,VT65295|0|MEMB006B|-|2950,86,no,TGAGTG,TCGACTCTCAA,GATCGAGCACA
6285,positive,86,2.7007920742034908,VT65295|0|MEMB006C|+|2238,86,no,TAAGCG,CCGATTTTCGA,GGTCGAGCACT
6286,positive,86,-3.106562852859497,VT65295|0|MEMB007B|-|2640,86,no,TGTACG,CCGACTGTCGA,GATCCAGCACT
6287,positive,86,0.1158294826745987,VT65295|0|MEMB007C|+|2249,86,no,TGAGCG,TCGACTCTCGA,GATCGAGGATT
6288,positive,86,0.1158294826745987,VT65295|0|MEMB007D|-|2925,86,no,TTAGCG,CCGACCCTCGA,GATCGAGCACT
6289,positive,86,0.1158294826745987,VT65295|0|MEMB008C|-|2328,86,no,TTAGCG,CCTACTCTCGA,GGTCGAGAATT
6290,positive,86,0.1158294826745987,VT65295|0|dkik|-|3985,86,no,TGAGGG,CCGACTCTCGA,GATCAAGCACT
6291,positive,1401,2.7007920742034908,VT65295|0|MEMB002A|+|3572,1294,no,TAAGAG,AAACTACTATT,CTAATAATTAA
6292,positive,1401,-2.5216004848480225,VT65295|0|MEMB002B|-|1683,483,no,CTTAGA,GTATATTCGTT,CCTCTAAAGAA
6293,positive,1401,2.7007920742034908,VT65295|0|MEMB002C|-|3210,944,no,TAAGAG,TAACTACTTTT,CTCTTAATTCT
6294,positive,1401,0.5938767790794373,VT65295|0|MEMB002D|+|2569,328,no,TATTTA,GCAATATCAAT,AATAAATATTT
6295,positive,1401,1.4783995151519775,VT65295|0|MEMB002E|-|2184,316,no,TACAGT,GCAACAGTTTG,CACTTATTTAA
6296,positive,1401,1.4783995151519775,VT65295|0|MEMB002F|-|2530,479,no,TAAAAG,CAACCATTATT,CTCTTATTTAT
6297,positive,1401,2.0633621215820312,VT65295|0|MEMB003A|-|2218,294,no,CACAAA,TAGGTCTCACA,GCATCCCTACC
6298,positive,1401,1.4783995151519775,VT65295|0|MEMB003B|-|2439,308,no,TACAAG,GGAAATATTTT,CTCTCATCTAC
6299,positive,1401,2.7007920742034908,VT65295|0|MEMB003C|+|2464,221,no,TAAGAG,taaCTACTATT,CTCTTAATTCT
6300,positive,1401,2.0633621215820312,VT65295|0|MEMB003D|-|2218,294,no,CACAAA,TAGGACTCACA,GCATCCCTACC
6301,positive,1401,2.7007920742034908,VT65295|0|MEMB003F|-|2339,324,no,TACGAG,GCATTATTATT,CCCTTCTTTTA
6302,positive,1401,1.4783995151519775,VT65295|0|MEMB004A|-|1649,501,no,TACAAG,CAACTATTATT,CTTCTAATTGT
6303,positive,1401,0.7007919549942017,VT65295|0|MEMB004B|+|2160,298,no,TAGGAG,ACAATATTATT,CACTTATTTAA
6304,positive,1401,3.2857544422149663,VT65295|0|MEMB004E|-|2307,324,no,CACGGG,GCAATAATATA,CCCTAATTTAA
6305,positive,1401,0.7007919549942017,VT65295|0|MEMB005B|+|2303,332,no,TATGAG,GAGAAATTATG,CCCCTACGTAC
6306,positive,1401,-3.106562852859497,VT65295|0|MEMB005D|-|2647,329,no,TGGAGT,CACAATATGCT,TCCTACCTACC
6307,positive,1401,-0.5216004252433777,VT65295|0|MEMB006A|-|2731,330,no,TAGAGT,ACAATATGCTT,TCTAATATAGC
6308,positive,1401,1.4783995151519775,VT65295|0|MEMB006B|-|2950,334,no,TACAAT,GCAATACTTTC,ATTTAATAATT
6309,positive,1401,2.7007920742034908,VT65295|0|MEMB006C|+|2238,314,no,TACGAG,GATGAGACATT,CCATTATTTAA
6310,positive,1401,0.7007919549942017,VT65295|0|MEMB007B|-|2640,391,no,TAGGAG,AAACTACTATT,CTCTTAATTCT
6311,positive,1401,1.4783995151519775,VT65295|0|MEMB007C|+|2249,279,no,TACAAG,GCAAATATTTT,CTTTTATTTAA
6312,positive,1401,-0.5216004252433777,VT65295|0|MEMB007D|-|2925,667,no,tataAT,atacatacata,GAATGACTTTA
6313,positive,1401,1.7007919549942017,VT65295|0|MEMB008C|-|2328,324,no,AACGAG,GCAATGTTATT,CCCTTATTTAA
6314,positive,1401,2.0633621215820312,VT65295|0|dkik|-|3985,294,no,CACAAA,TAGGTCTCACA,GCATCCCTACC
6315,positive,1480,1.0633620023727417,VT65295|0|MEMB002A|+|3572,1335,no,AACCTA,AATTGTTTACA,CCCGTGTTAAC
6316,positive,1480,2.0633621215820312,VT65295|0|MEMB002B|-|1683,531,no,TACCTA,TGTCCCCCAGA,CCAGTGTTAAC
6317,positive,1480,1.0633620023727417,VT65295|0|MEMB002C|-|3210,981,no,AACCTA,AATTGTTAACA,CCCGTGTTAAC
6318,positive,1480,1.0633620023727417,VT65295|0|MEMB002F|-|2530,528,no,AACCTA,AGTTGTTAACA,CCACTGTTCTC
6319,positive,1480,1.0633620023727417,VT65295|0|MEMB003C|+|2464,258,no,AACCTA,AATTGTTAACA,CCCGTGTTAAC
6320,positive,1480,2.0633621215820312,VT65295|0|MEMB004A|-|1649,526,no,TACCTA,TGTCCCCCAGA,CCAGTGTTAAC
6321,positive,1480,3.2857544422149663,VT65295|0|MEMB004E|-|2307,361,no,CACGTA,GAACCCTCCCC,CCAGTGTTTAG
6322,positive,1480,1.0633620023727417,VT65295|0|MEMB007B|-|2640,428,no,AACCTA,AATTGTTAACA,CCCGTGTTCAC
6323,negative,1668,0.7007919549942017,VT65295|0|MEMB002A|+|3572,1523,no,ACCTCG,CATCGGGACTC,GCCACGTCAGT
6324,negative,1668,0.7007919549942017,VT65295|0|MEMB002B|-|1683,719,no,ACCTCG,CATCGAGACTC,GCCACGTCAGT
6325,negative,1668,0.1158294826745987,VT65295|0|MEMB002C|-|3210,1169,no,ACTTCG,CATCGGGACTC,GCCACGTCAGT
6326,negative,1668,2.0633621215820312,VT65295|0|MEMB002D|+|2569,546,no,ACCACA,CACCGAGACTC,GCCACATTTGT
6327,negative,1668,2.0633621215820312,VT65295|0|MEMB002E|-|2184,544,no,ACCACA,CACCGAGACTC,GCCACATAAGT
6328,negative,1668,0.7007919549942017,VT65295|0|MEMB002F|-|2530,716,no,ACCTCG,CATCGAGACAC,GGCACGTCAGT
6329,negative,1668,2.0633621215820312,VT65295|0|MEMB003A|-|2218,495,no,ACCACA,CACCGAGACTC,GCCACATCAGT
6330,negative,1668,2.0633621215820312,VT65295|0|MEMB003B|-|2439,541,no,ACCACA,CACCGGGAGTC,GCCGCGTCAGT
6331,negative,1668,0.7007919549942017,VT65295|0|MEMB003C|+|2464,446,no,ACCTCG,CATCGTGACTC,GCCACGTCAGT
6332,negative,1668,2.0633621215820312,VT65295|0|MEMB003D|-|2218,495,no,ACCACA,CACCGAGACTC,GCCACATCAGT
6333,negative,1668,2.0633621215820312,VT65295|0|MEMB003F|-|2339,548,no,ACCACA,CACCGAGACTC,GCCACGTCAGC
6334,negative,1668,0.7007919549942017,VT65295|0|MEMB004A|-|1649,714,no,ACCTCG,CATCGAGACTC,GCCACGTCAGT
6335,negative,1668,2.0633621215820312,VT65295|0|MEMB004B|+|2160,515,no,ACCACA,CACCGAGACTC,GCCACATCAGT
6336,negative,1668,3.1788392066955566,VT65295|0|MEMB004E|-|2307,549,no,ACCACT,CACCGAGACTC,GCCACATCAGT
6337,negative,1668,2.0633621215820312,VT65295|0|MEMB005B|+|2303,530,no,ACCACA,CACCGAGACTC,GTCACATCAGT
6338,negative,1668,3.2857544422149663,VT65295|0|MEMB005D|-|2647,526,no,ACCACG,CACCTGGACTC,GCCACATCAGT
6339,negative,1668,3.2857544422149663,VT65295|0|MEMB006A|-|2731,549,no,ACCACG,CACCTGGACTC,GCCACATCAGT
6340,negative,1668,1.0633620023727417,VT65295|0|MEMB006B|-|2950,559,no,ACGACC,CACCGAGAGTC,GCCGTGTCAGT
6341,negative,1668,2.0633621215820312,VT65295|0|MEMB006C|+|2238,538,no,ACCACA,CACCGAGACAC,GCCACATCAGT
6342,negative,1668,0.7007919549942017,VT65295|0|MEMB007B|-|2640,616,no,ACCTCG,CATCGGGACTC,GCCACGTCACT
6343,negative,1668,2.0633621215820312,VT65295|0|MEMB007C|+|2249,507,no,ACCACA,CACCGGGAGTC,GCCGCGTCAGT
6344,negative,1668,0.4783995747566223,VT65295|0|MEMB007D|-|2925,902,no,ACGACA,CACCGAGATAC,GTCAGGTCAGC
6345,negative,1668,2.0633621215820312,VT65295|0|MEMB008C|-|2328,550,no,ACCACA,CACCGGGACTC,GCCACATCAGT
6346,negative,1668,2.0633621215820312,VT65295|0|dkik|-|3985,495,no,ACCACA,CACCGAGACTC,GCCACATCAGT
6347,negative,1888,-1.9366379976272583,VT65295|0|MEMB002A|+|3572,1743,no,CGCGGC,CATTGGATCGG,GTGCTCTTCGC
6348,negative,1888,-1.9366379976272583,VT65295|0|MEMB002B|-|1683,939,no,CGCGGC,CATCGGATCGA,GTGCTCTTCAC
6349,negative,1888,-1.9366379976272583,VT65295|0|MEMB002C|-|3210,1389,no,CGCGGC,CATTGGATCGG,GTGCTCTTCAC
6350,negative,1888,-1.9366379976272583,VT65295|0|MEMB002D|+|2569,766,no,CTCGGC,CATAGGATCGT,GTGCTCTTCGT
6351,negative,1888,-1.4061232805252075,VT65295|0|MEMB002E|-|2184,764,no,CTCGGT,CATAGGATCGG,GTGCTCTTCGT
6352,negative,1888,-1.9366379976272583,VT65295|0|MEMB002F|-|2530,936,no,CGCGGC,TATAGGATCGG,GTGCTTTTCGC
6353,negative,1888,-1.4061232805252075,VT65295|0|MEMB003A|-|2218,715,no,CTCGGT,CATAGGATCGA,GTGCTCTTCGC
6354,negative,1888,-1.4061232805252075,VT65295|0|MEMB003B|-|2439,761,no,CTCGGT,CATAGCATCGG,GTGCTCTTCGT
6355,negative,1888,-1.9366379976272583,VT65295|0|MEMB003C|+|2464,666,no,CGCGGC,CATTGGATTGG,GTGCTCTTCAC
6356,negative,1888,-1.4061232805252075,VT65295|0|MEMB003D|-|2218,715,no,CTCGGT,CATAGGATCGA,GTGCTCTTCGC
6357,negative,1888,1.1788393259048462,VT65295|0|MEMB003F|-|2339,768,no,CTCAGT,CCTAGGATCGG,GTGCTCTTCGT
6358,negative,1888,-1.9366379976272583,VT65295|0|MEMB004A|-|1649,934,no,CGCGGC,CATCGGATCGA,GTGCTCTTCAC
6359,negative,1888,-1.4061232805252075,VT65295|0|MEMB004B|+|2160,735,no,CTCGGT,CATAGGATCGG,GTGCTCTTCGT
6360,negative,1888,3.1788392066955566,VT65295|0|MEMB004E|-|2307,766,no,CTCAAT,CATAGGATCGG,GTGCTCTTCGT
6361,negative,1888,-1.4061232805252075,VT65295|0|MEMB005B|+|2303,750,no,CTCGGT,CTTGGGATCGG,GTGCTCTTCGT
6362,negative,1888,-1.4061232805252075,VT65295|0|MEMB005D|-|2647,746,no,CTCGGT,CATAGGCTCGG,GTGCTCTTCGT
6363,negative,1888,-1.9366379976272583,VT65295|0|MEMB006A|-|2731,769,no,CTCGGC,CATAGGATCGG,GTGCTCTTCGT
6364,negative,1888,-1.9366379976272583,VT65295|0|MEMB006B|-|2950,779,no,GTCGGC,CGTGGCATCCT,GTGCTCTTCGT
6365,negative,1888,-1.2992080450057983,VT65295|0|MEMB006C|+|2238,758,no,CTCGGG,CATAGGATCGG,GTGCTCTTCGT
6366,negative,1888,-1.9366379976272583,VT65295|0|MEMB007B|-|2640,836,no,CGCGGC,CATAGGATCGG,GTGCTCTTCAC
6367,negative,1888,-1.4061232805252075,VT65295|0|MEMB007C|+|2249,727,no,CTCTGT,CATAGCATCGG,GTGCTCTTCGT
6368,negative,1888,-1.9366379976272583,VT65295|0|MEMB007D|-|2925,1122,no,CTCGGC,CATAGGATCGA,GTCCTTTTCGC
6369,negative,1888,-1.4061232805252075,VT65295|0|MEMB008C|-|2328,770,no,CTCGGT,GATAGGATCGG,GTGCTCTTCGT
6370,negative,1888,-1.4061232805252075,VT65295|0|dkik|-|3985,715,no,CTCGGT,CATAGGATCGA,GTGCTCTTCGC
6371,negative,2086,0.5938767790794373,VT65295|0|MEMB002A|+|3572,1941,no,TGCCCT,GGTCCTGTGGC,GCGATCCTGTT
6372,negative,2086,-0.9910857081413268,VT65295|0|MEMB002B|-|1683,1137,no,CGGGCT,GGTCCAGTGGC,GCGGTTCTGTT
6373,negative,2086,0.5938767790794373,VT65295|0|MEMB002C|-|3210,1587,no,TGCCCT,GGTCCTGTGGT,GCGATCCTGTT
6374,negative,2086,0.5938767790794373,VT65295|0|MEMB002D|+|2569,964,no,TGCTCT,GGTCGTGTGGC,GCGGTTCTATT
6375,negative,2086,0.5938767790794373,VT65295|0|MEMB002E|-|2184,962,no,TGCTCT,GGGCGTGTGGC,GCGGTTCTATT
6376,negative,2086,0.5938767790794373,VT65295|0|MEMB002F|-|2530,1134,no,TGCTCT,GGTCGTGTGGC,GCGGTTCTGTT
6377,negative,2086,-0.9910857081413268,VT65295|0|MEMB003A|-|2218,913,no,TGGCCT,GGCCATGTGGC,GGGGTTCTGTT
6378,negative,2086,0.5938767790794373,VT65295|0|MEMB003B|-|2439,959,no,CGCTCT,GGGCGCTTGGC,GCGGTTCTATT
6379,negative,2086,0.5938767790794373,VT65295|0|MEMB003C|+|2464,864,no,TGCCCT,GGTCCTGTGGC,GCGATCCTGTT
6380,negative,2086,-0.9910857081413268,VT65295|0|MEMB003D|-|2218,913,no,TGGCCT,GGCCATGTGGC,GGGGTTCTGTT
6381,negative,2086,0.5938767790794373,VT65295|0|MEMB003F|-|2339,966,no,TGCTCT,TTGCCTGTGGC,GCGGTACTGTT
6382,negative,2086,-0.9910857081413268,VT65295|0|MEMB004A|-|1649,1132,no,CGGGCT,GGTCCAGTGGC,GCGGTTCTGTT
6383,negative,2086,0.5938767790794373,VT65295|0|MEMB004B|+|2160,933,no,TGCTCT,GTGCCTGTGGC,GCGGTTTTGTT
6384,negative,2086,3.1788392066955566,VT65295|0|MEMB004E|-|2307,964,no,TGCACT,GTGCCTGTGGC,GCGGTTCTGTT
6385,negative,2086,-1.4061232805252075,VT65295|0|MEMB005B|+|2303,948,no,TGCTTT,GTGCCTGTGGC,GCCGTTCTGTT
6386,negative,2086,0.5938767790794373,VT65295|0|MEMB005D|-|2647,944,no,TGCCCT,GGGCGTGTGGC,GCGGTTCTCTT
6387,negative,2086,0.5938767790794373,VT65295|0|MEMB006A|-|2731,967,no,CGCCCT,GGGCGTGTGGC,GCGGTCCTGTT
6388,negative,2086,0.5938767790794373,VT65295|0|MEMB006B|-|2950,977,no,TGCTCT,GGGCGCGTGGC,GCGGTTCTGTT
6389,negative,2086,-0.9910857081413268,VT65295|0|MEMB006C|+|2238,956,no,TGGTCT,GTGCCTGTGGC,GGGGTTCTGGT
6390,negative,2086,0.5938767790794373,VT65295|0|MEMB007B|-|2640,1034,no,TGCCCT,GGTCCTGTGGC,GCGATCCTGTT
6391,negative,2086,0.5938767790794373,VT65295|0|MEMB007C|+|2249,925,no,TGCCCT,AGGCGCTTGGC,GCGGTTCTGTT
6392,negative,2086,0.5938767790794373,VT65295|0|MEMB007D|-|2925,1320,no,TGCCCT,GGTCGTGTGGC,GGGGTTCTGTT
6393,negative,2086,-0.9910857081413268,VT65295|0|MEMB008C|-|2328,968,no,TGGCCT,GTGCCTGTGGC,GCGGTTCTGTT
6394,negative,2086,-0.9910857081413268,VT65295|0|dkik|-|3985,913,no,TGGCCT,GGCCATGTGGC,GGGGTTCTGTT
6395,positive,2178,-2.1065628528594966,VT65295|0|MEMB002A|+|3572,2033,no,GCCAAT,AGCACAATGAA,AAAGGCCGCTA
6396,positive,2178,-0.8841705322265625,VT65295|0|MEMB002B|-|1683,1229,no,GCCGGC,AACACAATGAA,AAAAGCCACTA
6397,positive,2178,-2.1065628528594966,VT65295|0|MEMB002C|-|3210,1679,no,GCCAAT,AGCACAATGAA,AAAGGCAGCTA
6398,positive,2178,-0.8841705322265625,VT65295|0|MEMB002D|+|2569,1056,no,ACAGAT,AACACCACGAA,GAAGGCCAGAA
6399,positive,2178,-0.8841705322265625,VT65295|0|MEMB002E|-|2184,1054,no,GCAGAC,AACACCACGAA,GAAGGCCAGAA
6400,positive,2178,-0.8841705322265625,VT65295|0|MEMB002F|-|2530,1226,no,GCAGAC,ACCAGAATGAA,AAAGGCCACTA
6401,positive,2178,-0.8841705322265625,VT65295|0|MEMB003A|-|2218,1005,no,ACAGAC,AGCACCACGAA,GAAGGCCAGTA
6402,positive,2178,-0.8841705322265625,VT65295|0|MEMB003B|-|2439,1051,no,GCAGAT,AGAATAACGAA,GAAGGCCAGAA
6403,positive,2178,-2.1065628528594966,VT65295|0|MEMB003C|+|2464,956,no,GGCAAT,AGCACAATGAA,AAAGGCCGCTA
6404,positive,2178,-0.8841705322265625,VT65295|0|MEMB003D|-|2218,1005,no,GCAGAC,AGCACCACGAA,GAAGGCCAGTA
6405,positive,2178,1.7007919549942017,VT65295|0|MEMB003F|-|2339,1058,no,GAAGAT,AACACCACGAA,GAAGGCCAGAA
6406,positive,2178,-0.8841705322265625,VT65295|0|MEMB004A|-|1649,1224,no,GCCGAC,AATACAATGAA,AAAGGCCACTA
6407,positive,2178,0.5938767790794373,VT65295|0|MEMB004B|+|2160,1025,no,TATTAT,AGAATCACGAA,GAAGGCCAGAA
6408,positive,2178,3.2857544422149663,VT65295|0|MEMB004E|-|2307,1056,no,CAAGAT,AACACCACGAA,GAAGGCCAGAA
6409,positive,2178,1.7007919549942017,VT65295|0|MEMB005B|+|2303,1040,no,GACGAT,AACACCACGAA,GAAGGCCAGAA
6410,positive,2178,0.7007919549942017,VT65295|0|MEMB005D|-|2647,1036,no,TAGGAT,AGCACCACAAA,GAAGGCCCCAA
6411,positive,2178,2.7007920742034908,VT65295|0|MEMB006A|-|2731,1059,no,TAAGAT,AGCAACACGAA,GAAGGCTCCAA
6412,positive,2178,-0.8841705322265625,VT65295|0|MEMB006B|-|2950,1069,no,GCAGAT,AGCACCACAAA,GAAGGCCAGAA
6413,positive,2178,1.7007919549942017,VT65295|0|MEMB006C|+|2238,1048,no,GAAGAT,AACACCACGAA,GAAGGCCCCAA
6414,positive,2178,-0.8841705322265625,VT65295|0|MEMB007B|-|2640,1126,no,GCCGAT,AATATAATGAA,AAAGGCCGCTA
6415,positive,2178,-0.8841705322265625,VT65295|0|MEMB007C|+|2249,1017,no,GCAGAT,AGCACAACGAA,GAAAGCTAGAA
6416,positive,2178,1.7007919549942017,VT65295|0|MEMB007D|-|2925,1412,no,GAAGAT,ACCACCACGAA,GAAGCTCAGTA
6417,positive,2178,-0.29920801520347595,VT65295|0|MEMB008C|-|2328,1060,no,GATGAT,AACACCACGAA,GAATGCCAATA
6418,positive,2178,-0.8841705322265625,VT65295|0|dkik|-|3985,1005,no,GCAGAC,AGCACCACGAA,GAAGGCCAGTA
6419,positive,2571,3.1788392066955566,VT65295|0|MEMB004E|-|2307,1183,no,CAATGA,CTATATATTAG,ATGGGAGTCGG
6420,positive,2571,0.7007919549942017,VT65295|0|MEMB005D|-|2647,1359,no,CGAGAC,TAACAGTTTTA,ACTTAGTACTG
6421,negative,2698,2.0633621215820312,VT65295|0|MEMB002A|+|3572,2256,no,TATAAC,AAGAAAAATAG,TTAAATATATG
6422,negative,2698,-0.5216004252433777,VT65295|0|MEMB002B|-|1683,1432,no,AATATA,AAAATAAATTC,TAAATAGCAAA
6423,negative,2698,2.0633621215820312,VT65295|0|MEMB002C|-|3210,1902,no,TATAAC,AAGACAAATAG,ATTAAGAAATA
6424,negative,2698,1.4783995151519775,VT65295|0|MEMB002E|-|2184,1157,no,TATAAA,GAAATAATCGA,TAAAAGTACAG
6425,negative,2698,-3.106562852859497,VT65295|0|MEMB002F|-|2530,1366,no,TTTTTA,GGAAAAAGTTT,ATTTTATTACA
6426,negative,2698,2.0633621215820312,VT65295|0|MEMB003C|+|2464,1179,no,TATAAC,ACGAAAAATAG,ATTATGAAATA
6427,negative,2698,-3.106562852859497,VT65295|0|MEMB003F|-|2339,1229,no,AATCGA,GAGTCGATAAC,AACTGTGTCCA
6428,negative,2698,-0.5216004252433777,VT65295|0|MEMB004A|-|1649,1426,no,AATATA,AAAATAAATTC,TAAATAGCAAA
6429,negative,2698,3.2857544422149663,VT65295|0|MEMB004E|-|2307,1237,no,AACAAG,AAGTCGAGAGC,AAAAAAAACAA
6430,negative,2698,-2.8841705322265625,VT65295|0|MEMB005B|+|2303,1217,no,TAATTG,AAATCGAGAGC,AAAATACTTGA
6431,negative,2698,-3.106562852859497,VT65295|0|MEMB005D|-|2647,1426,no,AATCGA,GTCTCGAGAGC,TGTTTCAAATA
6432,negative,2698,-3.106562852859497,VT65295|0|MEMB006A|-|2731,1457,no,AATCGA,GGCTGAAAAGC,TGTTCCAAATA
6433,negative,2698,1.5938767194747925,VT65295|0|MEMB006B|-|2950,1168,no,TAAAAT,ATATCCGACCC,TACAATATATA
6434,negative,2698,-3.106562852859497,VT65295|0|MEMB006C|+|2238,1229,no,AATCGA,GAGTCATGAGC,AACTTTCTCCA
6435,negative,2698,2.0633621215820312,VT65295|0|MEMB007B|-|2640,1309,no,TATAAC,AAGAAAAATAG,AAATAACAAAA
6436,negative,2698,-3.106562852859497,VT65295|0|MEMB007C|+|2249,1153,no,TATCGA,GACTTGAGAAC,CGCTCCAAATA
6437,negative,2698,0.5938767790794373,VT65295|0|MEMB007D|-|2925,1689,no,TGCTAT,ACCTCAAAAAC,AATTTTAAAGC
6438,negative,2698,-3.106562852859497,VT65295|0|MEMB008C|-|2328,1238,no,ACTTGA,AAGTCGAGAGC,CCATTTCTCCC
6439,positive,3723,1.4783995151519775,VT65295|0|MEMB002A|+|3572,2655,no,TAAAAA,AACATGGTAAA,ATATTGACAAA
6440,positive,3723,1.4783995151519775,VT65295|0|MEMB002C|-|3210,2316,no,TAAAAA,AACATGGTAAA,ATATTGACAAA
6441,positive,3723,-2.5216004848480225,VT65295|0|MEMB002D|+|2569,1695,no,cgtagt,ctaatctctaa,tagtcttccca
6442,positive,3723,2.593876838684082,VT65295|0|MEMB002E|-|2184,1441,no,TAATGA,CAACTTAGAAA,TATTTTTAAGC
6443,positive,3723,2.593876838684082,VT65295|0|MEMB002F|-|2530,1726,no,TAATAA,ATTTAAATAAA,CTCCTTGTTAT
6444,positive,3723,2.7007920742034908,VT65295|0|MEMB003A|-|2218,1447,no,TAAGCT,AAACTTGGAAA,CAAGTGGACAA
6445,positive,3723,0.5938767790794373,VT65295|0|MEMB003B|-|2439,1526,no,TATTTA,CAATTTGGAAA,TAAGTTTCGAG
6446,positive,3723,1.4783995151519775,VT65295|0|MEMB003C|+|2464,1571,no,TAAAAA,AACATGGTAAA,ATATTGACAAA
6447,positive,3723,2.7007920742034908,VT65295|0|MEMB003D|-|2218,1447,no,TAAGCT,AAACTTGGAAA,AAAGTGGACAA
6448,positive,3723,-1.5216004848480225,VT65295|0|MEMB003F|-|2339,1576,no,GATATT,CAACTTGTAAT,TTCAAACACAA
6449,positive,3723,-0.5216004252433777,VT65295|0|MEMB004B|+|2160,1466,no,TAGAAT,CAAACTAGAAA,ACCCTGTTAGG
6450,positive,3723,3.1788392066955566,VT65295|0|MEMB004E|-|2307,1555,no,CAATTA,CAACTTGTATA,TATTTTTAAGA
6451,positive,3723,2.593876838684082,VT65295|0|MEMB005B|+|2303,1529,no,TAATGA,CAACTTGTAAA,TATTTTCAAGC
6452,positive,3723,2.593876838684082,VT65295|0|MEMB005D|-|2647,1722,no,TAATAA,CATCTTATAAA,TATTTTCAAGC
6453,positive,3723,2.593876838684082,VT65295|0|MEMB006A|-|2731,1825,no,TAATAA,CTGCTCATAAA,TATTTTCAAGC
6454,positive,3723,0.4783995747566223,VT65295|0|MEMB006B|-|2950,1801,no,aaaaaa,aatttttcgaa,gtataactttg
6455,positive,3723,1.4783995151519775,VT65295|0|MEMB006C|+|2238,1478,no,TAAAGA,TATCAAGAAGA,CATACGTATGC
6456,positive,3723,-0.5216004252433777,VT65295|0|MEMB007B|-|2640,1745,no,TAGAAA,ATCATGGTAAA,TTATTGACAAA
6457,positive,3723,1.4783995151519775,VT65295|0|MEMB007C|+|2249,1455,no,TAAATT,CAAAAGTTAAA,AACTGAAAAGT
6458,positive,3723,0.5938767790794373,VT65295|0|MEMB008C|-|2328,1542,no,TAGTGA,CAACTTGTAAA,TATTTTCAGGC
6459,positive,3723,2.0633621215820312,VT65295|0|dkik|-|3985,1857,no,cacatt,gaccttaacga,tacaacgattt
6460,positive,4486,-0.4061232209205627,VT65295|0|MEMB002A|+|3572,2835,no,AAGTTC,GTTTTAAAATC,AAAACCAAATT
6461,positive,4486,-0.4061232209205627,VT65295|0|MEMB002C|-|3210,2472,no,AAGTTC,GTTTTAAAATC,AAAACCAAATT
6462,positive,4486,-2.8841705322265625,VT65295|0|MEMB002D|+|2569,1853,no,ACGGTC,gtagtgcaTCA,ATTACTTAATT
6463,positive,4486,1.5938767194747925,VT65295|0|MEMB002E|-|2184,1460,no,AACTGG,TTTTTAAGCTC,CTtattaggta
6464,positive,4486,1.5938767194747925,VT65295|0|MEMB002F|-|2530,1809,no,AAATTT,GTTTGATACTC,GTTCGTAATTA
6465,positive,4486,-2.991085767745972,VT65295|0|MEMB003A|-|2218,1477,no,ATGTTA,TAGCGGAAAAT,AAAATCGGAAA
6466,positive,4486,1.0633620023727417,VT65295|0|MEMB003B|-|2439,1676,no,aaacgc,cgagaaaacat,agtggaaccta
6467,positive,4486,-0.4061232209205627,VT65295|0|MEMB003C|+|2464,1727,no,AAGTTC,GTTTTAAAATC,AAAACCAAATT
6468,positive,4486,-2.991085767745972,VT65295|0|MEMB003D|-|2218,1477,no,ATGTTG,TAGGGGAAAAT,AAAATCGGAAA
6469,positive,4486,-0.9910857081413268,VT65295|0|MEMB003F|-|2339,1615,no,ATATAT,GAAAATCATAC,ATAACAAGAAA
6470,positive,4486,3.1788392066955566,VT65295|0|MEMB004E|-|2307,1575,no,cactgc,TTTTAAGAAAG,gttgcaatctt
6471,positive,4486,3.1788392066955566,VT65295|0|MEMB005B|+|2303,1574,no,cactgc,AAGTCAGAAAG,tttgctaactt
6472,positive,4486,0.5938767790794373,VT65295|0|MEMB005D|-|2647,1915,no,cccttc,gtcggaaaaaa,actgcaaactt
6473,positive,4486,0.5938767790794373,VT65295|0|MEMB006A|-|2731,1999,no,cccttc,gtcggaaagaa,actgcaaactt
6474,positive,4486,2.593876838684082,VT65295|0|MEMB006B|-|2950,2110,no,tacttc,agaaaaaacat,gctgtttctca
6475,positive,4486,3.1788392066955566,VT65295|0|MEMB006C|+|2238,1507,no,cactgc,AGCCTAGAAAt,gttgaaaactt
6476,positive,4486,-0.4061232209205627,VT65295|0|MEMB007B|-|2640,1903,no,AAGTTC,GTTTTAAAATC,AAAACCAAATT
6477,positive,4486,2.593876838684082,VT65295|0|MEMB007C|+|2249,1561,no,TAATTC,TTACAGTTTGT,ATCATTGATAA
6478,positive,4486,3.1788392066955566,VT65295|0|MEMB008C|-|2328,1597,no,cacttc,AGTCAAGAAAt,gttgctaactt
6479,positive,4486,3.1788392066955566,VT65295|0|dkik|-|3985,2620,no,cactca,ttttatcagac,gatgctatatt
6480,positive,5161,0.7007919549942017,VT65295|0|MEMB002A|+|3572,2882,no,CCAGAC,TTTTTCAAAAT,CAGATATTATT
6481,positive,5161,0.7007919549942017,VT65295|0|MEMB002C|-|3210,2520,no,CCAGAC,TTTTTCAAAAT,CAGATATTATT
6482,positive,5161,-2.991085767745972,VT65295|0|MEMB002D|+|2569,1889,no,ATGTGT,TATATATTGGT,TAGATATTACG
6483,positive,5161,-0.9910857081413268,VT65295|0|MEMB002E|-|2184,1497,no,atatgt,tatatattgga,tagatattatG
6484,positive,5161,-0.9910857081413268,VT65295|0|MEMB002F|-|2530,1833,no,GTATAT,ATTACTGCAAC,TATATATTCTG
6485,positive,5161,-0.9910857081413268,VT65295|0|MEMB003A|-|2218,1528,no,atatta,TTGTTGATTGA,tatatatataa
6486,positive,5161,-0.9910857081413268,VT65295|0|MEMB003B|-|2439,1760,no,gtaTAT,cctgcaagagt,GTTATATATAT
6487,positive,5161,0.7007919549942017,VT65295|0|MEMB003C|+|2464,1774,no,CCAGAC,TTTTTCAAAAT,CAGATATTATT
6488,positive,5161,-0.9910857081413268,VT65295|0|MEMB003D|-|2218,1528,no,atatta,TTGTTGATTGA,tatatatataa
6489,positive,5161,1.5938767194747925,VT65295|0|MEMB003F|-|2339,1658,no,AAATGT,CCTGCAAGGGT,TATAGATTATG
6490,positive,5161,0.008914276957511902,VT65295|0|MEMB004B|+|2160,1485,no,TTATCA,CCTGTTAGGGT,TTCGAAGAGAC
6491,positive,5161,3.1788392066955566,VT65295|0|MEMB004E|-|2307,1622,no,CAATGC,cctgcaagggG,TATCTAATACG
6492,positive,5161,1.5938767194747925,VT65295|0|MEMB005B|+|2303,1621,no,AAATGT,cctgcaagggT,TCTATAATATG
6493,positive,5161,-0.9910857081413268,VT65295|0|MEMB005D|-|2647,1962,no,acaTAA,cctgcaagagt,CTTGTATATAT
6494,positive,5161,-0.9910857081413268,VT65295|0|MEMB006A|-|2731,2046,no,ATATAA,cctgcaagagC,CTTGTACATAT
6495,positive,5161,-2.1065628528594966,VT65295|0|MEMB006B|-|2950,2275,no,GTAAAT,CCTGCAATGGT,ATTTTTATATT
6496,positive,5161,1.5938767194747925,VT65295|0|MEMB006C|+|2238,1554,no,AAATGT,cctgcaaTATT,TATAAAATACC
6497,positive,5161,0.7007919549942017,VT65295|0|MEMB007B|-|2640,1950,no,CCAGAC,TTTTTCAAAAT,CAGATATTATT
6498,positive,5161,1.0633620023727417,VT65295|0|MEMB007D|-|2925,2244,no,AAACAT,ATAATAATAAT,AAATTTTACGT
6499,positive,5161,1.5938767194747925,VT65295|0|MEMB008C|-|2328,1644,no,AAATGT,cctgcaaaggT,TATATTATACG
6500,positive,5161,-0.9910857081413268,VT65295|0|dkik|-|3985,3295,no,atataa,gggctcgTAGA,tatatatataa
6501,negative,5359,0.5938767790794373,VT65295|0|MEMB002A|+|3572,3075,no,TACCAT,CTAATGCGCGC,TCTTAGAGTGG
6502,negative,5359,0.5938767790794373,VT65295|0|MEMB002C|-|3210,2713,no,TACCAT,CTAATGCGCGC,TCTTAGAGTGG
6503,negative,5359,-1.4061232805252075,VT65295|0|MEMB002D|+|2569,2082,no,TACCGT,CTATTGCGCGC,TCTTAGAGTGG
6504,negative,5359,0.5938767790794373,VT65295|0|MEMB002E|-|2184,1690,no,TACCAT,CGATTGCTTGA,TCTTAGAGTGG
6505,negative,5359,0.5938767790794373,VT65295|0|MEMB002F|-|2530,2026,no,TACCAT,CTACTGCAGGC,TCTTAGAGTGG
6506,negative,5359,0.5938767790794373,VT65295|0|MEMB003A|-|2218,1726,no,TACCAT,CTATTGCGCGA,TCATGGAGTGG
6507,negative,5359,0.5938767790794373,VT65295|0|MEMB003B|-|2439,1957,no,TACCAT,CAATTGTCCAC,TCATGGAGTGG
6508,negative,5359,0.5938767790794373,VT65295|0|MEMB003C|+|2464,1967,no,TACCAT,CTAATGCGCGC,TCTTAGAGTGG
6509,negative,5359,0.5938767790794373,VT65295|0|MEMB003D|-|2218,1726,no,TACCAT,CTATTGCGCGA,TCATGGAGTGG
6510,negative,5359,-0.5216004252433777,VT65295|0|MEMB003F|-|2339,1851,no,TACCAA,CTACTGCGCGC,TCCTAGAGTGG
6511,negative,5359,2.593876838684082,VT65295|0|MEMB004B|+|2160,1671,no,TATAAT,GAGTTGCGCAA,TTTTAGAGTGG
6512,negative,5359,3.1788392066955566,VT65295|0|MEMB004E|-|2307,1815,no,TACAAT,AGATTTCGAGA,TCATAGAGTGG
6513,negative,5359,1.4783995151519775,VT65295|0|MEMB005B|+|2303,1814,no,TATAAA,CTAATGCGCGA,TCATGGAGTGG
6514,negative,5359,-1.4061232805252075,VT65295|0|MEMB005D|-|2647,2159,no,TACCGT,CGATTGCGCAA,TCATAGAGTGG
6515,negative,5359,-1.4061232805252075,VT65295|0|MEMB006A|-|2731,2243,no,TACCGT,CGATTGCGCGA,TCTTAGAGTGG
6516,negative,5359,3.1788392066955566,VT65295|0|MEMB006B|-|2950,2471,no,TACAAT,CTATTGCGCAC,TTGAGGAGTGG
6517,negative,5359,3.1788392066955566,VT65295|0|MEMB006C|+|2238,1747,no,TACAAT,CGATTGCGTCA,TCATAGAGTGG
6518,negative,5359,0.5938767790794373,VT65295|0|MEMB007B|-|2640,2143,no,TACCAT,CTAATGCGCGC,TCTTGGAGTGG
6519,negative,5359,0.5938767790794373,VT65295|0|MEMB007C|+|2249,1768,no,TACCAT,CAATTGGCCAC,TCATGGAGTGG
6520,negative,5359,1.1788393259048462,VT65295|0|MEMB007D|-|2925,2436,no,TACAGT,ATGTTGCGTAC,TCATGGAATGG
6521,negative,5359,3.1788392066955566,VT65295|0|MEMB008C|-|2328,1837,no,TACAAT,CTATTGCGCGA,TCATAGAGTGG
6522,negative,5359,0.5938767790794373,VT65295|0|dkik|-|3985,3493,no,TACCAT,CTATTGCGCGA,TCATAGAGTGG
6523,negative,5594,-0.9366379380226136,VT65295|0|MEMB002A|+|3572,3303,no,GGGATC,GAGGTCTCTGA,TCGTCTTCAAA
6524,negative,5594,-3.5216004848480225,VT65295|0|MEMB002C|-|3210,2941,no,GGGGTC,GAGGTCGCTGA,TCGTCTTCAAA
6525,negative,5594,-0.9910857081413268,VT65295|0|MEMB002D|+|2569,2304,no,GGAGAT,GACCTCGAGGA,TGGTTTTCAGG
6526,negative,5594,-0.9910857081413268,VT65295|0|MEMB002E|-|2184,1912,no,GGAGAT,GATCTCAATGA,TGGTTTTCAGA
6527,negative,5594,-2.8841705322265625,VT65295|0|MEMB002F|-|2530,2251,no,GGGGTG,GAGAATCAGGC,TCGTCTTCAAC
6528,negative,5594,-1.5216004848480225,VT65295|0|MEMB003A|-|2218,1951,no,GGGGAC,CTCAGCGGACC,TCGTCTTCAAA
6529,negative,5594,-0.9910857081413268,VT65295|0|MEMB003B|-|2439,2176,no,GGGGAT,CTCACGAAAGT,TCGTTTTCATA
6530,negative,5594,-0.9366379380226136,VT65295|0|MEMB003C|+|2464,2195,no,GGGATC,GAGGACTCTGA,TCGTCTTCAAA
6531,negative,5594,-1.5216004848480225,VT65295|0|MEMB003D|-|2218,1951,no,GGGGAC,CTCAGCGGACC,TCGTCTTCAAA
6532,negative,5594,0.5938767790794373,VT65295|0|MEMB003F|-|2339,2073,no,GGCGAT,GATCTTCAGGA,TTGTTTTTATA
6533,negative,5594,1.5938767194747925,VT65295|0|MEMB004B|+|2160,1893,no,GGGAAT,AATCTTGAGGA,TCGTTTTCAAA
6534,negative,5594,3.1788392066955566,VT65295|0|MEMB004E|-|2307,2040,no,GGCAAT,AATCTCCAGGA,TCGTTTTTATA
6535,negative,5594,1.5938767194747925,VT65295|0|MEMB005B|+|2303,2036,no,GGGAAT,AATCTCCAGGA,TCGTTTTCAAA
6536,negative,5594,-0.8841705322265625,VT65295|0|MEMB005D|-|2647,2381,no,GGGGAG,AATCTCCAAGA,TCGTTTTCAAA
6537,negative,5594,-0.8841705322265625,VT65295|0|MEMB006A|-|2731,2465,no,GGGGAG,AATCTCCAAGA,TCGTTTTCAAG
6538,negative,5594,-0.9910857081413268,VT65295|0|MEMB006B|-|2950,2693,no,GGGGAT,AATCTCGAAGA,TCGTTTTCAAA
6539,negative,5594,-0.9910857081413268,VT65295|0|MEMB006C|+|2238,1969,no,GGGGAT,AAACTCGAGGA,TGGTTTTCGTA
6540,negative,5594,-1.9366379976272583,VT65295|0|MEMB007B|-|2640,2371,no,GGCGTC,GACTCCCAAGA,TCGTCTTCAAA
6541,negative,5594,1.5938767194747925,VT65295|0|MEMB007C|+|2249,1990,no,GGGAAT,GATCTCACAAA,TCGTTTTCGTA
6542,negative,5594,-1.5216004848480225,VT65295|0|MEMB007D|-|2925,2661,no,GGAGAC,TTGCACGAGGA,TCGTCTTCCAT
6543,negative,5594,-0.9910857081413268,VT65295|0|MEMB008C|-|2328,2059,no,GGGGAT,AATCTCCAGGA,TCGTTTTCAAA
6544,negative,5594,-1.5216004848480225,VT65295|0|dkik|-|3985,3718,no,GGGGAC,CTCAGCGGACC,TCGTCTTCAAA
6545,negative,5759,1.4783995151519775,VT65295|0|MEMB002A|+|3572,3468,no,TCTAAA,TATAACCTGGC,GGCGGGAGAAG
6546,negative,5759,1.4783995151519775,VT65295|0|MEMB002C|-|3210,3106,no,GCTAAA,TATAACCTGGC,GGCGGGAGAAG
6547,negative,5759,1.2857544422149658,VT65295|0|MEMB002D|+|2569,2469,no,ACCAGG,TTGAACCTGGG,GGCGGGAAAAG
6548,negative,5759,-1.2992080450057983,VT65295|0|MEMB002E|-|2184,2077,no,ACCCGG,TTGAACCTGGG,GGCGGGAAAAG
6549,negative,5759,2.7007920742034908,VT65295|0|MEMB002F|-|2530,2416,no,ACTAAG,TTAAACCTGGC,GGCGGGAGAAG
6550,negative,5759,0.06336206197738647,VT65295|0|MEMB003A|-|2218,2116,no,AACAGA,TTGAACCTGGG,GGCGGGAGAAA
6551,negative,5759,0.7007919549942017,VT65295|0|MEMB003B|-|2439,2341,no,ACTAGG,TTAAACCTGGG,GGCGAGAGAAG
6552,negative,5759,1.4783995151519775,VT65295|0|MEMB003C|+|2464,2360,no,TCTAAA,TACAACCTGGC,GGCGGGAGAAG
6553,negative,5759,0.06336206197738647,VT65295|0|MEMB003D|-|2218,2116,no,AACAGA,TTGAACCTGGG,GGCGGGAGAAA
6554,negative,5759,1.2857544422149658,VT65295|0|MEMB003F|-|2339,2238,no,ACCAGG,TTGAACCTGGG,GGCGGGAGAAG
6555,negative,5759,1.2857544422149658,VT65295|0|MEMB004B|+|2160,2058,no,ACCAGG,TTGAGCCTGGG,GGCGGGAGAAG
6556,negative,5759,3.2857544422149663,VT65295|0|MEMB004E|-|2307,2205,no,AACAAG,TTAAACCTGGG,GGCGGGAGAAG
6557,negative,5759,0.06336206197738647,VT65295|0|MEMB005B|+|2303,2201,no,ACCAGA,TTGAATCTGGG,GGCGGGAGAAG
6558,negative,5759,1.2857544422149658,VT65295|0|MEMB005D|-|2647,2546,no,ATCAGG,TTGAACCTGGG,GGCGGCAGAAG
6559,negative,5759,1.2857544422149658,VT65295|0|MEMB006A|-|2731,2630,no,AACAGG,TTGAACCTGGG,GGCGGGAGAAG
6560,negative,5759,1.2857544422149658,VT65295|0|MEMB006B|-|2950,2858,no,AACAGG,TTGAACCTGGG,GGCGAGAAAAG
6561,negative,5759,1.2857544422149658,VT65295|0|MEMB006C|+|2238,2134,no,ACCAGG,TTGAGCCTGGG,GACGGGAGAAG
6562,negative,5759,0.4783995747566223,VT65295|0|MEMB007B|-|2640,2536,no,TCGAAA,TATAACCTGGC,GGCGGGAGAAG
6563,negative,5759,0.7007919549942017,VT65295|0|MEMB007C|+|2249,2155,no,ACTAGG,TTAAACCTGGG,GGCGAGAGAAG
6564,negative,5759,0.7007919549942017,VT65295|0|MEMB007D|-|2925,2826,no,AACCAG,TTCAACCTGGC,GGCGCGAGAAG
6565,negative,5759,1.2857544422149658,VT65295|0|MEMB008C|-|2328,2224,no,ATCAGG,TTGAACCTGGG,GGCGGGAGAAG
6566,negative,5759,0.06336206197738647,VT65295|0|dkik|-|3985,3883,no,AACAGA,TTGAACCTGGG,GGCGGGAGAAA
6567,negative,5815,2.0633621215820312,VT65295|0|MEMB002A|+|3572,3513,no,TTCACA,TCCGATGTCAG,TTAAAACAACC
6568,negative,5815,2.0633621215820312,VT65295|0|MEMB002C|-|3210,3151,no,TTCACA,TCCGATGTCAG,TTAAAACAACC
6569,negative,5815,2.648324489593506,VT65295|0|MEMB002D|+|2569,2519,no,TTCACC,CACTTCAATAC,CCTTGTTGACC
6570,negative,5815,2.648324489593506,VT65295|0|MEMB002E|-|2184,2127,no,TTCACC,TACCTCAATAT,TTTTATTGACC
6571,negative,5815,-0.5216004252433777,VT65295|0|MEMB002F|-|2530,2471,no,TTCCCA,TCCGATCTGTG,TTGACACAACC
6572,negative,5815,2.0633621215820312,VT65295|0|MEMB003A|-|2218,2168,no,TTCACA,TTCTGTACGGT,CTTTGTTGACC
6573,negative,5815,2.0633621215820312,VT65295|0|MEMB003C|+|2464,2405,no,TTCACA,TCCGATGTCAG,CTAAGACAACC
6574,negative,5815,2.0633621215820312,VT65295|0|MEMB003D|-|2218,2168,no,TTCACA,TTCTGAACGGT,CTTTGTTGACC
6575,negative,5815,2.0633621215820312,VT65295|0|MEMB003F|-|2339,2290,no,TTCACA,TTCGATATGGT,TCCAGCTGACC
6576,negative,5815,2.0633621215820312,VT65295|0|MEMB004B|+|2160,2110,no,TTCACA,TTCGAAACGTT,CCCAAATGACC
6577,negative,5815,3.2857544422149663,VT65295|0|MEMB004E|-|2307,2257,yes,TTCACG,TTCGATACGGT,CCCAGTTAACC
6578,negative,5815,3.1788392066955566,VT65295|0|MEMB005B|+|2303,2253,no,TTCACT,TTCGATACGGT,CCCAATTGACC
6579,negative,5815,3.1788392066955566,VT65295|0|MEMB005D|-|2647,2598,no,TTCACT,TTCGACACGGT,ATTTGTTGATC
6580,negative,5815,3.1788392066955566,VT65295|0|MEMB006A|-|2731,2682,no,TTCACT,TTCGGCACGGT,CTTTGTTGATC
6581,negative,5815,2.0633621215820312,VT65295|0|MEMB006C|+|2238,2188,no,TTCACA,CTCGATACGGT,CCCAGTTGACC
6582,negative,5815,2.0633621215820312,VT65295|0|MEMB007B|-|2640,2581,no,TTCACA,TCCGATGTCAG,TTAAAACAACC
6583,negative,5815,1.4783995151519775,VT65295|0|MEMB007D|-|2925,2880,no,TTTACA,CTCGATACGAT,AGCGGTTTTTG
6584,negative,5815,2.0633621215820312,VT65295|0|MEMB008C|-|2328,2278,no,TTCACA,ATCGATACGCG,CCAAATTGACC
6585,negative,5815,2.0633621215820312,VT65295|0|dkik|-|3985,3935,no,TTCACA,TTCTGTACGGT,CTTTGTTGACC
6586,positive,1703,0.5938767790794373,VT65295|0|MEMB002A|+|3572,1558,no,CGCTGC,CATTAGCTCAA,CAGCGTCGCCG
6587,positive,1703,0.008914276957511902,VT65295|0|MEMB002B|-|1683,754,no,TGCTGC,CATTAGCTCAA,CAGCGAAGCCG
6588,positive,1703,0.5938767790794373,VT65295|0|MEMB002C|-|3210,1204,no,CGCTGC,CATTAGCTCAA,CAGCGTCGCCA
6589,positive,1703,0.008914276957511902,VT65295|0|MEMB002D|+|2569,581,no,TGATGC,CATTAACTCAA,CAGCGTCGCCA
6590,positive,1703,0.008914276957511902,VT65295|0|MEMB002E|-|2184,579,no,TGATGC,CATTAACTCTA,CAGCGTCTCCG
6591,positive,1703,0.5938767790794373,VT65295|0|MEMB002F|-|2530,751,no,CGCTGC,CAATAGTTCTA,CAGAGTCGCTG
6592,positive,1703,0.06336206197738647,VT65295|0|MEMB003A|-|2218,530,no,CGACGC,CATTAGCTCTA,CAGCGTCGCCG
6593,positive,1703,0.06336206197738647,VT65295|0|MEMB003B|-|2439,576,no,CGACGC,CATTAGCTCTA,CAGCGTCGCCG
6594,positive,1703,0.5938767790794373,VT65295|0|MEMB003C|+|2464,481,no,CGCTGC,CATTAGCTCAA,CAGCGTCGCCG
6595,positive,1703,0.06336206197738647,VT65295|0|MEMB003D|-|2218,530,no,CGACGC,CATTAGCTCTA,CAGCGTCGCCG
6596,positive,1703,2.593876838684082,VT65295|0|MEMB003F|-|2339,583,no,TAATGC,CATTAGCTCTA,CAGCGTCGCCG
6597,positive,1703,0.008914276957511902,VT65295|0|MEMB004A|-|1649,749,no,TGCTGC,CATTAGCTCAA,CAGCGGTGCCG
6598,positive,1703,2.593876838684082,VT65295|0|MEMB004B|+|2160,550,no,TAATGC,CATCAGCTCTA,CAGCGTCGCCA
6599,positive,1703,2.593876838684082,VT65295|0|MEMB004E|-|2307,584,no,TAATGC,CATCAGCTCTG,CCGCGTCGCCG
6600,positive,1703,3.1788392066955566,VT65295|0|MEMB005B|+|2303,565,no,CAATGC,CATCAGCTCTA,CAGCGTCGCCG
6601,positive,1703,0.008914276957511902,VT65295|0|MEMB005D|-|2647,561,no,TGATGC,CATCAGCTCTA,CAGCGTCTCCG
6602,positive,1703,0.008914276957511902,VT65295|0|MEMB006A|-|2731,584,no,TGATGC,CATTAGCTCTA,CAGCGTCTCCG
6603,positive,1703,0.008914276957511902,VT65295|0|MEMB006B|-|2950,594,no,TGATGT,CATTAGCTCTA,TAGCGTCGCCA
6604,positive,1703,2.593876838684082,VT65295|0|MEMB006C|+|2238,573,no,TAATGC,CATCAGCTCTA,CAGCGTCGCCG
6605,positive,1703,0.5938767790794373,VT65295|0|MEMB007B|-|2640,651,no,CGCTGC,CATTAGCTCAA,CTGCGTCACCG
6606,positive,1703,3.2857544422149663,VT65295|0|MEMB007C|+|2249,542,no,CAAGAC,CATTAGCTCTA,CAGCGTCGCCG
6607,positive,1703,0.5938767790794373,VT65295|0|MEMB007D|-|2925,937,no,CGCTGC,TAGAAGCTCTA,CAACGTCGCCG
6608,positive,1703,2.593876838684082,VT65295|0|MEMB008C|-|2328,585,no,TAATGC,CATCAGCTCTA,CAGCGTCGCCG
6609,positive,1703,0.06336206197738647,VT65295|0|dkik|-|3985,530,no,CGACGC,CATTAGCTCTA,CAGCGTCGCCG
6610,positive,1884,-0.29920801520347595,VT65295|0|MEMB002A|+|3572,1739,no,AATGGC,ATGACCGATCC,CGCGGCGAAGA
6611,positive,1884,-0.29920801520347595,VT65295|0|MEMB002B|-|1683,935,no,GATGGC,AAAATCGATCC,CGCGGTGAAGA
6612,positive,1884,-0.29920801520347595,VT65295|0|MEMB002C|-|3210,1385,no,AATGGC,ATGACCGATCC,CGCGGTGAAGA
6613,positive,1884,0.7007919549942017,VT65295|0|MEMB002D|+|2569,762,no,TATGGC,ATGCACGATCC,CGAGACGAAGA
6614,positive,1884,0.7007919549942017,VT65295|0|MEMB002E|-|2184,760,no,TATGAC,AAGCCCGATCC,CGAGACGAAGA
6615,positive,1884,-0.5216004252433777,VT65295|0|MEMB002F|-|2530,932,no,TATAGC,AGGGCCGATCC,CGCGGCGAAAA
6616,positive,1884,0.7007919549942017,VT65295|0|MEMB003A|-|2218,711,no,TATGAC,AAGGTCGATCC,CGAGGCGAAGA
6617,positive,1884,0.7007919549942017,VT65295|0|MEMB003B|-|2439,757,no,TATGAC,ATGCCCGATGC,CGAGACGAAGA
6618,positive,1884,-0.29920801520347595,VT65295|0|MEMB003C|+|2464,662,no,AATGGC,ATGACCAATCC,CGCGGTGAAGA
6619,positive,1884,0.7007919549942017,VT65295|0|MEMB003D|-|2218,711,no,TATGAC,AAGGTCGATCC,CGAGGCGAAGA
6620,positive,1884,0.7007919549942017,VT65295|0|MEMB003F|-|2339,764,no,TAGGAC,AAGGCCGATCC,TGAGACGAAGA
6621,positive,1884,-0.29920801520347595,VT65295|0|MEMB004A|-|1649,930,no,GATGGC,AAAATCGATCC,CGCGGTGAAGA
6622,positive,1884,0.7007919549942017,VT65295|0|MEMB004B|+|2160,731,no,TATGAC,AAGGCCGATCC,CGAGACGAAGA
6623,positive,1884,0.7007919549942017,VT65295|0|MEMB004E|-|2307,762,no,TATGAT,AAGGCCGATCC,TGAGACGAAGA
6624,positive,1884,3.2857544422149663,VT65295|0|MEMB005B|+|2303,746,no,CAAGAC,AAGGCCGATCC,CGAGACGAAGA
6625,positive,1884,0.7007919549942017,VT65295|0|MEMB005D|-|2647,742,no,TATGAC,AAGGCCGAGCC,CGAGACGAAGA
6626,positive,1884,0.7007919549942017,VT65295|0|MEMB006A|-|2731,765,no,TATGGC,AAGGCCGATCC,CGAGACGAAGA
6627,positive,1884,3.2857544422149663,VT65295|0|MEMB006B|-|2950,775,no,CACGGC,ATGAAGGATGC,CGACACGAAGA
6628,positive,1884,0.7007919549942017,VT65295|0|MEMB006C|+|2238,754,no,TATGCC,AGGGCCGATCC,CGAGACGAAGA
6629,positive,1884,0.7007919549942017,VT65295|0|MEMB007B|-|2640,832,no,TATGGC,ATGACCGATCC,CGCGGTGAAGA
6630,positive,1884,0.7007919549942017,VT65295|0|MEMB007C|+|2249,723,no,TATGAC,ATGCCCGATGC,AGAGACGAAGA
6631,positive,1884,0.7007919549942017,VT65295|0|MEMB007D|-|2925,1118,no,TATGGC,AAGGTCGATCC,CGAGGCGAAAA
6632,positive,1884,0.06336206197738647,VT65295|0|MEMB008C|-|2328,766,no,TATCAC,ACGGCCGATCC,CGAGACGAAGA
6633,positive,1884,0.7007919549942017,VT65295|0|dkik|-|3985,711,no,TATGAC,AAGGTCGATCC,CGAGGCGAAGA
6634,positive,2764,-0.9366379380226136,VT65295|0|MEMB002B|-|1683,1466,no,aatcta,ttctttgagct,agttaatattt
6635,positive,2764,-1.991085767745972,VT65295|0|MEMB002D|+|2569,1296,no,TTTTTT,TTACTAGGTTA,AGATTGTACTT
6636,positive,2764,-1.1065629720687866,VT65295|0|MEMB003A|-|2218,1163,no,TTAAAA,TTGTACAAGTC,AGATTTTGTTG
6637,positive,2764,0.5938767790794373,VT65295|0|MEMB003B|-|2439,1203,no,TATTTT,TGGACCGAATA,ATATATTGTTT
6638,positive,2764,-1.1065629720687866,VT65295|0|MEMB003D|-|2218,1163,no,TTAAAA,TTGTACAAGTC,GGATTTTGTTG
6639,positive,2764,-1.4061232805252075,VT65295|0|MEMB003F|-|2339,1264,no,CTTTGT,TCATTTGAATA,ATATTCTACTT
6640,positive,2764,-0.9366379380226136,VT65295|0|MEMB004A|-|1649,1460,no,GATCTA,TTCTTTGAGCT,AGTTAATATTT
6641,positive,2764,-0.4061232209205627,VT65295|0|MEMB004B|+|2160,1207,no,AAGTTA,CAATTTGGACA,GCCTAATCGAT
6642,positive,2764,3.2857544422149663,VT65295|0|MEMB005B|+|2303,1224,no,CAAGTA,ATTTCAATTAT,TTTTTCTACTT
6643,positive,2764,-3.106562852859497,VT65295|0|MEMB006A|-|2731,1492,no,TTGAAT,CTATAGTATAC,ATTTTTCGTGT
6644,positive,2764,-1.8841705322265625,VT65295|0|MEMB006C|+|2238,1257,no,TTGGAT,AGCCAATAATT,ATTCTATATAT
6645,positive,2764,-2.991085767745972,VT65295|0|MEMB007B|-|2640,1342,no,GCGTTA,ACATTTCCGCT,ATTTAATATTT
6646,positive,2764,0.5938767790794373,VT65295|0|MEMB007C|+|2249,1174,no,TATTTT,TGGAGCGAATA,ATATATTGTCT
6647,positive,2764,-0.5216004252433777,VT65295|0|MEMB007D|-|2925,1755,no,TTACAA,TTCTACGTTAC,AATTTATATCT
6648,positive,2764,-2.8841705322265625,VT65295|0|MEMB008C|-|2328,1251,no,ATGGGA,AAGTGGGAGAA,ATGTAATATAT
6649,positive,2764,-1.1065629720687866,VT65295|0|dkik|-|3985,1165,no,TTAAAA,TTGTACAAGTC,AGATTTTGTTG
6650,negative,3003,0.008914276957511902,VT65295|0|MEMB002A|+|3572,2283,no,TATGAT,CTTATTGATAT,AAGCTCTAAAT
6651,negative,3003,0.008914276957511902,VT65295|0|MEMB002B|-|1683,1495,no,TATGCT,CTTATTAATAT,AAGCTCTTAAA
6652,negative,3003,0.008914276957511902,VT65295|0|MEMB002C|-|3210,1940,no,TATGAT,CTTATTGATAT,AAGCTCTAAAT
6653,negative,3003,0.008914276957511902,VT65295|0|MEMB002E|-|2184,1187,no,CATCCT,ATAGGAATTTA,GTGGTAAGTAA
6654,negative,3003,0.008914276957511902,VT65295|0|MEMB002F|-|2530,1406,no,TGTGCT,ATATAATCAAA,AAGCTCATAAT
6655,negative,3003,1.4783995151519775,VT65295|0|MEMB003A|-|2218,1197,no,TATACA,TTAACCAAATC,AAGCTCCTAAT
6656,negative,3003,-0.9910857081413268,VT65295|0|MEMB003B|-|2439,1238,no,AAGTAT,TTAACACGTTA,TGGTAAGGTTA
6657,negative,3003,0.008914276957511902,VT65295|0|MEMB003C|+|2464,1217,no,TATGAT,CTTATTGATAT,AAGCTCTAAAT
6658,negative,3003,1.4783995151519775,VT65295|0|MEMB003D|-|2218,1197,no,TATACA,TTACCCAAATC,AAGCTCCTAAT
6659,negative,3003,2.593876838684082,VT65295|0|MEMB003F|-|2339,1297,no,TGTACT,ATAAAGAAATA,AAGCACCTTAT
6660,negative,3003,0.008914276957511902,VT65295|0|MEMB004A|-|1649,1489,no,TATGCT,CTTATTAATAT,GTTGTGGTAAA
6661,negative,3003,2.593876838684082,VT65295|0|MEMB004E|-|2307,1275,no,AATACT,ATACGAAAATA,AAGCGCATAAT
6662,negative,3003,3.1788392066955566,VT65295|0|MEMB005B|+|2303,1257,no,ATCACT,ATAACAAAATG,GCTATGTGCTT
6663,negative,3003,2.593876838684082,VT65295|0|MEMB006A|-|2731,1527,no,TATACT,ATAATAACATA,AAGCTAATTTT
6664,negative,3003,2.0633621215820312,VT65295|0|MEMB006B|-|2950,1205,no,AATACC,ATAACACATTT,AAGTTTATAAT
6665,negative,3003,2.593876838684082,VT65295|0|MEMB006C|+|2238,1293,no,AATACT,ATAGCAAAATA,AAGCACATAAT
6666,negative,3003,0.008914276957511902,VT65295|0|MEMB007B|-|2640,1371,no,TATGAT,CTTATTGATAT,AAGCTCTAAAT
6667,negative,3003,-0.9910857081413268,VT65295|0|MEMB007C|+|2249,1209,no,CAGTAT,TTAAGACGTTA,TGGTAAGCTTA
6668,negative,3003,1.0633620023727417,VT65295|0|MEMB007D|-|2925,1994,no,AGAAAC,AAAACAAAATA,TAAGAAGTAAA
6669,negative,3003,3.1788392066955566,VT65295|0|MEMB008C|-|2328,1291,no,AGCACT,ATAACAAAATA,TGATTTTGGTA
6670,negative,3003,1.4783995151519775,VT65295|0|dkik|-|3985,1199,no,TATACA,TTAACCAAATC,AAGCTCCTAAT
6671,positive,3579,2.0633621215820312,VT65295|0|MEMB002A|+|3572,2607,no,TACCCA,GAGATACCCGG,AAGCATTGTGG
6672,positive,3579,2.0633621215820312,VT65295|0|MEMB002C|-|3210,2268,no,TACCCA,GAGATACCCGG,AAGCATTGTGG
6673,positive,3579,-0.5216004252433777,VT65295|0|MEMB002D|+|2569,1654,no,tcccat,cctcctttgaa,gaaccttataa
6674,positive,3579,2.593876838684082,VT65295|0|MEMB002E|-|2184,1411,no,TACTAT,ATACATAAATA,AAAGGTTATGT
6675,positive,3579,2.0633621215820312,VT65295|0|MEMB003C|+|2464,1523,no,TACCCA,GAGATACCCGG,AAGCATTGTGG
6676,positive,3579,1.5938767194747925,VT65295|0|MEMB003F|-|2339,1546,no,AACTAT,TGGCTCGCCCA,AAAGTGTAATT
6677,positive,3579,1.5938767194747925,VT65295|0|MEMB004E|-|2307,1525,no,AACTAT,TGTGTGGCCCA,AAAGTGTACTG
6678,positive,3579,3.1788392066955566,VT65295|0|MEMB005B|+|2303,1499,no,CACTAT,TCCTAAAGTCT,AAAGAGTACGT
6679,positive,3579,1.5938767194747925,VT65295|0|MEMB006B|-|2950,1657,no,aactag,ccgattacgca,tccctcagatt
6680,positive,3579,2.0633621215820312,VT65295|0|MEMB007B|-|2640,1697,no,TACCCA,GAGATACCCGG,AAGCATTGTGG
6681,positive,3579,1.0633620023727417,VT65295|0|MEMB007C|+|2249,1419,no,AAACAT,ATTCTTTCCCA,AAATTTTACAT
6682,positive,3579,0.008914276957511902,VT65295|0|dkik|-|3985,1740,no,tgatat,cattaaactga,aaatacgacca
6683,positive,4064,1.2857544422149658,VT65295|0|MEMB002A|+|3572,2736,no,CATGTT,GTAGCTAGGAA,GCAGGAACCAA
6684,positive,4064,1.2857544422149658,VT65295|0|MEMB002C|-|3210,2397,no,CATGTT,GTAGCTAGGAA,GCAGGAACCGA
6685,positive,4064,2.0633621215820312,VT65295|0|MEMB002D|+|2569,1744,no,cacatg,cccacttagtg,caagcaaacaa
6686,positive,4064,1.2857544422149658,VT65295|0|MEMB002F|-|2530,1772,no,CATGCT,TATCCATTTGA,TCAACATTCAG
6687,positive,4064,0.7007919549942017,VT65295|0|MEMB003B|-|2439,1539,no,CGAGCT,TTTATAAGTTT,CAAGTGGCcaa
6688,positive,4064,1.2857544422149658,VT65295|0|MEMB003C|+|2464,1652,no,CATGTT,GTAGTTAGGAA,GCAGGAACCAA
6689,positive,4064,2.0633621215820312,VT65295|0|MEMB003F|-|2339,1584,no,CAAACA,AATGATATTTT,CAAGTCACCAA
6690,positive,4064,3.2857544422149663,VT65295|0|MEMB005B|+|2303,1541,no,CAAGCT,AATGATATTTT,CAAACCACCAA
6691,positive,4064,3.2857544422149663,VT65295|0|MEMB005D|-|2647,1734,no,CAAGCT,AATAATATTTT,TAAGTTGCCAG
6692,positive,4064,3.2857544422149663,VT65295|0|MEMB006A|-|2731,1837,no,CAAGCT,AATAATATTTT,CAAGTTGCCAG
6693,positive,4064,-0.5216004252433777,VT65295|0|MEMB006B|-|2950,1909,no,tatatc,aatcggacgac,ctataccttcc
6694,positive,4064,3.2857544422149663,VT65295|0|MEMB006C|+|2238,1494,no,CAAGCC,ACATACGTATG,TAGAAAtcact
6695,positive,4064,1.2857544422149658,VT65295|0|MEMB007B|-|2640,1806,no,CATGTT,GTAGCTAGGAA,GCAGGAACCGA
6696,positive,4064,1.2857544422149658,VT65295|0|MEMB008C|-|2328,1554,no,CAGGCT,AGTGATATTTT,TAAGCCACCAA
6697,positive,4064,-1.8841705322265625,VT65295|0|dkik|-|3985,2198,no,tctgcg,taacatatttt,ttgaccatccc
6698,negative,5477,0.7007919549942017,VT65295|0|MEMB002A|+|3572,3193,no,AACTCG,CTGCTCGGGAC,CGACTTTGGCT
6699,negative,5477,0.7007919549942017,VT65295|0|MEMB002C|-|3210,2831,no,AACTCG,CTGCTCGGGAC,CGACTTTGGCT
6700,negative,5477,0.7007919549942017,VT65295|0|MEMB002D|+|2569,2200,no,AACTCG,CTGCTCGGGAC,CGCCTTTGGAT
6701,negative,5477,0.7007919549942017,VT65295|0|MEMB002E|-|2184,1808,no,AACTCG,CTGCTCGGGAC,CGTCTTTGGAT
6702,negative,5477,0.7007919549942017,VT65295|0|MEMB002F|-|2530,2144,no,AACTCG,CTGCTCGGGCC,AGACTTTGGCT
6703,negative,5477,0.7007919549942017,VT65295|0|MEMB003A|-|2218,1844,no,AACTCG,CTGCTCGGGAC,CGCCTCTGGCT
6704,negative,5477,0.7007919549942017,VT65295|0|MEMB003B|-|2439,2075,no,AACTCG,ATGCTCGGGAC,CGCCTTTGGTT
6705,negative,5477,0.7007919549942017,VT65295|0|MEMB003C|+|2464,2085,no,AACTCG,GTGCTCGGGAC,CGACTTTGGCT
6706,negative,5477,0.7007919549942017,VT65295|0|MEMB003D|-|2218,1844,no,AACTCG,CTGCTCGGGAC,CGCCTCTGGCT
6707,negative,5477,0.7007919549942017,VT65295|0|MEMB003F|-|2339,1969,no,AACTCG,TTGCTCGGGAC,CGACTTTGGAT
6708,negative,5477,0.7007919549942017,VT65295|0|MEMB004B|+|2160,1789,no,AACTCG,TTGCTCGGGAC,CGACTTTGGAT
6709,negative,5477,0.7007919549942017,VT65295|0|MEMB004E|-|2307,1933,no,AACTCG,TTGCTCGGGAC,CGACTTTGGAT
6710,negative,5477,3.2857544422149663,VT65295|0|MEMB005B|+|2303,1932,no,AACACG,TTGTTCGGGAC,CGACTTTGGAT
6711,negative,5477,0.7007919549942017,VT65295|0|MEMB005D|-|2647,2277,no,AACTCG,CTGTTCGGGAC,CGCCTTTGGAT
6712,negative,5477,0.7007919549942017,VT65295|0|MEMB006A|-|2731,2361,no,AACTCG,CTGTTCGGGAC,CGCCTTTGGAT
6713,negative,5477,0.7007919549942017,VT65295|0|MEMB006B|-|2950,2589,no,AACTCG,CTGCTCGGGAC,CGCCTTTGGAT
6714,negative,5477,0.7007919549942017,VT65295|0|MEMB006C|+|2238,1865,no,AACTCG,TTGCTCGGGAC,CGACTTTGGAT
6715,negative,5477,0.7007919549942017,VT65295|0|MEMB007B|-|2640,2261,no,AACTCG,CTGCTCGGGAC,CGACTTTGGCT
6716,negative,5477,0.7007919549942017,VT65295|0|MEMB007C|+|2249,1886,no,AACTCG,TTGCTCGGGAC,CGCCTTTGGTT
6717,negative,5477,0.7007919549942017,VT65295|0|MEMB007D|-|2925,2554,no,AACTCG,TTGCTCGGGCA,CGACTTTGGCT
6718,negative,5477,0.7007919549942017,VT65295|0|MEMB008C|-|2328,1955,no,AACTCG,TTGCTCGGGAC,CGACTCTGGAT
6719,negative,5477,0.7007919549942017,VT65295|0|dkik|-|3985,3611,no,AACTCG,CTGCTCGGGAC,CGCCTCTGGCT
6720,negative,5837,0.008914276957511902,VT65295|0|MEMB002A|+|3572,3535,no,ATTTCT,TCGTCTTAAAA,ACATTAGCGTT
6721,negative,5837,0.008914276957511902,VT65295|0|MEMB002C|-|3210,3173,no,ATTTCT,TCGTCTTAAAA,ACATTAGCTTC
6722,negative,5837,-1.991085767745972,VT65295|0|MEMB002D|+|2569,2530,no,CCTTGT,TGACCTTCACC,ACATAGGCGTT
6723,negative,5837,0.008914276957511902,VT65295|0|MEMB002E|-|2184,2138,no,TTTTAT,TGACCTTCACC,ACATAAGCGTT
6724,negative,5837,0.008914276957511902,VT65295|0|MEMB002F|-|2530,2493,no,CCTTCT,ACGTTTTGACA,ACTTTAGCGTT
6725,negative,5837,-1.991085767745972,VT65295|0|MEMB003A|-|2218,2179,no,CTTTGT,TGACCTTCACA,ACATAAGCGAT
6726,negative,5837,-1.991085767745972,VT65295|0|MEMB003B|-|2439,2394,no,TCTTGT,TGACCTCCATA,ACATAAGCGCT
6727,negative,5837,0.008914276957511902,VT65295|0|MEMB003C|+|2464,2427,no,CTTTCT,TCGTCCTAAGA,ACATTAGCGTT
6728,negative,5837,-1.991085767745972,VT65295|0|MEMB003D|-|2218,2179,no,CTTTGT,TGACCTTCACA,ACATAAGCGAT
6729,negative,5837,0.6483245491981506,VT65295|0|MEMB003F|-|2339,2301,no,TCCAGC,TGACCTTCACA,ACTTGAACGTT
6730,negative,5837,2.0633621215820312,VT65295|0|MEMB004B|+|2160,2121,no,CCCAAA,TGACCTTCACA,ACATAAGCGTT
6731,negative,5837,1.1788393259048462,VT65295|0|MEMB004E|-|2307,2268,no,CCCAGT,TAACCTTCACG,ATATAAGCGTT
6732,negative,5837,3.1788392066955566,VT65295|0|MEMB005B|+|2303,2264,yes,CCCAAT,TGACCTTCACT,ACATAAGCGTT
6733,negative,5837,-1.991085767745972,VT65295|0|MEMB005D|-|2647,2609,no,ATTTGT,TGATCTTCACT,ACATTAGTGTT
6734,negative,5837,-1.991085767745972,VT65295|0|MEMB006A|-|2731,2693,no,CTTTGT,TGATCTTCACT,ACATTGGTGTT
6735,negative,5837,0.008914276957511902,VT65295|0|MEMB006B|-|2950,2911,no,CTTTAT,TGACCTCCATA,GCATAAGCGTT
6736,negative,5837,1.1788393259048462,VT65295|0|MEMB006C|+|2238,2199,no,CCCAGT,TGACCTTCACA,ACATAAGCGTT
6737,negative,5837,0.008914276957511902,VT65295|0|MEMB007B|-|2640,2603,no,CTTTCT,TCGTCTTAAAA,ATATCAGCGTT
6738,negative,5837,-1.991085767745972,VT65295|0|MEMB007C|+|2249,2208,no,TTTTGT,TGACCTCCATG,ACACAAACGTT
6739,negative,5837,-1.991085767745972,VT65295|0|MEMB007D|-|2925,2885,no,TTTTGT,TTACACTCGAT,GCATGAGCGGT
6740,negative,5837,1.5938767194747925,VT65295|0|MEMB008C|-|2328,2289,no,CCAAAT,TGACCTTCACA,ACATAAGCATT
6741,negative,5837,-1.991085767745972,VT65295|0|dkik|-|3985,3946,no,CTTTGT,TGACCTTCACA,ACATAAGCGAT
6742,positive,83,0.5938767790794373,VT65295|0|MEMB002A|+|3572,83,no,CGATGT,CTTCCGACTGT,ACGGATCCAGC
6743,positive,83,0.5938767790794373,VT65295|0|MEMB002B|-|1683,83,no,CGATGT,CTTCCGACTAT,ACGGATCCAGC
6744,positive,83,0.5938767790794373,VT65295|0|MEMB002C|-|3210,83,no,CGATGT,CTTCCGACTCT,ACGGATCCAGC
6745,positive,83,0.5938767790794373,VT65295|0|MEMB002D|+|2569,83,no,CGATGA,ACGCCTACTCT,GTGGATCGAGC
6746,positive,83,0.5938767790794373,VT65295|0|MEMB002E|-|2184,83,no,CGATGA,ATTCCGACTCT,GAGGATCGAGT
6747,positive,83,0.5938767790794373,VT65295|0|MEMB002F|-|2530,83,no,CGATGT,TTTCCGACTAT,ACGGATCCAGC
6748,positive,83,0.5938767790794373,VT65295|0|MEMB003A|-|2218,83,no,CGATGA,ACTCCGACTCT,GGGGATCAAGC
6749,positive,83,0.5938767790794373,VT65295|0|MEMB003B|-|2439,83,no,CGATGA,AGTTCGACTCT,GCGGATCGAGG
6750,positive,83,0.5938767790794373,VT65295|0|MEMB003D|-|2218,83,no,CGATGA,ACTCCGTCTCT,GGGGATCAAGC
6751,positive,83,0.5938767790794373,VT65295|0|MEMB003F|-|2339,83,no,CGATTA,ATTCCGACTCC,GCGGGTCTAGC
6752,positive,83,0.5938767790794373,VT65295|0|MEMB004A|-|1649,83,no,CGATGT,CTTCCGACTAT,ACGGATCCAGC
6753,positive,83,0.5938767790794373,VT65295|0|MEMB004B|+|2160,83,no,CGATTA,ATTCCTACTTT,GCGGGTCGAGC
6754,positive,83,0.06336206197738647,VT65295|0|MEMB004E|-|2307,83,no,CGACAA,ACTTCGACTCT,GTGGATCGAGC
6755,positive,83,0.5938767790794373,VT65295|0|MEMB005B|+|2303,83,no,CGATTA,ACCCCTACTTT,GTGGGTCGAGT
6756,positive,83,3.1788392066955566,VT65295|0|MEMB005D|-|2647,83,no,CAATGA,CTTCCGACTAT,GCGGATCGAGC
6757,positive,83,3.1788392066955566,VT65295|0|MEMB006A|-|2731,83,no,CAATCA,CTTTCGACTCT,GCGGATCGAGC
6758,positive,83,3.1788392066955566,VT65295|0|MEMB006B|-|2950,83,no,CAATGA,ACTTCGACTCT,GTGGATCGAGC
6759,positive,83,0.5938767790794373,VT65295|0|MEMB006C|+|2238,83,no,CGATAA,ACTCCGATTTT,GCGGGTCGAGC
6760,positive,83,0.5938767790794373,VT65295|0|MEMB007B|-|2640,83,no,CGATGT,CTTCCGACTGT,ACGGATCCAGC
6761,positive,83,0.5938767790794373,VT65295|0|MEMB007C|+|2249,83,no,CGATGA,ACTTCGACTCT,GCGGATCGAGG
6762,positive,83,0.5938767790794373,VT65295|0|MEMB007D|-|2925,83,no,CGATTA,GTTCCGACCCT,GCGGATCGAGC
6763,positive,83,0.5938767790794373,VT65295|0|MEMB008C|-|2328,83,no,CGATTA,TTTCCTACTCT,GCGGGTCGAGA
6764,positive,83,0.5938767790794373,VT65295|0|dkik|-|3985,83,no,CGATGA,ACTCCGACTCT,GGGGATCAAGC
6765,positive,1338,-1.1065629720687866,VT65295|0|MEMB002A|+|3572,1231,no,ttcacc,ttacaaacaaa,ttactttttgc
6766,positive,1338,-2.991085767745972,VT65295|0|MEMB002C|-|3210,928,no,GGGTAT,CTATGGGTACC,AACTACTTTTT
6767,positive,1338,0.5938767790794373,VT65295|0|MEMB002F|-|2530,464,no,CTATCA,GAAATATTAAG,ACCATTATTTA
6768,positive,1338,1.1788393259048462,VT65295|0|MEMB004A|-|1649,485,no,CATTTC,GAAGTGTTAGC,AACTATTATTT
6769,positive,1338,-3.106562852859497,VT65295|0|MEMB005B|+|2303,316,no,TGTACG,TGAGAAATATT,AGAAATTATGT
6770,positive,1338,3.1788392066955566,VT65295|0|MEMB005D|-|2647,314,no,CAATCA,CAAATAGGAAA,CAATATGCTTG
6771,positive,1338,3.1788392066955566,VT65295|0|MEMB006A|-|2731,314,no,CAATCA,CAAATAGGAGA,CAATATGCTTT
6772,positive,1338,-0.5216004252433777,VT65295|0|MEMB007D|-|2925,651,no,tatata,aatatattaaa,tacatacatat
6773,negative,1398,1.5938767194747925,VT65295|0|MEMB002A|+|3572,1291,no,TTAAAT,AGTAGTTTATA,ATTATTAGCTC
6774,negative,1398,1.0633620023727417,VT65295|0|MEMB002B|-|1683,480,no,AAGAAC,GAATATACCTA,TTTAGAGGTCT
6775,negative,1398,0.4783995747566223,VT65295|0|MEMB002C|-|3210,941,no,TTAAAA,AGTAGTTATAC,ATTAAGAGCTC
6776,negative,1398,-0.4061232209205627,VT65295|0|MEMB002D|+|2569,325,no,ATAATT,GATATTGCAAC,TATTTATTTAA
6777,negative,1398,-2.1065628528594966,VT65295|0|MEMB002E|-|2184,313,no,GTACAA,ACTGTTGCAAT,AATAAGTGACT
6778,negative,1398,1.5938767194747925,VT65295|0|MEMB002F|-|2530,476,no,TTAAAT,AATGGTTGATA,AATAAGAGCTT
6779,negative,1398,-2.991085767745972,VT65295|0|MEMB003A|-|2218,291,no,GTGTGT,GAGACCTAATT,AGGGATGCTTT
6780,negative,1398,1.5938767194747925,VT65295|0|MEMB003C|+|2464,218,no,TTAAAT,AGTAGTTATAC,ATTAAGAGCTC
6781,negative,1398,-2.991085767745972,VT65295|0|MEMB003D|-|2218,291,no,GTGTGT,GAGTCCTAATT,AGGGATGCTTT
6782,negative,1398,1.5938767194747925,VT65295|0|MEMB003F|-|2339,321,no,GTAAAT,AATAATGCAAT,AAGAAGGGCTC
6783,negative,1398,1.5938767194747925,VT65295|0|MEMB004A|-|1649,498,no,GTAAAT,AATAGTTGAAA,ATTAGAAGCTT
6784,negative,1398,1.5938767194747925,VT65295|0|MEMB004B|+|2160,295,no,CTAAAT,AATATTGTAAT,AATAAGTGCTC
6785,negative,1398,-0.9910857081413268,VT65295|0|MEMB004E|-|2307,321,no,GTGTAT,ATTATTGCATT,AATTAGGGCCC
6786,negative,1398,-0.9910857081413268,VT65295|0|MEMB005B|+|2303,329,no,ATACAT,AATTTCTCGTA,CGTAGGGGCTC
6787,negative,1398,3.2857544422149663,VT65295|0|MEMB005D|-|2647,327,no,TCCAAG,CATATTGTGAT,TAGGTAGGAAC
6788,negative,1398,1.7007919549942017,VT65295|0|MEMB006A|-|2731,327,no,CTAAAG,CATATTGTGAT,ATATTAGAACT
6789,negative,1398,-2.1065628528594966,VT65295|0|MEMB006B|-|2950,331,no,GTAGAA,AGTATTGCAAT,TATTAAATATT
6790,negative,1398,1.5938767194747925,VT65295|0|MEMB007B|-|2640,388,no,CTAAAT,AGTAGTTTATA,ATTAAGAGCTC
6791,negative,1398,-0.9910857081413268,VT65295|0|MEMB007D|-|2925,664,no,ATATAT,GTATGTATATA,AGTCATTCATT
6792,negative,1398,2.593876838684082,VT65295|0|MEMB008C|-|2328,321,no,GTTAAT,AACATTGCAAT,AATAAGGGCTC
6793,negative,1398,-2.991085767745972,VT65295|0|dkik|-|3985,291,no,GTGTGT,GAGACCTAATT,AGGGATGCTTT
6794,positive,1605,2.648324489593506,VT65295|0|MEMB002A|+|3572,1460,no,CACCTC,AGCAGAACGTA,GCCCTCGTATA
6795,positive,1605,2.648324489593506,VT65295|0|MEMB002B|-|1683,656,no,CACCTC,AGAAGAACGTA,GCCCTGGTATA
6796,positive,1605,2.648324489593506,VT65295|0|MEMB002C|-|3210,1106,no,CACCTC,AGCAGAACGTA,GCCCTCGTATA
6797,positive,1605,2.648324489593506,VT65295|0|MEMB002D|+|2569,483,no,CACCTC,AGAATCACGTA,ACCCTGGTATA
6798,positive,1605,2.648324489593506,VT65295|0|MEMB002E|-|2184,481,no,CACCTC,AGAATCACGTA,ACCCTGGTATA
6799,positive,1605,2.648324489593506,VT65295|0|MEMB002F|-|2530,653,no,CACCTC,AGAAGAACGTA,GCCCTGGTATA
6800,positive,1605,2.648324489593506,VT65295|0|MEMB003A|-|2218,432,no,CACCTC,AGAATCACGTA,GCCCTGGTATA
6801,positive,1605,2.0633621215820312,VT65295|0|MEMB003B|-|2439,478,no,TACCTC,AGAATCACGTA,GCCCTGGTATA
6802,positive,1605,2.648324489593506,VT65295|0|MEMB003C|+|2464,383,no,CACCTC,AGCAGAACGTA,GCCCTCGTATA
6803,positive,1605,2.648324489593506,VT65295|0|MEMB003D|-|2218,432,no,CACCTC,AGAATCACGTA,GCCCTGGTATA
6804,positive,1605,2.648324489593506,VT65295|0|MEMB003F|-|2339,485,no,CACCTC,AGAACCACGTA,GCCCTGGTATA
6805,positive,1605,2.648324489593506,VT65295|0|MEMB004A|-|1649,651,no,CACCTC,AGAAGAACGTA,GCCCTGGTATA
6806,positive,1605,2.648324489593506,VT65295|0|MEMB004B|+|2160,452,no,CACCTC,AGAATCACGAA,GCCCTGGTATA
6807,positive,1605,2.648324489593506,VT65295|0|MEMB004E|-|2307,486,no,CACCTC,AGAACCACGAA,GCCCTGGTATA
6808,positive,1605,2.648324489593506,VT65295|0|MEMB005B|+|2303,467,no,CACCTC,AGAATCACAAA,GCCCTGGTATA
6809,positive,1605,3.1788392066955566,VT65295|0|MEMB005D|-|2647,463,no,CACTTC,AGAACCACGTA,GCCCTGGTAGA
6810,positive,1605,2.648324489593506,VT65295|0|MEMB006A|-|2731,486,no,CACCTC,AGAATCACGTA,GCCCTGGTAGA
6811,positive,1605,2.648324489593506,VT65295|0|MEMB006B|-|2950,496,no,CACCTC,AGAATCACATA,GCCCTGGTATA
6812,positive,1605,2.648324489593506,VT65295|0|MEMB006C|+|2238,475,no,CACCTC,AGAATCACGTA,GCCCTGGTATA
6813,positive,1605,2.648324489593506,VT65295|0|MEMB007B|-|2640,553,no,CACCTC,AGCAGAACGTA,GCCCTGGTATA
6814,positive,1605,0.06336206197738647,VT65295|0|MEMB007C|+|2249,444,no,TATCTC,AGAATCACGTA,GCCCTGGTATA
6815,positive,1605,2.648324489593506,VT65295|0|MEMB007D|-|2925,839,no,CACCTC,AGAAGAACGTA,GCCCTGATATA
6816,positive,1605,2.648324489593506,VT65295|0|MEMB008C|-|2328,487,no,CACCTC,AGAACCACGAA,ACCCTGGTATA
6817,positive,1605,2.648324489593506,VT65295|0|dkik|-|3985,432,no,CACCTC,AGAATCACATA,GCCCTGGTATA
6818,negative,2025,0.6483245491981506,VT65295|0|MEMB002A|+|3572,1880,no,GACATC,CACAAGTACTA,AACGTTACTGG
6819,negative,2025,0.6483245491981506,VT65295|0|MEMB002B|-|1683,1076,no,GACATC,CACAAGTACTA,AACGTTACTGG
6820,negative,2025,0.6483245491981506,VT65295|0|MEMB002C|-|3210,1526,no,GACATC,CACAAGTACTA,AACGTTACTGG
6821,negative,2025,2.648324489593506,VT65295|0|MEMB002D|+|2569,903,no,GACACC,CACAAGTACTA,AGCTTTACTGG
6822,negative,2025,2.648324489593506,VT65295|0|MEMB002E|-|2184,901,no,GACACC,CACAAATACTA,AGCGCTACTGG
6823,negative,2025,0.6483245491981506,VT65295|0|MEMB002F|-|2530,1073,no,GACATC,CACAAGTACTA,AACGTTACTGG
6824,negative,2025,0.6483245491981506,VT65295|0|MEMB003A|-|2218,852,no,GACATC,CACAAGTACCA,AACGTTACTGG
6825,negative,2025,2.648324489593506,VT65295|0|MEMB003B|-|2439,898,no,GACAAC,CACAATTACTT,ATCGTTATTGG
6826,negative,2025,0.6483245491981506,VT65295|0|MEMB003C|+|2464,803,no,GACATC,CACAAGTACTA,AACGTTACTGG
6827,negative,2025,0.6483245491981506,VT65295|0|MEMB003D|-|2218,852,no,GACATC,CACAAGTACCA,AACGTTACTGG
6828,negative,2025,2.648324489593506,VT65295|0|MEMB003F|-|2339,905,no,GACACC,CACAAGTACTA,AACGCTACTGG
6829,negative,2025,0.6483245491981506,VT65295|0|MEMB004A|-|1649,1071,no,GACATC,CACAAGTACTA,AACGTTACTGG
6830,negative,2025,2.648324489593506,VT65295|0|MEMB004B|+|2160,872,no,GACACC,CACAAGTACTA,AACGCTACTGG
6831,negative,2025,2.648324489593506,VT65295|0|MEMB004E|-|2307,903,no,GACACC,CACCAGTACTA,AACGCTACTGG
6832,negative,2025,2.648324489593506,VT65295|0|MEMB005B|+|2303,887,no,GACACC,CACAAGTACTA,AACGCTACTGG
6833,negative,2025,3.2857544422149663,VT65295|0|MEMB005D|-|2647,883,no,GACACG,CACAAGTACTA,AACGTTACTGG
6834,negative,2025,2.648324489593506,VT65295|0|MEMB006A|-|2731,906,no,GACAAC,CACAAGTACCA,AACGTTACTGG
6835,negative,2025,2.648324489593506,VT65295|0|MEMB006B|-|2950,916,no,ACCACC,CGCAATTACTT,AACGTTACTGG
6836,negative,2025,2.648324489593506,VT65295|0|MEMB006C|+|2238,895,no,GACACC,CACAAGTACTA,AACGCTACTGG
6837,negative,2025,0.6483245491981506,VT65295|0|MEMB007B|-|2640,973,no,GACATC,CACAAGTACTA,AACGTTACTGG
6838,negative,2025,-0.9366379380226136,VT65295|0|MEMB007C|+|2249,864,no,GAGAGC,CACAATTACTT,AACGTTACTGG
6839,negative,2025,0.6483245491981506,VT65295|0|MEMB007D|-|2925,1259,no,GACATC,CACAAGTACTA,AACGTTTCTGG
6840,negative,2025,2.648324489593506,VT65295|0|MEMB008C|-|2328,907,no,GACACC,CACAAGTACCA,AACGCTACTGG
6841,negative,2025,0.6483245491981506,VT65295|0|dkik|-|3985,852,no,GACATC,CACAAGTACCA,AACGTTACTGG
6842,positive,2192,-0.5216004252433777,VT65295|0|MEMB002A|+|3572,2047,no,CTAACA,AATAAAGGCCG,TATAGCCGGAT
6843,positive,2192,0.06336206197738647,VT65295|0|MEMB002B|-|1683,1243,no,CTACCA,GGCAAAAGCCA,TTAAGCCGGAT
6844,positive,2192,0.06336206197738647,VT65295|0|MEMB002C|-|3210,1693,no,CTACCA,AATAAAGGCAG,TATAGCCGGAT
6845,positive,2192,1.5938767194747925,VT65295|0|MEMB002D|+|2569,1070,no,GAATAG,GATGAAGGCCA,CTAAGCCGGAT
6846,positive,2192,1.5938767194747925,VT65295|0|MEMB002E|-|2184,1068,no,GAATAG,GACGAAGGCCA,CGAAGCCGGAT
6847,positive,2192,0.06336206197738647,VT65295|0|MEMB002F|-|2530,1240,no,CTACTG,GACAAAGGCCA,TTAAACCGGGT
6848,positive,2192,-0.9910857081413268,VT65295|0|MEMB003A|-|2218,1019,no,GTATCG,GACGAAGGCCA,ATAAGCCGGAT
6849,positive,2192,1.0633620023727417,VT65295|0|MEMB003B|-|2439,1065,no,GAACCG,GATGAAGGCCA,TTATGCCGGAT
6850,positive,2192,0.06336206197738647,VT65295|0|MEMB003C|+|2464,970,no,CTACCA,AATAAAGGCCG,TATAGCCGGAT
6851,positive,2192,-0.9910857081413268,VT65295|0|MEMB003D|-|2218,1019,no,GTATCG,GACGAAGGCCA,ATAAACCGGAT
6852,positive,2192,1.5938767194747925,VT65295|0|MEMB003F|-|2339,1072,no,GAATAG,GATGAAGGCCA,CTAAGCCGGAT
6853,positive,2192,0.06336206197738647,VT65295|0|MEMB004A|-|1649,1238,no,CTACCA,GACAAAGGCCA,TTAAGCCGGAT
6854,positive,2192,1.5938767194747925,VT65295|0|MEMB004B|+|2160,1039,no,GAATCG,TATGAAGGCCA,TTAAGCCGGAT
6855,positive,2192,1.5938767194747925,VT65295|0|MEMB004E|-|2307,1070,no,GAATCG,GATGAAGGCCA,CTAGGCCGGAT
6856,positive,2192,1.5938767194747925,VT65295|0|MEMB005B|+|2303,1054,no,GAATCG,GATGAAGGCCA,TTAACCCGGAT
6857,positive,2192,3.1788392066955566,VT65295|0|MEMB005D|-|2647,1050,no,CAATGG,GATGAAGGCCC,CTAAGCCGGAT
6858,positive,2192,3.1788392066955566,VT65295|0|MEMB006A|-|2731,1073,no,CAATCG,GATGAAGGCTC,CTAAGCCGGAT
6859,positive,2192,1.5938767194747925,VT65295|0|MEMB006B|-|2950,1083,no,GAATCG,GATGAAGGCCA,CTAAGCCGGAT
6860,positive,2192,3.1788392066955566,VT65295|0|MEMB006C|+|2238,1062,no,CAATCG,GATGAAGGCCC,CTAAGCCGGAT
6861,positive,2192,0.06336206197738647,VT65295|0|MEMB007B|-|2640,1140,no,CTACCA,GATAAAGGCCG,TATAGCCGGAT
6862,positive,2192,1.0633620023727417,VT65295|0|MEMB007C|+|2249,1031,no,GAACCG,GATGAAAGCTA,TTAGGCTGAAT
6863,positive,2192,-0.9910857081413268,VT65295|0|MEMB007D|-|2925,1426,no,GTATCA,GATGAAGCTCA,CCACGCCGGAT
6864,positive,2192,-0.9910857081413268,VT65295|0|MEMB008C|-|2328,1074,no,ATATCG,GATGAATGCCA,TTAAGCCGGAT
6865,positive,2192,-0.9910857081413268,VT65295|0|dkik|-|3985,1019,no,GTATCG,GACGAAGGCCA,CTAAGCCGGAT
6866,negative,2327,3.1788392066955566,VT65295|0|MEMB005D|-|2647,1151,no,CCCACT,CCTATGTATAG,TTTACTCGACT
6867,negative,2327,2.593876838684082,VT65295|0|MEMB006A|-|2731,1190,no,CCTACT,CCTAGAACGAC,TTTATTCGACT
6868,negative,2442,3.2857544422149663,VT65295|0|MEMB005D|-|2647,1237,no,TGCAAG,TATAGGTTTTT,CACCAAGTTAC
6869,negative,2442,3.2857544422149663,VT65295|0|MEMB006A|-|2731,1305,no,TACAAG,TATAGGTTTTT,CACCAAGTTAC
6870,negative,2452,3.2857544422149663,VT65295|0|MEMB005D|-|2647,1247,no,ACCAAG,TTACTGCAAGT,TATAGATTAAC
6871,negative,2452,3.2857544422149663,VT65295|0|MEMB006A|-|2731,1315,no,ACCAAG,TTACTACAAGT,AACAAATTAAC
6872,positive,2475,3.1788392066955566,VT65295|0|MEMB005D|-|2647,1270,no,CAATAA,CTATAGCATAC,AATAATAAAAT
6873,positive,2475,0.5938767790794373,VT65295|0|MEMB006A|-|2731,1334,no,CTATAC,TAATTTGTTAT,CATACCAAGTT
6874,positive,2495,3.2857544422149663,VT65295|0|MEMB005D|-|2647,1290,no,CAAGTT,AATAAAATACC,GAGTATATCTC
6875,positive,2495,3.2857544422149663,VT65295|0|MEMB006A|-|2731,1345,no,CAAGTT,CTATACCATAC,GAGTATATCTC
6876,positive,2554,0.008914276957511902,VT65295|0|MEMB002A|+|3572,2177,no,TTATAA,ATCCTTAAACC,ATATATTCAAA
6877,positive,2554,0.008914276957511902,VT65295|0|MEMB002B|-|1683,1359,no,TGATAT,CTCCTTAAGCC,ATACATTGGGT
6878,positive,2554,0.008914276957511902,VT65295|0|MEMB002C|-|3210,1823,no,TTATAA,ATCCTTCAACC,ATATATTCAAA
6879,positive,2554,1.4783995151519775,VT65295|0|MEMB002D|+|2569,1191,no,TAAATC,TATAATATAAC,AATTGTACAAG
6880,positive,2554,0.008914276957511902,VT65295|0|MEMB003C|+|2464,1100,no,TTATAA,ATCCTTAAACC,ATATATTCAAA
6881,positive,2554,2.0633621215820312,VT65295|0|MEMB003F|-|2339,1164,no,TAACAT,GTTATAAAGCC,ATTCGTAATGA
6882,positive,2554,0.008914276957511902,VT65295|0|MEMB004A|-|1649,1353,no,TGATAT,CTCCTTAAGTC,ATACATTGGGT
6883,positive,2554,2.7007920742034908,VT65295|0|MEMB004B|+|2160,1131,no,TAAGAA,ATTCTTAAACC,CTACATATAAG
6884,positive,2554,1.4783995151519775,VT65295|0|MEMB004E|-|2307,1166,no,TAAAAA,ATTCTTAAGCC,CTATATATTAG
6885,positive,2554,2.593876838684082,VT65295|0|MEMB005B|+|2303,1146,no,TAATAA,ATTCTGAAGCC,CTACAAATAAG
6886,positive,2554,3.1788392066955566,VT65295|0|MEMB005D|-|2647,1342,no,CAATTT,AGTAGCCAAAC,TAACAGTTTTA
6887,positive,2554,3.1788392066955566,VT65295|0|MEMB006A|-|2731,1404,no,CAATTG,TGTTACCAAAC,TAACAATTGGA
6888,positive,2554,2.593876838684082,VT65295|0|MEMB006C|+|2238,1154,no,TAATAA,ATTCTGAAGCC,CTAACTATGGT
6889,positive,2554,0.4783995747566223,VT65295|0|MEMB007D|-|2925,1569,no,AAAATA,TTTGCAGTTAC,CGACAACTTAC
6890,positive,2554,2.593876838684082,VT65295|0|MEMB008C|-|2328,1166,no,TAATAA,ATTCTTAAGCC,CTACTTTATAG
6891,positive,2576,-0.29920801520347595,VT65295|0|MEMB004E|-|2307,1188,no,AATGGG,TATTAGCAATG,AGTCGGAACAA
6892,positive,2576,3.1788392066955566,VT65295|0|MEMB005D|-|2647,1364,no,CACTTA,GTTTTACGAGA,GTACTGAAGAA
6893,negative,2595,1.5938767194747925,VT65295|0|MEMB002A|+|3572,2194,no,CAAACT,TTTGAATATAT,ATTTAATGACC
6894,negative,2595,1.5938767194747925,VT65295|0|MEMB002C|-|3210,1840,no,CAAACT,TTTGAATATAT,ATTTAATGACC
6895,negative,2595,0.4783995747566223,VT65295|0|MEMB002D|+|2569,1208,no,GTAAAA,CTTGTACAATT,GTAAAATTATT
6896,negative,2595,1.0633620023727417,VT65295|0|MEMB003B|-|2439,1144,no,CCGACC,GCTAATCAGTA,TTACAATTGTT
6897,negative,2595,1.5938767194747925,VT65295|0|MEMB003C|+|2464,1117,no,CAAACT,TTTGAATATAT,AATTAATGACC
6898,negative,2595,-0.4061232209205627,VT65295|0|MEMB003F|-|2339,1186,no,TCGATT,CCTAATCATTA,TTACAATTGTT
6899,negative,2595,1.5938767194747925,VT65295|0|MEMB004B|+|2160,1159,no,CCGACT,CCCAATCAGAA,TTACATTTGTT
6900,negative,2595,1.5938767194747925,VT65295|0|MEMB004E|-|2307,1194,no,CCGACT,CCCATTCATTG,TTACAATTGTT
6901,negative,2595,1.5938767194747925,VT65295|0|MEMB005B|+|2303,1174,no,CCGACT,CCCAATGAGTA,TTACATTTGTT
6902,negative,2595,3.1788392066955566,VT65295|0|MEMB005D|-|2647,1383,no,CCCACT,CCTTCTTCAGT,TTATAATTGTT
6903,negative,2595,1.5938767194747925,VT65295|0|MEMB006C|+|2238,1186,no,CCGACT,CCCAATCGGAA,TTACATTTGTT
6904,negative,2595,1.5938767194747925,VT65295|0|MEMB007B|-|2640,1268,no,CAAACT,TTTGTACATAT,TATTAATGACA
6905,negative,2595,-0.29920801520347595,VT65295|0|MEMB007C|+|2249,1110,no,CCGATG,CCTAATCAATA,TTACCATTGTT
6906,negative,2595,-0.4061232209205627,VT65295|0|MEMB007D|-|2925,1586,no,ACGATT,GTAAGTTGTCG,AAAAGCAACCA
6907,negative,2595,1.5938767194747925,VT65295|0|MEMB008C|-|2328,1195,no,CCGACT,CCCAATCAGTA,ACACATTTGTT
6908,negative,3166,-0.29920801520347595,VT65295|0|MEMB002A|+|3572,2424,no,TGGAGG,ATGGTGTCATG,GGCTTCCCAGG
6909,negative,3166,-0.29920801520347595,VT65295|0|MEMB002B|-|1683,1636,no,TGGAGG,ATGGTGTCATG,GGCTTCCCAGG
6910,negative,3166,-0.29920801520347595,VT65295|0|MEMB002C|-|3210,2081,no,TGGAGG,ATGGTGTCATG,GGCTTCCCAGG
6911,negative,3166,1.2857544422149658,VT65295|0|MEMB002D|+|2569,1463,no,TTCAGG,ATGGTGTCATG,GGCGTCTCAGG
6912,negative,3166,1.2857544422149658,VT65295|0|MEMB002E|-|2184,1323,no,TTCAGG,ATGGTGTCATG,GGCGTCCCAGG
6913,negative,3166,-0.29920801520347595,VT65295|0|MEMB002F|-|2530,1547,no,TGGAGG,ATGGTGTCATG,GGCTTCCCAAG
6914,negative,3166,1.2857544422149658,VT65295|0|MEMB003A|-|2218,1338,no,TTCAGG,ATGGTGTCATG,GGCGTCCCAGG
6915,negative,3166,1.2857544422149658,VT65295|0|MEMB003B|-|2439,1375,no,TTCAGG,ATGGGGTCATG,GGCGTCACAGG
6916,negative,3166,-0.29920801520347595,VT65295|0|MEMB003C|+|2464,1358,no,TGGAGG,ATGGTGTCATG,GGCTTCCCAGG
6917,negative,3166,1.2857544422149658,VT65295|0|MEMB003D|-|2218,1338,no,TTCAGG,ATGGTGTCATG,GGCGTCCCAGG
6918,negative,3166,1.2857544422149658,VT65295|0|MEMB003F|-|2339,1438,no,TTCAGG,ATGGTGTCATG,GGCGTCCCAGG
6919,negative,3166,-0.29920801520347595,VT65295|0|MEMB004A|-|1649,1622,no,TGGAGG,ATGGTGTCATG,GGCTTCCCAGG
6920,negative,3166,1.2857544422149658,VT65295|0|MEMB004B|+|2160,1372,no,TTCAGG,ATGGTGTCATG,GGCCTCCCAGG
6921,negative,3166,1.2857544422149658,VT65295|0|MEMB004E|-|2307,1416,no,TTCAGG,ATGGTGTCATG,GGCGTCGCAGG
6922,negative,3166,1.2857544422149658,VT65295|0|MEMB005B|+|2303,1400,no,TTCAGG,ATGGTGTCATG,GGCCTCGCAGG
6923,negative,3166,3.2857544422149663,VT65295|0|MEMB005D|-|2647,1590,no,TTCAAG,ATGGTGTCATG,GGCGTCCCAGG
6924,negative,3166,1.2857544422149658,VT65295|0|MEMB006A|-|2731,1668,no,TTCAGG,ATGGTGTCATG,GGCGTCCCAGG
6925,negative,3166,1.2857544422149658,VT65295|0|MEMB006B|-|2950,1346,no,TTCAGG,ATGGAGTCATG,AGCGTCCCAGG
6926,negative,3166,1.2857544422149658,VT65295|0|MEMB006C|+|2238,1434,no,TTCAGG,ATGGTGTCATG,GGCGTCCCAGG
6927,negative,3166,-0.29920801520347595,VT65295|0|MEMB007B|-|2640,1512,no,TGGAGG,ATGGTGTCATG,GGCTTCCCAGG
6928,negative,3166,1.2857544422149658,VT65295|0|MEMB007C|+|2249,1346,no,TTCAGG,ATGGGGTCATG,GGCGTCACAGG
6929,negative,3166,-0.29920801520347595,VT65295|0|MEMB007D|-|2925,2157,no,TGGAGG,ATGGTGTCATG,GGCTTCACAGG
6930,negative,3166,1.2857544422149658,VT65295|0|MEMB008C|-|2328,1422,no,TGCAGG,ATGGAGTCATG,GGCGTCCCAGG
6931,negative,3166,1.2857544422149658,VT65295|0|dkik|-|3985,1340,no,TTCAGG,ATGGTGTCATG,GGCGTCCCAGG
6932,positive,4294,1.1788393259048462,VT65295|0|MEMB002A|+|3572,2795,no,CATTTT,GACAATTTCTA,GAGCCCATTTT
6933,positive,4294,1.1788393259048462,VT65295|0|MEMB002C|-|3210,2432,no,CATTTT,GACAATTTCTA,GTGCCCATTTT
6934,positive,4294,-2.5216004848480225,VT65295|0|MEMB002D|+|2569,1790,no,cgtatt,gttaatttcct,cttttctatat
6935,positive,4294,2.0633621215820312,VT65295|0|MEMB003B|-|2439,1575,no,cacacc,gataactgccg,gaagcttgcat
6936,positive,4294,1.1788393259048462,VT65295|0|MEMB003C|+|2464,1687,no,CATTTT,TACAATTTCTA,GTGCCCATTTT
6937,positive,4294,3.2857544422149663,VT65295|0|MEMB005D|-|2647,1793,no,cacgcc,gctattttctg,gaaatatggat
6938,positive,4294,3.2857544422149663,VT65295|0|MEMB006A|-|2731,1877,no,cacgcc,gctatcttctg,gaagtgtgaat
6939,positive,4294,2.0633621215820312,VT65295|0|MEMB006B|-|2950,1990,no,caaact,catattttcat,tgagatttcgt
6940,positive,4294,1.1788393259048462,VT65295|0|MEMB007B|-|2640,1860,no,CATTTT,TACAATTTCTA,TTTTTGCCTAT
6941,positive,4294,2.0633621215820312,VT65295|0|MEMB007C|+|2249,1529,no,CACACC,GTTAACTGCCA,GGAGTGTGACT
6942,positive,4294,-1.4061232805252075,VT65295|0|dkik|-|3985,2428,no,ccgtga,gacatcctttc,ccattgtaaac
6943,negative,4314,2.7007920742034908,VT65295|0|MEMB002A|+|3572,2812,no,AGTACG,AAAATGGGCTC,AAAACATCAAA
6944,negative,4314,2.7007920742034908,VT65295|0|MEMB002C|-|3210,2449,no,AGTACG,AAAATGGGCAC,AAAACATCACA
6945,negative,4314,-0.8841705322265625,VT65295|0|MEMB002D|+|2569,1810,no,CGATAG,AAAATATAGAA,TCGGGTTAGCG
6946,negative,4314,2.7007920742034908,VT65295|0|MEMB003B|-|2439,1595,no,TGTAAG,AGTATGCAAGC,AATTTACAAAC
6947,negative,4314,2.7007920742034908,VT65295|0|MEMB003C|+|2464,1704,no,AGTACG,AAAATGGGCAC,AAAACATCAAA
6948,negative,4314,3.2857544422149663,VT65295|0|MEMB005D|-|2647,1813,no,TGCAAG,AGTATCCATAT,CAATTAAAAAC
6949,negative,4314,3.2857544422149663,VT65295|0|MEMB006A|-|2731,1897,no,TGCAAG,AGTATTCACAC,CAATTAAAAAC
6950,negative,4314,-1.1065629720687866,VT65295|0|MEMB006B|-|2950,2010,no,TATTAA,GTGACGAAATC,TTCTGGAATAA
6951,negative,4314,2.7007920742034908,VT65295|0|MEMB007B|-|2640,1880,no,AGTACG,AAAATAGGCAA,AAAACATCAAA
6952,negative,4314,2.7007920742034908,VT65295|0|MEMB007C|+|2249,1549,no,TGTAAG,AGTAGTCACAC,AATTAACAAAC
6953,negative,4314,-1.5216004848480225,VT65295|0|dkik|-|3985,2448,no,AGAAGA,AGCGTTTACAA,GCTTCGTCAAA
6954,negative,4327,3.1788392066955566,VT65295|0|MEMB005D|-|2647,1826,no,TCCAAT,TAAAAACTGCA,TTGCTTAATTA
6955,negative,4327,3.1788392066955566,VT65295|0|MEMB006A|-|2731,1910,no,TCCAAT,TAAAAACTGCA,TCGCTTAATTA
6956,negative,4327,-2.991085767745972,VT65295|0|dkik|-|3985,2461,no,ACGCTT,CGTCAAAAGAA,AACCATTGCTT
6957,negative,4350,-1.1065629720687866,VT65295|0|MEMB003B|-|2439,1610,no,GATGAA,TTTACAAACTG,CACTTCTCAAT
6958,negative,4350,3.1788392066955566,VT65295|0|MEMB005D|-|2647,1849,no,TCCACT,TCTACGTTGCT,TCCTCCGTCTT
6959,negative,4350,3.1788392066955566,VT65295|0|MEMB006A|-|2731,1933,no,TCCACT,TCTACGTCGCT,TCCTCTGTCTT
6960,negative,4350,-2.1065628528594966,VT65295|0|MEMB006B|-|2950,2044,no,TTGTCA,TAAAATTTAAT,TAGTCGTCCGA
6961,negative,4350,-2.1065628528594966,VT65295|0|dkik|-|3985,2484,no,AGGCCA,AGGAAAAACCA,AACTTACTCTT
6962,positive,4491,2.0633621215820312,VT65295|0|MEMB002A|+|3572,2840,no,CAAAAC,AAAATCAAGTT,CAAATTTCAAT
6963,positive,4491,2.0633621215820312,VT65295|0|MEMB002C|-|3210,2477,no,CAAAAC,AAAATCAAGTT,CAAATTTCAAT
6964,positive,4491,1.1788393259048462,VT65295|0|MEMB002D|+|2569,1858,no,CATTAC,gcaTCAACGGT,TTAATTCATTA
6965,positive,4491,-2.991085767745972,VT65295|0|MEMB002E|-|2184,1465,no,GCTtat,AAGCTCAACTG,taggtatatgt
6966,positive,4491,-1.991085767745972,VT65295|0|MEMB002F|-|2530,1814,no,TGTTCG,ATACTCAAATT,TAATTACTGCA
6967,positive,4491,0.4783995747566223,VT65295|0|MEMB003A|-|2218,1482,no,AAAAAT,GAAAATATGTT,CGGAAAATATA
6968,positive,4491,1.1788393259048462,VT65295|0|MEMB003B|-|2439,1681,no,cagtgg,aaacataaacg,aacctatagaa
6969,positive,4491,2.0633621215820312,VT65295|0|MEMB003C|+|2464,1732,no,CAAAAC,AAAATCAAGTT,CAAATTTCAAT
6970,positive,4491,0.4783995747566223,VT65295|0|MEMB003D|-|2218,1482,no,GAAAAT,GAAAATATGTT,CGGAAAATATA
6971,positive,4491,-0.5216004252433777,VT65295|0|MEMB003F|-|2339,1620,no,TATAAC,TCATACATATA,AAGAAACTAGA
6972,positive,4491,-1.4061232805252075,VT65295|0|MEMB004E|-|2307,1580,no,cgttgc,AGAAAGcactg,aatcttcagac
6973,positive,4491,-1.4061232805252075,VT65295|0|MEMB005B|+|2303,1579,no,ctttgc,AGAAAGcactg,taacttctgac
6974,positive,4491,3.1788392066955566,VT65295|0|MEMB005D|-|2647,1920,no,cactgc,aaaaaaccctt,aaacttctgac
6975,positive,4491,3.1788392066955566,VT65295|0|MEMB006A|-|2731,2004,no,cactgc,aaagaaccctt,aaacttctgac
6976,positive,4491,0.5938767790794373,VT65295|0|MEMB006B|-|2950,2115,no,cgctgt,aaacattactt,ttctcatcaaa
6977,positive,4491,-1.4061232805252075,VT65295|0|MEMB006C|+|2238,1512,no,cgttga,AGAAAtcactg,aaacttctgac
6978,positive,4491,2.0633621215820312,VT65295|0|MEMB007B|-|2640,1908,no,CAAAAC,AAAATCAAGTT,CAAATTTCAAT
6979,positive,4491,0.6483245491981506,VT65295|0|MEMB007C|+|2249,1566,no,CATCAT,GTTTGTTAATT,TGATAATGTTA
6980,positive,4491,-1.4061232805252075,VT65295|0|MEMB008C|-|2328,1602,no,cgttgc,AGAAAtcactt,taacttctgac
6981,positive,4491,-0.9910857081413268,VT65295|0|dkik|-|3985,2625,no,agatgc,tcagaccactc,tatatttcgac
6982,negative,5167,-0.5216004252433777,VT65295|0|MEMB003A|-|2218,1534,no,TATATA,TAATATTCAAT,AAATATTTATA
6983,negative,5167,2.0633621215820312,VT65295|0|MEMB003B|-|2439,1766,no,TATAAC,ATATACACTCT,ATCGTAATATA
6984,negative,5167,-0.5216004252433777,VT65295|0|MEMB003D|-|2218,1534,no,TATATA,TAATATTCAAT,AAATATTTATA
6985,negative,5167,3.2857544422149663,VT65295|0|MEMB005D|-|2647,1968,no,TACAAG,TTATGTACTCT,GTCGTAATATA
6986,negative,5167,3.2857544422149663,VT65295|0|MEMB006A|-|2731,2052,no,TACAAG,TTATATGCTCT,GTCGTAATATG
6987,negative,5167,-1.5216004848480225,VT65295|0|MEMB006B|-|2950,2280,no,AAAATA,TTTACACCATT,ATTGTAATATA
6988,negative,5167,-0.5216004252433777,VT65295|0|dkik|-|3985,3301,no,TATATA,TTATATTCTAC,AAATATTTATA
6989,negative,5555,-0.9910857081413268,VT65295|0|MEMB002A|+|3572,3271,no,GGAGCT,ATCGGTGACGA,GGGCCGCCTCT
6990,negative,5555,-0.9910857081413268,VT65295|0|MEMB002C|-|3210,2909,no,GGAGCT,ATCGCTGTCGA,GGGCCGCCCCT
6991,negative,5555,-0.9910857081413268,VT65295|0|MEMB002D|+|2569,2278,no,AAACCT,CGATGTCTTGA,GATACGCCCAA
6992,negative,5555,1.5938767194747925,VT65295|0|MEMB002E|-|2184,1886,no,TAAACT,CAATATGTTGA,GATGTGCCCAA
6993,negative,5555,-0.9910857081413268,VT65295|0|MEMB002F|-|2530,2222,no,GGAGCT,ATCCGTCTCCA,GGACCGCCCCT
6994,negative,5555,0.008914276957511902,VT65295|0|MEMB003A|-|2218,1922,no,GGTCCT,GGATGTCTCGA,CAGCCGCCTTT
6995,negative,5555,-0.9910857081413268,VT65295|0|MEMB003B|-|2439,2153,no,GCGCCT,TGATGTCCAGA,AAAGTGCCCAA
6996,negative,5555,-0.9910857081413268,VT65295|0|MEMB003C|+|2464,2163,no,GGAGCT,ATCGCTGACGA,GGGCCGCCCCT
6997,negative,5555,0.008914276957511902,VT65295|0|MEMB003D|-|2218,1922,no,GGTCCT,GGATGTCTCGA,CAGCCGCCTTT
6998,negative,5555,0.5938767790794373,VT65295|0|MEMB003F|-|2339,2047,no,CACTCT,CGAAGTCTCGA,GAGGCGCCCAA
6999,negative,5555,-0.9910857081413268,VT65295|0|MEMB004B|+|2160,1867,no,GAGTCT,CGAAGTCTCGA,GAGGCGCCCAT
7000,negative,5555,0.008914276957511902,VT65295|0|MEMB004E|-|2307,2011,no,TATTCT,CGACGTCTCGA,CAGGCGCCCAA
7001,negative,5555,0.5938767790794373,VT65295|0|MEMB005B|+|2303,2010,no,TACTCT,CGAAGTCCAGA,GAGACGCCCAA
7002,negative,5555,3.1788392066955566,VT65295|0|MEMB005D|-|2647,2355,no,AACACT,CGATGTCAACA,GATACGCCCAA
7003,negative,5555,1.5938767194747925,VT65295|0|MEMB006A|-|2731,2439,no,AAAACT,CGATGTCTACA,GATACGCCCAA
7004,negative,5555,1.5938767194747925,VT65295|0|MEMB006B|-|2950,2667,no,GAAACT,TAATGTCCTGA,GAGACGCCCAA
7005,negative,5555,1.5938767194747925,VT65295|0|MEMB006C|+|2238,1943,no,GAAACT,CGAAGTCACGA,GAGGTGCCCAA
7006,negative,5555,-0.9910857081413268,VT65295|0|MEMB007B|-|2640,2339,no,GGAGCT,ATCGCTGACGA,GGGCCGCCCCT
7007,negative,5555,-0.9910857081413268,VT65295|0|MEMB007C|+|2249,1964,no,GCAGCT,TGATGTCAAGA,AACGTGCCCAA
7008,negative,5555,-0.9910857081413268,VT65295|0|MEMB007D|-|2925,2632,no,GCATCT,TTCCGTCTCGA,AAGCCGCCTAA
7009,negative,5555,0.5938767790794373,VT65295|0|MEMB008C|-|2328,2033,no,GACTCT,CGATGTCTCGA,GAGGCGCCCAA
7010,negative,5555,0.008914276957511902,VT65295|0|dkik|-|3985,3689,no,GGTCCT,GGATGTCTCGA,CAGCCGCCTTT
7011,negative,5574,-0.29920801520347595,VT65295|0|MEMB002A|+|3572,3290,no,CTGAGG,AGGGGCCGCCT,GATCGAGGTCT
7012,negative,5574,-0.29920801520347595,VT65295|0|MEMB002C|-|3210,2928,no,CTGAGG,AGGGGCCGCCC,GGTCGAGGTCG
7013,negative,5574,-0.29920801520347595,VT65295|0|MEMB002D|+|2569,2294,no,TCGAGG,ATACGCCCAAA,GGGAGATGACC
7014,negative,5574,-0.29920801520347595,VT65295|0|MEMB002E|-|2184,1902,no,TCAATG,ATGTGCCCAAT,AGGAGATGATC
7015,negative,5574,1.2857544422149658,VT65295|0|MEMB002F|-|2530,2241,no,ATCAGG,CGGGACCGCCC,CGGGGTGGAGA
7016,negative,5574,-4.106563091278076,VT65295|0|MEMB003B|-|2439,2169,no,TCACGA,AAGTGCCCAAG,CATAGGGGATC
7017,negative,5574,-0.29920801520347595,VT65295|0|MEMB003C|+|2464,2182,no,CTGAGG,AGGGGCCGCCC,GATCGAGGACT
7018,negative,5574,1.2857544422149658,VT65295|0|MEMB003F|-|2339,2063,no,TTCAGG,AGGCGCCCAAC,AGGCGATGATC
7019,negative,5574,-0.29920801520347595,VT65295|0|MEMB004B|+|2160,1883,no,TTGAGG,AGGCGCCCATG,AGGGAATAATC
7020,negative,5574,1.2857544422149658,VT65295|0|MEMB004E|-|2307,2030,no,TCCAGG,ATCAGGCGCCC,AGGCAATAATC
7021,negative,5574,1.2857544422149658,VT65295|0|MEMB005B|+|2303,2026,no,TCCAGG,AGACGCCCAAT,AGGGAATAATC
7022,negative,5574,3.2857544422149663,VT65295|0|MEMB005D|-|2647,2371,no,TCCAAG,ATACGCCCAAA,AGGGGAGAATC
7023,negative,5574,3.2857544422149663,VT65295|0|MEMB006A|-|2731,2455,no,TCCAAG,ATACGCCCAAA,GGGGGAGAATC
7024,negative,5574,1.7007919549942017,VT65295|0|MEMB006B|-|2950,2683,no,TCGAAG,AGACGCCCAAG,AGGGGATAATC
7025,negative,5574,-0.29920801520347595,VT65295|0|MEMB006C|+|2238,1959,no,TCGAGG,AGGTGCCCAAG,AGGGGATAAAC
7026,negative,5574,-0.29920801520347595,VT65295|0|MEMB007B|-|2640,2358,no,AAGAGG,AGGGGCCGCCC,CGTCGACTCCC
7027,negative,5574,-2.1065628528594966,VT65295|0|MEMB007C|+|2249,1980,no,TCACAA,ACGTGCCCAAG,AGGGAATGATC
7028,negative,5574,-0.29920801520347595,VT65295|0|MEMB007D|-|2925,2651,no,ACGAGG,AGAAGCCGCCT,TGGAGACTTGC
7029,negative,5574,1.2857544422149658,VT65295|0|MEMB008C|-|2328,2049,no,TCCAGG,AGGCGCCCAAG,AGGGGATAATC
7030,positive,5651,0.7007919549942017,VT65295|0|MEMB002A|+|3572,3360,no,CTCGTC,TGATCCTGCAA,CTCGTTCGCGT
7031,positive,5651,0.7007919549942017,VT65295|0|MEMB002C|-|3210,2998,no,CTCGTC,TGATCCTGCAA,CTCGGTCGAGT
7032,positive,5651,0.7007919549942017,VT65295|0|MEMB002D|+|2569,2361,no,CTCGTC,TGATTCTCTAA,CGCGCTCTCGA
7033,positive,5651,0.7007919549942017,VT65295|0|MEMB002E|-|2184,1969,no,CTCGTC,TGATTCTCTAA,CTCGCTCTCGA
7034,positive,5651,0.7007919549942017,VT65295|0|MEMB002F|-|2530,2308,no,CTCGTC,TGATCCTGCAA,CTCGGTCGCGT
7035,positive,5651,0.7007919549942017,VT65295|0|MEMB003A|-|2218,2008,no,CTCGTT,TGATTCTCTAA,CTCGTTCTCGA
7036,positive,5651,-0.9910857081413268,VT65295|0|MEMB003B|-|2439,2233,no,ATCTTC,TGATTCTCTAA,TTCGCTGTCGA
7037,positive,5651,0.7007919549942017,VT65295|0|MEMB003C|+|2464,2252,no,CTCGTC,TGATCCTGCAA,CTCGCTCGCGT
7038,positive,5651,0.7007919549942017,VT65295|0|MEMB003D|-|2218,2008,no,CTCGTT,TGATTCTCTAA,CTCGTTCTCGA
7039,positive,5651,-0.9910857081413268,VT65295|0|MEMB003F|-|2339,2130,no,ATCTTC,TGATTCTCTAA,CTGGCTGTCGA
7040,positive,5651,-0.9910857081413268,VT65295|0|MEMB004B|+|2160,1950,no,ATCTTG,TGATTCTCCAA,CTCGGTTTCAA
7041,positive,5651,-0.9910857081413268,VT65295|0|MEMB004E|-|2307,2097,no,ATCTTC,TGATTTTCTAA,CTCGTTCTCGT
7042,positive,5651,0.5938767790794373,VT65295|0|MEMB005B|+|2303,2093,no,CTCTGC,TGATTCTCTAA,CTCGGTTTCGA
7043,positive,5651,3.2857544422149663,VT65295|0|MEMB005D|-|2647,2438,no,CACGTC,TGATTCTCCAT,CTCGTTCTCAA
7044,positive,5651,3.2857544422149663,VT65295|0|MEMB006A|-|2731,2522,no,CACGTC,TGATTCTCCAT,CTCGTTCTCGA
7045,positive,5651,0.06336206197738647,VT65295|0|MEMB006B|-|2950,2750,no,CTCCTC,TGATTCTCTAA,CGCGTTCTCGA
7046,positive,5651,-0.9910857081413268,VT65295|0|MEMB006C|+|2238,2026,no,ATCTTC,TGATTCTCTAA,CGCGGTCTCGA
7047,positive,5651,0.7007919549942017,VT65295|0|MEMB007B|-|2640,2428,no,CTCGTT,TGATCCTGCAA,CTCGTTCTCGT
7048,positive,5651,-0.9910857081413268,VT65295|0|MEMB007C|+|2249,2047,no,ATCTTC,TGATTCTCTAA,TTCGTTGTTGA
7049,positive,5651,-1.1065629720687866,VT65295|0|MEMB007D|-|2925,2718,no,TTCATC,TGATTCACCAT,CTCAGTGGCGA
7050,positive,5651,-0.9910857081413268,VT65295|0|MEMB008C|-|2328,2116,no,ATCTTC,TGATTCTCTAA,CCCAGAGTCGA
7051,positive,5651,0.7007919549942017,VT65295|0|dkik|-|3985,3775,no,CTCGTT,TGATTCTCTAA,CTCGTTCTCGA
7052,negative,5806,-2.5216004848480225,VT65295|0|MEMB002A|+|3572,3504,no,GATGTC,AGTGGAATGGC,CCTTCACATCC
7053,negative,5806,-2.5216004848480225,VT65295|0|MEMB002C|-|3210,3142,no,GATGTC,AGTGGAATGGC,CCTTCACATCC
7054,negative,5806,-1.8841705322265625,VT65295|0|MEMB002F|-|2530,2462,no,GATCTG,TGGTCCTCTCA,CCTTCCCATCC
7055,negative,5806,2.7007920742034908,VT65295|0|MEMB003A|-|2218,2159,no,TGTACG,GTACCTTAGGG,CCTTCACATTC
7056,negative,5806,-2.5216004848480225,VT65295|0|MEMB003C|+|2464,2396,no,GATGTC,AGTGGAATGGC,CCTTCACATCC
7057,negative,5806,1.7007919549942017,VT65295|0|MEMB003D|-|2218,2159,no,TGAACG,GTACCTTAGGG,CCTTCACATTC
7058,negative,5806,0.7007919549942017,VT65295|0|MEMB003F|-|2339,2281,no,GATATG,GTACCTCAGGA,CCTTCACATTC
7059,negative,5806,1.7007919549942017,VT65295|0|MEMB004B|+|2160,2101,no,GAAACG,TTACCTCAGGA,CCTTCACATTC
7060,negative,5806,2.7007920742034908,VT65295|0|MEMB004E|-|2307,2248,no,GATACG,GTACCTCAGGA,CCTTCACGTTC
7061,negative,5806,2.7007920742034908,VT65295|0|MEMB005B|+|2303,2244,no,GATACG,GTACCTCAGGA,CCTTCACTTTC
7062,negative,5806,3.2857544422149663,VT65295|0|MEMB005D|-|2647,2589,no,GACACG,GTACCTCAGGA,TCTTCACTTTC
7063,negative,5806,3.2857544422149663,VT65295|0|MEMB006A|-|2731,2673,no,GGCACG,GTACCTCAGGA,TCTTCACTTTC
7064,negative,5806,2.7007920742034908,VT65295|0|MEMB006C|+|2238,2179,no,GATACG,GTACCTCTCAG,CCTTCACACTC
7065,negative,5806,-2.5216004848480225,VT65295|0|MEMB007B|-|2640,2572,no,GATGTC,AGTGGAATGGC,CCTTCACATCC
7066,negative,5806,2.7007920742034908,VT65295|0|MEMB007D|-|2925,2871,no,GATACG,ATTACACTTAG,TGTTTACACTC
7067,negative,5806,2.7007920742034908,VT65295|0|MEMB008C|-|2328,2269,no,GATACG,CGGTGCCTCAG,CCTTCACAATC
7068,negative,5806,2.7007920742034908,VT65295|0|dkik|-|3985,3926,no,TGTACG,GTACCTAAGGG,CCTTCACATTC
7069,positive,5845,0.5938767790794373,VT65295|0|MEMB002A|+|3572,3543,no,CGCTAA,CGAAGAAATAA,TGTCGAGTGCA
7070,positive,5845,-0.9910857081413268,VT65295|0|MEMB002C|-|3210,3181,no,AGCTAA,CGAAGAAATGA,TGTCGAGTGCA
7071,positive,5845,0.06336206197738647,VT65295|0|MEMB002D|+|2569,2538,no,CGCCTA,TCAACAAGGAA,TGTTTCGAGCG
7072,positive,5845,0.5938767790794373,VT65295|0|MEMB002E|-|2184,2146,no,CGCTTA,TCAATAAAAAA,TGTTAGGTTAA
7073,positive,5845,0.5938767790794373,VT65295|0|MEMB002F|-|2530,2501,no,CGCTAA,CGTAGAAGGAA,AGTTAAATGCA
7074,positive,5845,0.5938767790794373,VT65295|0|MEMB003A|-|2218,2187,no,CGCTTA,TCAACAAAGAT,TGTTGCAGGTG
7075,positive,5845,0.5938767790794373,VT65295|0|MEMB003B|-|2439,2402,no,CGCTTA,TCAACAAGAAG,TGTATGGCTGG
7076,positive,5845,0.5938767790794373,VT65295|0|MEMB003C|+|2464,2435,no,CGCTAA,CGAAGAAAGAA,TGTCGAGTCCA
7077,positive,5845,0.5938767790794373,VT65295|0|MEMB003D|-|2218,2187,no,CGCTTA,TCAACAAAGAT,TGTTGCAGGTG
7078,positive,5845,-1.4061232805252075,VT65295|0|MEMB003F|-|2339,2309,no,CGTTCA,TCAGCTGGAAA,AGTCTAGGTGA
7079,positive,5845,0.5938767790794373,VT65295|0|MEMB004B|+|2160,2129,no,CGCTTA,TCATTTGGGAA,TGTCTCAAGTG
7080,positive,5845,0.5938767790794373,VT65295|0|MEMB004E|-|2307,2276,no,CGCTTA,TTAACTGGGAA,TATCTCGAGTA
7081,positive,5845,0.5938767790794373,VT65295|0|MEMB005B|+|2303,2272,no,CGCTTA,TCAATTGGGAA,TGTCTCGTTTG
7082,positive,5845,3.1788392066955566,VT65295|0|MEMB005D|-|2647,2617,no,CACTAA,TCAACAAATAA,TGTCTCGAGTG
7083,positive,5845,2.648324489593506,VT65295|0|MEMB006A|-|2731,2701,no,CACCAA,TCAACAAAGAA,TGTCTCGAGTG
7084,positive,5845,0.5938767790794373,VT65295|0|MEMB006B|-|2950,2919,no,CGCTTA,TCAATAAAGAA,TGCCTCGAGTG
7085,positive,5845,0.5938767790794373,VT65295|0|MEMB006C|+|2238,2207,no,CGCTTA,TCAACTGGGAA,TGTCTAGAGTG
7086,positive,5845,0.5938767790794373,VT65295|0|MEMB007B|-|2640,2611,no,CGCTGA,CGAAGAAAGAA,TATCGAGTGCG
7087,positive,5845,-1.4061232805252075,VT65295|0|MEMB007C|+|2249,2216,no,CGTTTG,TCAACAAAAAA,TGTCTGGAGTG
7088,positive,5845,0.5938767790794373,VT65295|0|MEMB007D|-|2925,2893,no,CGCTCA,TAAACAAAAAC,TGCCTTGAGTA
7089,positive,5845,0.008914276957511902,VT65295|0|MEMB008C|-|2328,2297,no,TGCTTA,TCAATTTGGAA,TGTCTCGAGTG
7090,positive,5845,0.5938767790794373,VT65295|0|dkik|-|3985,3954,no,CGCTTA,TCAACAAAGAT,TGTTGCAGGTG
7091,negative,2556,0.008914276957511902,VT65295|0|MEMB002A|+|3572,2179,no,ATTTAT,AAGGTTTAAGG,CTTTTGAATAT
7092,negative,2556,-0.9910857081413268,VT65295|0|MEMB002B|-|1683,1361,no,ATATAT,CAGGCTTAAGG,TGACCCAATGT
7093,negative,2556,0.008914276957511902,VT65295|0|MEMB002C|-|3210,1825,no,ATTTAT,AAGGTTGAAGG,CTTTTGAATAT
7094,negative,2556,-0.4061232209205627,VT65295|0|MEMB002D|+|2569,1193,no,TTGATT,TAGTTATATTA,AACTTGTACAA
7095,negative,2556,0.008914276957511902,VT65295|0|MEMB003C|+|2464,1102,no,ATTTAT,AAGGTTTAAGG,CTTTTGAATAT
7096,negative,2556,-2.991085767745972,VT65295|0|MEMB003F|-|2339,1166,no,ATATGT,TAGGCTTTATA,AATCATTACGA
7097,negative,2556,-0.9910857081413268,VT65295|0|MEMB004A|-|1649,1355,no,ATATAT,CAGACTTAAGG,TGACCCAATGT
7098,negative,2556,0.008914276957511902,VT65295|0|MEMB004B|+|2160,1133,no,AGTTCT,TAGGTTTAAGA,AACTTATATGT
7099,negative,2556,-1.991085767745972,VT65295|0|MEMB004E|-|2307,1168,no,AGTTTT,TAGGCTTAAGA,TGCTAATATAT
7100,negative,2556,0.008914276957511902,VT65295|0|MEMB005B|+|2303,1148,no,AGTTAT,TAGGCTTCAGA,TACTTATTTGT
7101,negative,2556,1.5938767194747925,VT65295|0|MEMB005D|-|2647,1344,no,TAAAAT,TGGTTTGGCTA,CGTAAAACTGT
7102,negative,2556,3.1788392066955566,VT65295|0|MEMB006A|-|2731,1406,no,TACAAT,TGGTTTGGTAA,GTTCCAATTGT
7103,negative,2556,0.008914276957511902,VT65295|0|MEMB006C|+|2238,1156,no,AGTTAT,TAGGCTTCAGA,TAACCATAGTT
7104,negative,2556,0.5938767790794373,VT65295|0|MEMB007D|-|2925,1571,no,CGTATT,TTGTAACTGCA,TTGTAAGTTGT
7105,negative,2556,0.008914276957511902,VT65295|0|MEMB008C|-|2328,1168,no,AGTTAT,TAGGCTTAAGA,ACCTATAAAGT
7106,positive,2563,0.5938767790794373,VT65295|0|MEMB002A|+|3572,2186,no,TATTCA,CCTTATAAATA,AAAGTTTGGGT
7107,positive,2563,1.1788393259048462,VT65295|0|MEMB002B|-|1683,1368,no,CATTGG,CCTGATATATA,GTCATTAAATA
7108,positive,2563,0.5938767790794373,VT65295|0|MEMB002C|-|3210,1832,no,TATTCA,CCTTATAAATA,AAAGTTTGGGT
7109,positive,2563,-3.106562852859497,VT65295|0|MEMB002D|+|2569,1200,no,TGTACA,ACTAAATCAAT,AGTTTTACAAT
7110,positive,2563,0.5938767790794373,VT65295|0|MEMB003C|+|2464,1109,no,TATTCA,CCTTATAAATA,AAAGTTTGGGT
7111,positive,2563,-2.5216004848480225,VT65295|0|MEMB003F|-|2339,1173,no,CGTAAT,CCTAACATATT,GATTAGGAATC
7112,positive,2563,1.1788393259048462,VT65295|0|MEMB004A|-|1649,1362,no,CATTGG,TCTGATATATA,GTCATTAGATA
7113,positive,2563,0.06336206197738647,VT65295|0|MEMB004B|+|2160,1140,no,CATATA,CCTAAGAACTA,AGTTCTGATTG
7114,positive,2563,-0.5216004252433777,VT65295|0|MEMB004E|-|2307,1175,no,TATATT,CCTAAAAACTA,AGCAATGAATG
7115,positive,2563,2.0633621215820312,VT65295|0|MEMB005B|+|2303,1155,no,CAAATA,CCTAATAACTA,AGTACTCATTG
7116,positive,2563,1.1788393259048462,VT65295|0|MEMB005D|-|2647,1351,no,CAGTTT,ACCAATTTTAA,TACGAGACACT
7117,positive,2563,3.1788392066955566,VT65295|0|MEMB006A|-|2731,1413,no,CAATTG,ACCAATTGTAA,GAACAATTGCA
7118,positive,2563,-4.106563091278076,VT65295|0|MEMB006C|+|2238,1163,no,ACTATG,CCTAATAACTA,GTTACGTTCCG
7119,positive,2563,-3.106562852859497,VT65295|0|MEMB007B|-|2640,1260,no,TGTACA,tagaaatTATA,AAAGTTTGTGT
7120,positive,2563,2.648324489593506,VT65295|0|MEMB007D|-|2925,1578,no,CAACTT,ACAAAATACGA,ACAATCGTTGG
7121,positive,2563,-1.4061232805252075,VT65295|0|MEMB008C|-|2328,1175,no,CTTTAT,CCTAATAACTA,AGGTACTGATT
7122,negative,2565,-1.1065629720687866,VT65295|0|MEMB002A|+|3572,2188,no,TTTGAA,TATATTTATAA,TGACCCAAACT
7123,negative,2565,-0.5216004252433777,VT65295|0|MEMB002B|-|1683,1370,no,ACCCAA,TGTATATATCA,TTTATTTAATG
7124,negative,2565,-1.1065629720687866,VT65295|0|MEMB002C|-|3210,1834,no,TTTGAA,TATATTTATAA,TGACCCAAACT
7125,negative,2565,-3.106562852859497,VT65295|0|MEMB002D|+|2569,1202,no,CTTGTA,CAATTGATTTA,TTATTGTAAAA
7126,negative,2565,-1.1065629720687866,VT65295|0|MEMB003C|+|2464,1111,no,TTTGAA,TATATTTATAA,TGACCCAAACT
7127,negative,2565,-4.106563091278076,VT65295|0|MEMB003F|-|2339,1175,no,TCATTA,CGAATATGTTA,TCGATTCCTAA
7128,negative,2565,-0.5216004252433777,VT65295|0|MEMB004A|-|1649,1364,no,ACCCAA,TGTATATATCA,TTTATCTAATG
7129,negative,2565,-0.5216004252433777,VT65295|0|MEMB004B|+|2160,1142,no,CTTATA,TGTAGTTCTTA,CCCAATCAGAA
7130,negative,2565,-1.5216004848480225,VT65295|0|MEMB004E|-|2307,1177,no,CTAATA,TATAGTTTTTA,CCCATTCATTG
7131,negative,2565,0.5938767790794373,VT65295|0|MEMB005B|+|2303,1157,no,CTTATT,TGTAGTTATTA,CCCAATGAGTA
7132,negative,2565,1.0633620023727417,VT65295|0|MEMB005D|-|2647,1353,no,TAAAAC,TGTTAAAATTG,TAAGTGTCTCG
7133,negative,2565,3.1788392066955566,VT65295|0|MEMB006A|-|2731,1415,no,TCCAAT,TGTTACAATTG,ATTGCAATTGT
7134,negative,2565,0.06336206197738647,VT65295|0|MEMB006C|+|2238,1165,no,ACCATA,GTTAGTTATTA,ATCGGAACGTA
7135,negative,2565,-3.106562852859497,VT65295|0|MEMB007B|-|2640,1262,no,TTTGTA,CATATAATTTC,TGACACAAACT
7136,negative,2565,-0.4061232209205627,VT65295|0|MEMB007D|-|2925,1580,no,GTAAGT,TGTCGTATTTT,AACCAACGATT
7137,negative,2565,-2.1065628528594966,VT65295|0|MEMB008C|-|2328,1177,no,CTATAA,AGTAGTTATTA,CCAATCAGTAC
7138,positive,2648,-2.1065628528594966,VT65295|0|MEMB002A|+|3572,2209,no,ATAAAT,TGGGTCATTAA,TGTGTGTATTC
7139,positive,2648,-2.1065628528594966,VT65295|0|MEMB002B|-|1683,1382,no,ATAAAT,TGGGTCATTAA,TGTGTGTTTTC
7140,positive,2648,-2.1065628528594966,VT65295|0|MEMB002C|-|3210,1855,no,ATAAAT,TGGGTCATTAA,TGTGTGTATTC
7141,positive,2648,2.593876838684082,VT65295|0|MEMB002D|+|2569,1222,no,TACTAC,TACAATAATTT,TGATTAGGGGC
7142,positive,2648,-2.8841705322265625,VT65295|0|MEMB002F|-|2530,1330,no,ATGGAT,AGAAATAATTA,TCAGTACAAAA
7143,positive,2648,2.593876838684082,VT65295|0|MEMB003B|-|2439,1158,no,TAATCT,CGGAACAATTG,AAAGATAATCA
7144,positive,2648,-1.1065629720687866,VT65295|0|MEMB003C|+|2464,1132,no,TTAAAT,TGGGTCATTAA,TGTGTGTATTC
7145,positive,2648,2.593876838684082,VT65295|0|MEMB003F|-|2339,1200,no,TAATCT,CGAAACAATTG,AAAGATATATG
7146,positive,2648,-2.1065628528594966,VT65295|0|MEMB004A|-|1649,1376,no,ATAAAT,TGGGTCATTAG,TGTGTGTTTTC
7147,positive,2648,2.593876838684082,VT65295|0|MEMB004B|+|2160,1173,no,TAATAT,CGGAACAAATG,AAGGATTTGTG
7148,positive,2648,2.593876838684082,VT65295|0|MEMB004E|-|2307,1208,no,TAATCT,CGGAACAATTG,AAATTTATTTG
7149,positive,2648,2.593876838684082,VT65295|0|MEMB005B|+|2303,1188,no,TAATAT,CGGAACAAATG,AAAGATATGTG
7150,positive,2648,2.593876838684082,VT65295|0|MEMB005D|-|2647,1397,no,TAATCT,GGGAACAATTA,AAAGATATGTG
7151,positive,2648,3.1788392066955566,VT65295|0|MEMB006A|-|2731,1428,no,CAATCT,TGGAACAATTG,AAGGATATGTG
7152,positive,2648,2.593876838684082,VT65295|0|MEMB006C|+|2238,1200,no,TAATCT,CGGAACAAATG,AAAGATATGTG
7153,positive,2648,2.7007920742034908,VT65295|0|MEMB007B|-|2640,1283,no,TAAGAA,TGTGTCATTAA,TGTAATTAACT
7154,positive,2648,2.593876838684082,VT65295|0|MEMB007C|+|2249,1124,no,TAATCT,CGGAACAATGG,AAAGGTAAGAG
7155,positive,2648,-2.991085767745972,VT65295|0|MEMB007D|-|2925,1639,no,GTTTAT,TAAGTTATTAC,ATTTTATTTAA
7156,positive,2648,-1.991085767745972,VT65295|0|MEMB008C|-|2328,1209,no,TGTTCC,CGGAACAAATG,AAAGACATGTG
7157,negative,2763,-4.106563091278076,VT65295|0|MEMB002B|-|1683,1465,no,AGATTA,GCTCAAAGAAG,AATATTAACTT
7158,negative,2763,1.5938767194747925,VT65295|0|MEMB002D|+|2569,1295,no,AAAAAT,AACCTAGTAAC,AGTACAATCTA
7159,negative,2763,2.7007920742034908,VT65295|0|MEMB003A|-|2218,1162,no,TTTAAG,ACTTGTACAAT,AACAAAATCTT
7160,negative,2763,-0.9910857081413268,VT65295|0|MEMB003B|-|2439,1202,no,AAATAT,ATTCGGTCCAA,AACAATATATA
7161,negative,2763,2.7007920742034908,VT65295|0|MEMB003D|-|2218,1162,no,TTTAAG,ACTTGTACAAT,AACAAAATCCT
7162,negative,2763,-0.4061232209205627,VT65295|0|MEMB003F|-|2339,1263,no,CAAAGT,ATTCAAATGAT,AGTAGAATATA
7163,negative,2763,-2.1065628528594966,VT65295|0|MEMB004A|-|1649,1459,no,AGATCA,GCTCAAAGAAA,AATATTAACTT
7164,negative,2763,-1.4061232805252075,VT65295|0|MEMB004B|+|2160,1206,no,AACTTT,GTCCAAATTGA,TCGATTAGGCT
7165,negative,2763,3.2857544422149663,VT65295|0|MEMB006A|-|2731,1491,no,TTCAAG,TATACTATAGT,CACGAAAAATA
7166,negative,2763,2.0633621215820312,VT65295|0|MEMB006C|+|2238,1256,no,TCCAAA,ATTATTGGCTA,TATATAGAATA
7167,negative,2763,-0.5216004252433777,VT65295|0|MEMB007B|-|2640,1341,no,AACGCA,GCGGAAATGTA,AATATTAAATT
7168,negative,2763,-0.9910857081413268,VT65295|0|MEMB007C|+|2249,1173,no,AAATAT,ATTCGCTCCAA,GACAATATATA
7169,negative,2763,2.7007920742034908,VT65295|0|MEMB007D|-|2925,1754,no,TGTAAG,TAACGTAGAAA,GATATAAATTT
7170,negative,2763,1.1788393259048462,VT65295|0|MEMB008C|-|2328,1250,no,CCCATT,TCTCCCACTTG,TATATTACATT
7171,negative,2763,2.7007920742034908,VT65295|0|dkik|-|3985,1164,no,TTTAAG,ACTTGTACAAT,AACAAAATCTT
7172,negative,2776,-1.5216004848480225,VT65295|0|MEMB002A|+|3572,2266,no,TAAATA,TATGTATAACA,CTTATTGATAT
7173,negative,2776,-1.5216004848480225,VT65295|0|MEMB002B|-|1683,1478,no,TAAATA,TTAACTTAGAT,CTTATTAATAT
7174,negative,2776,-1.5216004848480225,VT65295|0|MEMB002C|-|3210,1923,no,TAAATA,TTCAATTAAGA,CTTATTGATAT
7175,negative,2776,-4.106563091278076,VT65295|0|MEMB002D|+|2569,1308,no,AAAGTA,CAATCTAAAAA,TAACATATTTA
7176,negative,2776,-4.106563091278076,VT65295|0|MEMB002E|-|2184,1166,no,AAAGTA,CAGTATAAAGA,GAATTTATCTA
7177,negative,2776,-2.1065628528594966,VT65295|0|MEMB002F|-|2530,1388,no,AAACCA,CAAATATTTTA,TATAATCAAAA
7178,negative,2776,0.4783995747566223,VT65295|0|MEMB003A|-|2218,1175,no,CCAACA,AAATCTTTTTA,CAAATCGGTCT
7179,negative,2776,0.4783995747566223,VT65295|0|MEMB003B|-|2439,1215,no,AAAACA,ATATATAAAAT,CGTTATTTAAA
7180,negative,2776,-1.5216004848480225,VT65295|0|MEMB003C|+|2464,1200,no,TAAATA,TTAAATTATGA,CTTATTGATAT
7181,negative,2776,0.4783995747566223,VT65295|0|MEMB003D|-|2218,1175,no,CCAACA,AAATCCTTTTA,CAAATCGGTCT
7182,negative,2776,-4.106563091278076,VT65295|0|MEMB003F|-|2339,1276,no,AAAGTA,GAATATACAAA,AGAAATATTTA
7183,negative,2776,-1.5216004848480225,VT65295|0|MEMB004A|-|1649,1472,no,TAAATA,TTAACTTAGAT,CTTATTAATAT
7184,negative,2776,-3.106562852859497,VT65295|0|MEMB004B|+|2160,1219,no,AATCGA,TTAGGCTAACT,ACAACATTTTT
7185,negative,2776,0.4783995747566223,VT65295|0|MEMB004E|-|2307,1251,no,AAAAAA,AAAAACAAAAC,AATATTTAAAC
7186,negative,2776,-4.106563091278076,VT65295|0|MEMB005B|+|2303,1236,no,AAAGTA,GAAAAATACTT,CAAAATGATTC
7187,negative,2776,3.2857544422149663,VT65295|0|MEMB006A|-|2731,1504,no,AACACG,AAAAATATTCA,ACATATTTGAA
7188,negative,2776,-1.5216004848480225,VT65295|0|MEMB006B|-|2950,1183,no,AAAATA,CAATATATATA,ACATTTTTTTA
7189,negative,2776,-0.5216004252433777,VT65295|0|MEMB006C|+|2238,1269,no,AATATA,TAGAATATCCA,AATATATATAG
7190,negative,2776,-1.5216004848480225,VT65295|0|MEMB007B|-|2640,1354,no,TAAATA,TTAAATTAACG,CTTATTGATAT
7191,negative,2776,0.4783995747566223,VT65295|0|MEMB007C|+|2249,1186,no,AAGACA,ATATATAAAAT,CGTTATTTAAA
7192,negative,2776,-1.5216004848480225,VT65295|0|MEMB007D|-|2925,1767,no,AAGATA,TAAATTTTGTA,AGCGTACTACA
7193,negative,2776,-0.5216004252433777,VT65295|0|MEMB008C|-|2328,1263,no,AATATA,TTACATTCCCA,TTTAAAGGTAG
7194,negative,2776,0.4783995747566223,VT65295|0|dkik|-|3985,1177,no,CCAACA,AAATCTTTTTA,CAAATCGGTCT
7195,positive,3517,1.0633620023727417,VT65295|0|MEMB002A|+|3572,2550,no,AAACTA,TTTCTTTAAGT,AACAAGTAGGA
7196,positive,3517,1.0633620023727417,VT65295|0|MEMB002C|-|3210,2207,no,AAACTA,TTTCTTTAAAT,AACAAGTAGGA
7197,positive,3517,-0.9910857081413268,VT65295|0|MEMB002D|+|2569,1617,no,ATATTA,TACACATATGT,CATATATAccc
7198,positive,3517,1.5938767194747925,VT65295|0|MEMB002E|-|2184,1406,no,AAATAT,TTTAAATACAT,ACTATAAAGGT
7199,positive,3517,1.0633620023727417,VT65295|0|MEMB002F|-|2530,1680,no,AAACTA,AAGTGTTAAAT,AAAATTTTCAA
7200,positive,3517,1.0633620023727417,VT65295|0|MEMB003B|-|2439,1494,no,AAACTG,GTTAAATAAAT,ATAAAGTTTAC
7201,positive,3517,1.0633620023727417,VT65295|0|MEMB003C|+|2464,1462,no,AAACTA,TTTCTTTAAAT,AACAAGTAGGA
7202,positive,3517,1.5938767194747925,VT65295|0|MEMB005D|-|2647,1688,no,AAATTA,CCTAGTTATAT,ACTATAAAGGT
7203,positive,3517,3.1788392066955566,VT65295|0|MEMB006A|-|2731,1790,no,CAATTA,TTAAGTTAAAT,ACTATAAATGT
7204,positive,3517,-0.9910857081413268,VT65295|0|MEMB006B|-|2950,1599,no,acatat,ccctataaagt,attcttgatca
7205,positive,3517,1.0633620023727417,VT65295|0|MEMB007B|-|2640,1640,no,AAACTA,TTCCTTTAAAT,AACGAGTAGGA
7206,positive,3517,0.008914276957511902,VT65295|0|dkik|-|3985,1679,no,ttattg,aacaaaaaaat,tacttcgacaa
7207,negative,4302,-0.5216004252433777,VT65295|0|MEMB002A|+|3572,2800,no,GGCTCA,AAATGTAGAAA,GTACGAAAATG
7208,negative,4302,2.0633621215820312,VT65295|0|MEMB002C|-|3210,2437,no,GGCACA,AAATGTAGAAA,GTACGAAAATG
7209,negative,4302,0.4783995747566223,VT65295|0|MEMB002D|+|2569,1798,no,TAGAAA,AGAATACGAGG,GATAGAAAATA
7210,negative,4302,-0.9910857081413268,VT65295|0|MEMB003B|-|2439,1583,no,CAAGCT,TCGGTGTGCGG,GTAAGAGTATG
7211,negative,4302,2.0633621215820312,VT65295|0|MEMB003C|+|2464,1692,no,GGCACA,AAATGTAGAAA,GTACGAAAATG
7212,negative,4302,0.5938767790794373,VT65295|0|MEMB005D|-|2647,1801,no,CATATT,TCGGCGTGCAG,GCAAGAGTATC
7213,negative,4302,3.1788392066955566,VT65295|0|MEMB006A|-|2731,1885,no,CACACT,TCGGCGTGCAG,GCAAGAGTATT
7214,negative,4302,-0.9910857081413268,VT65295|0|MEMB006B|-|2950,1998,no,AAATCT,CAAGTTTGATG,ATTAAGTGACG
7215,negative,4302,2.0633621215820312,VT65295|0|MEMB007B|-|2640,1868,no,GGCAAA,AAAAAATGTAG,GTACGAAAATA
7216,negative,4302,3.1788392066955566,VT65295|0|MEMB007C|+|2249,1537,no,CACACT,CCGGTGTGTGG,GTAAGAGTAGT
7217,negative,4302,3.1788392066955566,VT65295|0|dkik|-|3985,2436,no,TACAAT,GGTCACGGGAA,GAAGAAGCGTT
7218,negative,5326,0.1158294826745987,VT65295|0|MEMB002A|+|3572,3042,no,TATCCG,GAACCGGCCGT,GGGTCACCACC
7219,negative,5326,0.1158294826745987,VT65295|0|MEMB002C|-|3210,2680,no,TTTCCG,GAACCGAACGT,GGGTCACCACC
7220,negative,5326,0.1158294826745987,VT65295|0|MEMB002D|+|2569,2049,no,TATGCG,GAACCAAATGT,CTGATAGCGAA
7221,negative,5326,0.1158294826745987,VT65295|0|MEMB002E|-|2184,1657,no,TATTCG,GAACCCAATGT,TCAACAGCGAA
7222,negative,5326,0.1158294826745987,VT65295|0|MEMB002F|-|2530,1993,no,TATCCG,GAACCTCACGT,TGGTCTCTAAC
7223,negative,5326,0.1158294826745987,VT65295|0|MEMB003A|-|2218,1693,no,TTTCCG,GAACCGAGTGT,TTGAAAGCGAC
7224,negative,5326,-1.1065629720687866,VT65295|0|MEMB003B|-|2439,1924,no,AATGAA,GATCCGAATGT,TTGAAAGCAAT
7225,negative,5326,0.1158294826745987,VT65295|0|MEMB003C|+|2464,1934,no,TATCCG,GAACCGAACGT,GGGTCACCACC
7226,negative,5326,0.1158294826745987,VT65295|0|MEMB003D|-|2218,1693,no,TTTCCG,GAACCGAGTGT,TTGAAAGCGAC
7227,negative,5326,-0.5216004252433777,VT65295|0|MEMB003F|-|2339,1818,no,TATGAC,AACCCGAAGGT,TCGCCAGCAAC
7228,negative,5326,-1.5216004848480225,VT65295|0|MEMB004B|+|2160,1638,no,CAGGAC,TACCCGAAGGT,TTAAAAGCGAC
7229,negative,5326,-1.8841705322265625,VT65295|0|MEMB004E|-|2307,1782,no,TATGGG,GACCCGAAGAT,TTCCAACCGAT
7230,negative,5326,-0.8841705322265625,VT65295|0|MEMB005B|+|2303,1781,no,CAGGAG,TTCCCGAAGGT,TTAACAGCAAC
7231,negative,5326,0.1158294826745987,VT65295|0|MEMB005D|-|2647,2126,no,TATGCG,GAACCCAACGT,TTCCCAGCACC
7232,negative,5326,3.2857544422149663,VT65295|0|MEMB006A|-|2731,2210,no,TACACG,GAACCGAACGT,TTCCCAGCACC
7233,negative,5326,0.1158294826745987,VT65295|0|MEMB006B|-|2950,2438,no,TATGAG,ACACCGAATGT,TTCAAAGCACT
7234,negative,5326,-0.8841705322265625,VT65295|0|MEMB006C|+|2238,1714,no,ACGGAG,TATCCGAAGGT,TTCAAACTGAT
7235,negative,5326,0.1158294826745987,VT65295|0|MEMB007B|-|2640,2110,no,TATCCG,GAACCGACCGT,GGGTCACCACC
7236,negative,5326,0.1158294826745987,VT65295|0|MEMB007C|+|2249,1735,no,AATGAG,GATCCGAATGT,TTGAAAGCAAG
7237,negative,5326,0.1158294826745987,VT65295|0|MEMB007D|-|2925,2403,no,TATCAG,AGACCTAATGT,TCGTAAGCACA
7238,negative,5326,-0.8841705322265625,VT65295|0|MEMB008C|-|2328,1804,no,CCGGAG,GCAACGAACAT,TGAACAGCAAC
7239,negative,5326,0.1158294826745987,VT65295|0|dkik|-|3985,3460,no,TTTCCG,GAACCGAGTGT,TTCAAAGCGAC
7240,negative,5600,2.0633621215820312,VT65295|0|MEMB002A|+|3572,3309,no,TTCAAA,GGGATCGAGGT,CGGGTCTCGTC
7241,negative,5600,2.0633621215820312,VT65295|0|MEMB002C|-|3210,2947,no,TTCAAA,GGGGTCGAGGT,CGGGTCTCGTC
7242,negative,5600,1.2857544422149658,VT65295|0|MEMB002D|+|2569,2310,no,TTCAGG,GGAGATGACCT,CGGGATTGGTT
7243,negative,5600,0.06336206197738647,VT65295|0|MEMB002E|-|2184,1918,no,TTCAGA,GGAGATGATCT,CGGGTCTGGTT
7244,negative,5600,2.648324489593506,VT65295|0|MEMB002F|-|2530,2257,no,TTCAAC,GGGGTGGAGAA,CGGGCCTCGTC
7245,negative,5600,2.0633621215820312,VT65295|0|MEMB003A|-|2218,1957,no,TTCAAA,GGGGACCTCAG,CGGGGCTCGTC
7246,negative,5600,0.06336206197738647,VT65295|0|MEMB003B|-|2439,2182,no,TTCATA,GGGGATCTCAC,CGGGGCTCGTT
7247,negative,5600,2.0633621215820312,VT65295|0|MEMB003C|+|2464,2201,no,TTCAAA,GGGATCGAGGA,CGGGTCTCGTC
7248,negative,5600,2.0633621215820312,VT65295|0|MEMB003D|-|2218,1957,no,TTCAAA,GGGGACCTCAG,CGGGGCTCGTC
7249,negative,5600,-0.5216004252433777,VT65295|0|MEMB003F|-|2339,2079,no,TTTATA,GGCGATGATCT,CTGGGCTTGTT
7250,negative,5600,2.0633621215820312,VT65295|0|MEMB004B|+|2160,1899,no,TTCAAA,GGGAATAATCT,CTGGGCTCGTT
7251,negative,5600,-0.5216004252433777,VT65295|0|MEMB004E|-|2307,2046,no,TTTATA,GGCAATAATCT,CTGGGCTCGTT
7252,negative,5600,2.0633621215820312,VT65295|0|MEMB005B|+|2303,2042,no,TTCAAA,GGGAATAATCT,CTGGGCTCGTT
7253,negative,5600,2.0633621215820312,VT65295|0|MEMB005D|-|2647,2387,no,TTCAAA,GGGGAGAATCT,CGGGGCTCGTT
7254,negative,5600,3.2857544422149663,VT65295|0|MEMB006A|-|2731,2471,no,TTCAAG,GGGGAGAATCT,CGGGGCTCGTT
7255,negative,5600,2.0633621215820312,VT65295|0|MEMB006B|-|2950,2699,no,TTCAAA,GGGGATAATCT,CGGGGCTCGTT
7256,negative,5600,-2.5216004848480225,VT65295|0|MEMB006C|+|2238,1975,no,TTCGTA,GGGGATAAACT,CTGGACTGGTT
7257,negative,5600,2.0633621215820312,VT65295|0|MEMB007B|-|2640,2377,no,TTCAAA,GGCGTCGACTC,CGGGTCTCGTC
7258,negative,5600,-2.5216004848480225,VT65295|0|MEMB007C|+|2249,1996,no,TTCGTA,GGGAATGATCT,CGGGGCTCGTT
7259,negative,5600,0.5938767790794373,VT65295|0|MEMB007D|-|2925,2667,no,TTCCAT,GGAGACTTGCA,CGGGCCTCGTC
7260,negative,5600,2.0633621215820312,VT65295|0|MEMB008C|-|2328,2065,no,TTCAAA,GGGGATAATCT,CTGGGCTCGTT
7261,negative,5600,2.0633621215820312,VT65295|0|dkik|-|3985,3724,no,TTCAAA,GGGGACCTCAG,CGGGGCTCGTC
7262,positive,5848,2.593876838684082,VT65295|0|MEMB002A|+|3572,3546,no,TAATGT,AGAAATAACGC,CGAGTGCAGCT
7263,positive,5848,2.593876838684082,VT65295|0|MEMB002C|-|3210,3184,no,TAATGT,AGAAATGAAGC,CGAGTGCAGCT
7264,positive,5848,0.5938767790794373,VT65295|0|MEMB002D|+|2569,2541,no,CTATGT,ACAAGGAACGC,TTCGAGCGCAG
7265,positive,5848,0.008914276957511902,VT65295|0|MEMB002E|-|2184,2149,no,TTATGT,ATAAAAAACGC,TAGGTTAATAA
7266,positive,5848,1.4783995151519775,VT65295|0|MEMB002F|-|2530,2504,no,TAAAGT,AGAAGGAACGC,TAAATGCAGCT
7267,positive,5848,0.008914276957511902,VT65295|0|MEMB003A|-|2218,2190,no,TTATGT,ACAAAGATCGC,TGCAGGTGCTG
7268,positive,5848,0.008914276957511902,VT65295|0|MEMB003B|-|2439,2405,no,TTATGT,ACAAGAAGCGC,ATGGCTGGAGT
7269,positive,5848,2.593876838684082,VT65295|0|MEMB003C|+|2464,2438,no,TAATGT,AGAAAGAACGC,CGAGTCCAGCT
7270,positive,5848,0.008914276957511902,VT65295|0|MEMB003D|-|2218,2190,no,TTATGT,ACAAAGATCGC,TGCAGGTGCTG
7271,positive,5848,-1.1065629720687866,VT65295|0|MEMB003F|-|2339,2312,no,TCAAGT,GCTGGAAACGT,CTAGGTGAAGC
7272,positive,5848,0.008914276957511902,VT65295|0|MEMB004B|+|2160,2132,no,TTATGT,TTTGGGAACGC,CTCAAGTGAAG
7273,positive,5848,0.008914276957511902,VT65295|0|MEMB004E|-|2307,2279,no,TTATAT,ACTGGGAACGC,CTCGAGTAAAG
7274,positive,5848,0.008914276957511902,VT65295|0|MEMB005B|+|2303,2275,no,TTATGT,ATTGGGAACGC,CTCGTTTGAAG
7275,positive,5848,2.593876838684082,VT65295|0|MEMB005D|-|2647,2620,no,TAATGT,ACAAATAACAC,CTCGAGTGCGC
7276,positive,5848,3.1788392066955566,VT65295|0|MEMB006A|-|2731,2704,no,CAATGT,ACAAAGAACAC,CTCGAGTGCGC
7277,positive,5848,0.008914276957511902,VT65295|0|MEMB006B|-|2950,2922,no,TTATGC,ATAAAGAACGC,CTCGAGTGCAG
7278,positive,5848,0.008914276957511902,VT65295|0|MEMB006C|+|2238,2210,no,TTATGT,ACTGGGAACGC,CTAGAGTGAAG
7279,positive,5848,0.008914276957511902,VT65295|0|MEMB007B|-|2640,2614,no,TGATAT,AGAAAGAACGC,CGAGTGCGGCT
7280,positive,5848,-1.991085767745972,VT65295|0|MEMB007C|+|2249,2219,no,TTGTGT,ACAAAAAACGT,CTGGAGTGCAG
7281,positive,5848,0.008914276957511902,VT65295|0|MEMB007D|-|2925,2896,no,TCATGC,ACAAAAACCGC,CTTGAGTACAG
7282,positive,5848,0.008914276957511902,VT65295|0|MEMB008C|-|2328,2300,no,TTATGT,ATTTGGAATGC,CTCGAGTGAAA
7283,positive,5848,0.008914276957511902,VT65295|0|dkik|-|3985,3957,no,TTATGT,ACAAAGATCGC,TGCAGGTGCTG
7284,negative,208,0.4783995747566223,VT65295|0|MEMB002A|+|3572,198,no,AAGAAA,CTAACCGTGGA,ATGGACTGAAT
7285,negative,208,0.4783995747566223,VT65295|0|MEMB002B|-|1683,198,no,AAGAAA,CTAACCGTGGA,ATGGACTGAAC
7286,negative,208,1.7007919549942017,VT65295|0|MEMB002C|-|3210,198,no,AAGAAG,CTAACCGTGGA,ATGGACTGAAC
7287,negative,208,1.7007919549942017,VT65295|0|MEMB002D|+|2569,198,no,GAGAAG,CTAACAGTGGA,ATGGCCTGAAC
7288,negative,208,1.7007919549942017,VT65295|0|MEMB002E|-|2184,198,no,GAGAAG,CTAACAGTGGA,ATGGACTAAAT
7289,negative,208,0.4783995747566223,VT65295|0|MEMB002F|-|2530,198,no,AGGAAA,CTAACCGTGGA,ACGGACTGAAT
7290,negative,208,1.7007919549942017,VT65295|0|MEMB003A|-|2218,198,no,AAGAAG,CTAACAGTGGA,ATGGACTTAAC
7291,negative,208,1.7007919549942017,VT65295|0|MEMB003B|-|2439,198,no,GAGAAG,CTAACAGTGGA,ATGGACTGAAC
7292,negative,208,1.7007919549942017,VT65295|0|MEMB003D|-|2218,198,no,AAGAAG,CTAACAGTGGA,ATGGACTTAAC
7293,negative,208,1.7007919549942017,VT65295|0|MEMB003F|-|2339,198,no,GAAAAG,CTAACCGTGGA,ATGGACTGAAC
7294,negative,208,0.4783995747566223,VT65295|0|MEMB004A|-|1649,198,no,AAGAAA,CTAACCGTGGA,ATGGACTGAAC
7295,negative,208,1.7007919549942017,VT65295|0|MEMB004B|+|2160,198,no,GAGAAG,CTAACAGTGGA,ACGGACTGAAC
7296,negative,208,1.7007919549942017,VT65295|0|MEMB004E|-|2307,198,no,GAGAAG,CTAACAGTGGA,ATGGACTGAAC
7297,negative,208,1.7007919549942017,VT65295|0|MEMB005B|+|2303,198,no,GAGAAG,CTAACAGTGGA,ATGGACTGAAC
7298,negative,208,1.7007919549942017,VT65295|0|MEMB005D|-|2647,198,no,GAGAAG,CTGACGGTGGA,ATGGACTGAAC
7299,negative,208,1.7007919549942017,VT65295|0|MEMB006A|-|2731,198,no,GAGAAG,CTGACGGTGGA,ATGGACTGAAC
7300,negative,208,3.2857544422149663,VT65295|0|MEMB006B|-|2950,198,no,GACAAG,CTAACAGTCGA,ATGGACTGAAC
7301,negative,208,1.7007919549942017,VT65295|0|MEMB006C|+|2238,198,no,GAGAAG,CTAACAGTGGA,ATGGACTGAAC
7302,negative,208,0.4783995747566223,VT65295|0|MEMB007B|-|2640,198,no,AAGAAA,CTAACCGTGGA,ATGGACTGAAT
7303,negative,208,1.7007919549942017,VT65295|0|MEMB007C|+|2249,198,no,GAGAAG,CTAACAGTGGA,ATGGACTGAAC
7304,negative,208,1.7007919549942017,VT65295|0|MEMB007D|-|2925,198,no,AAGAAG,CTAACAGTGGA,ATGGACTGAAC
7305,negative,208,1.7007919549942017,VT65295|0|MEMB008C|-|2328,198,no,GAGAAG,CTAACAGTGGA,ATGGACTGAAC
7306,negative,208,1.7007919549942017,VT65295|0|dkik|-|3985,198,no,AAGAAG,CTAACAGTGGA,ATGGACTTAAC
7307,negative,403,0.008914276957511902,VT65295|0|MEMB002A|+|3572,296,no,GGTTCT,TAACTATTTAA,CTCCATTATAG
7308,negative,403,0.008914276957511902,VT65295|0|MEMB002B|-|1683,287,no,GCTTCT,TTACTAGTTTA,CTCCATTATAG
7309,negative,403,0.008914276957511902,VT65295|0|MEMB002C|-|3210,293,no,TCTCCT,TAAATATTTTA,GTGTAAAAAGT
7310,negative,403,-0.9366379380226136,VT65295|0|MEMB002D|+|2569,293,no,ATGAGC,TGGAAGTGTAA,CACATTTGGTG
7311,negative,403,0.5938767790794373,VT65295|0|MEMB002E|-|2184,293,no,TCCCAT,TTGGTTCATAA,GTTGCAATATT
7312,negative,403,-0.9910857081413268,VT65295|0|MEMB002F|-|2530,293,no,GGATCT,TGACTCTTCGA,CTCCTTTATAT
7313,negative,403,1.1788393259048462,VT65295|0|MEMB003B|-|2439,293,no,CCCATT,TGAATTTGTAT,TAAAAATATTT
7314,negative,403,1.5938767194747925,VT65295|0|MEMB003F|-|2339,293,no,ATGAAT,TGAATTTGTAA,ATTTCTCATTC
7315,negative,403,0.008914276957511902,VT65295|0|MEMB004A|-|1649,292,no,GGTTCT,TTACTATTTGA,CTCCATTATAG
7316,negative,403,1.5938767194747925,VT65295|0|MEMB004E|-|2307,293,no,ATGAAT,TGAATTTGTAA,ACTTCTCATTC
7317,negative,403,1.5938767194747925,VT65295|0|MEMB005B|+|2303,296,no,ATGAAT,TGAATTTGTAA,ATTTCTCATTC
7318,negative,403,1.5938767194747925,VT65295|0|MEMB005D|-|2647,293,no,CTGAAT,TGAGTTTTTAA,CTATTTGGCTG
7319,negative,403,1.5938767194747925,VT65295|0|MEMB006A|-|2731,293,no,ATGAAT,TGAATTTTTAA,CTATTTGGCTC
7320,negative,403,3.1788392066955566,VT65295|0|MEMB006B|-|2950,293,no,AACAAT,TGAATTTGTAA,ACTTTTATTTT
7321,negative,403,1.5938767194747925,VT65295|0|MEMB006C|+|2238,296,no,ATGAAT,TGAATTTGTAA,ATGTCTCATCA
7322,negative,403,0.008914276957511902,VT65295|0|MEMB007B|-|2640,296,no,GGTTCT,TAACTATTTGA,CTCCATTATAG
7323,negative,403,-2.991085767745972,VT65295|0|MEMB007D|-|2925,387,no,TCGTTT,TGGTTTTCTAT,TTCGATTCTCT
7324,negative,403,1.5938767194747925,VT65295|0|MEMB008C|-|2328,293,no,ATGAAT,GGAATTTGTAA,ATTTCGCTTTA
7325,negative,990,-1.2992080450057983,VT65295|0|MEMB002A|+|3572,883,no,TTCTGG,TCTTTTTCGAT,TTGGCCCATAA
7326,negative,990,-1.5216004848480225,VT65295|0|MEMB002B|-|1683,408,no,TAGAGA,AAGATTTGGTT,AATACAAATTT
7327,negative,990,-1.5216004848480225,VT65295|0|MEMB002C|-|3210,580,no,GAGATA,TTAGCATTAAG,CATAAACATGG
7328,negative,990,-1.4061232805252075,VT65295|0|MEMB002F|-|2530,421,no,CTCTTT,GGTCTTCGGTT,AATCGTGATCT
7329,negative,990,-1.5216004848480225,VT65295|0|MEMB004A|-|1649,384,no,TAGAGA,TAGTTTTGGAT,AATACATATTT
7330,negative,990,3.1788392066955566,VT65295|0|MEMB006B|-|2950,307,no,CACACT,TTTATTTTAAC,CAATATTTCCC
7331,negative,990,2.0633621215820312,VT65295|0|MEMB007D|-|2925,611,no,TACAAA,TATAAATGAAT,ATGCTCGAACA
7332,positive,1893,-0.8841705322265625,VT65295|0|MEMB002A|+|3572,1748,no,GGCGAA,CCAATGGCCGC,GAGCACCACAT
7333,positive,1893,-2.8841705322265625,VT65295|0|MEMB002B|-|1683,944,no,GGTGAA,CCGATGGCCGC,GAGCACCACAT
7334,positive,1893,-2.8841705322265625,VT65295|0|MEMB002C|-|3210,1394,no,GGTGAA,CCAATGGCCGC,GAGCACCACAT
7335,positive,1893,1.7007919549942017,VT65295|0|MEMB002D|+|2569,771,no,GACGAA,CCTATGGCCGA,GAGCACCACGA
7336,positive,1893,1.7007919549942017,VT65295|0|MEMB002E|-|2184,769,no,GACGAA,CCTATGACCGA,GAGCACGACGA
7337,positive,1893,-0.8841705322265625,VT65295|0|MEMB002F|-|2530,941,no,GGCGAA,CCTATAGCCGC,AAGCACCACAT
7338,positive,1893,-0.8841705322265625,VT65295|0|MEMB003A|-|2218,720,no,GGCGAA,CCTATGACCGA,GAGCACCACGT
7339,positive,1893,1.7007919549942017,VT65295|0|MEMB003B|-|2439,766,no,GACGAA,GCTATGACCGA,GAGCACCACGT
7340,positive,1893,-2.8841705322265625,VT65295|0|MEMB003C|+|2464,671,no,GGTGAA,CCAATGGCCGC,GAGCACCACAT
7341,positive,1893,-0.8841705322265625,VT65295|0|MEMB003D|-|2218,720,no,GGCGAA,CCTATGACCGA,GAGCACCACGT
7342,positive,1893,1.7007919549942017,VT65295|0|MEMB003F|-|2339,773,no,GACGAA,CCTAGGACTGA,GAGCACCACGA
7343,positive,1893,-2.8841705322265625,VT65295|0|MEMB004A|-|1649,939,no,GGTGAA,CCGATGGCCGC,GAGCACCACAT
7344,positive,1893,1.7007919549942017,VT65295|0|MEMB004B|+|2160,740,no,GACGAA,CCTATGACCGA,GAGCACCACGA
7345,positive,1893,1.7007919549942017,VT65295|0|MEMB004E|-|2307,771,no,GACGAA,CCTATGATTGA,GAGCACCACGA
7346,positive,1893,1.7007919549942017,VT65295|0|MEMB005B|+|2303,755,no,GACGAA,CCCAAGACCGA,GAGCACCACGA
7347,positive,1893,1.7007919549942017,VT65295|0|MEMB005D|-|2647,751,no,GACGAA,CCTATGACCGA,GAGCACCACGA
7348,positive,1893,1.7007919549942017,VT65295|0|MEMB006A|-|2731,774,no,GACGAA,CCTATGGCCGA,GAGCACCACGT
7349,positive,1893,3.2857544422149663,VT65295|0|MEMB006B|-|2950,784,no,CACGAA,GCCACGGCCGA,GAGCACCACGT
7350,positive,1893,1.7007919549942017,VT65295|0|MEMB006C|+|2238,763,no,GACGAA,CCTATGCCCGA,GAGCACCACGA
7351,positive,1893,-2.8841705322265625,VT65295|0|MEMB007B|-|2640,841,no,GGTGAA,CCTATGGCCGC,GAGCACCACAT
7352,positive,1893,1.7007919549942017,VT65295|0|MEMB007C|+|2249,732,no,GACGAA,GCTATGACAGA,GAGCACCACGT
7353,positive,1893,-0.8841705322265625,VT65295|0|MEMB007D|-|2925,1127,no,GGCGAA,CCTATGGCCGA,AAGGACAACGA
7354,positive,1893,1.7007919549942017,VT65295|0|MEMB008C|-|2328,775,no,GACGAA,CCTATCACCGA,GAGCACTACGA
7355,positive,1893,-0.8841705322265625,VT65295|0|dkik|-|3985,720,no,GGCGAA,CCTATGACCGA,GAGCACCACGT
7356,negative,3376,3.1788392066955566,VT65295|0|MEMB006B|-|2950,1458,no,TTCACT,GCGTTCACAGC,GAAAAGATTTC
7357,positive,3418,-1.991085767745972,VT65295|0|MEMB002A|+|3572,2541,no,TCTTTA,TTCCTTATTTT,AGTAAACTAAA
7358,positive,3418,-1.991085767745972,VT65295|0|MEMB002C|-|3210,2198,no,TCTTTA,TTTATTATTTT,AATAAACTAAA
7359,positive,3418,0.7007919549942017,VT65295|0|MEMB002D|+|2569,1602,no,TATGTA,TTGTATGAACA,CACATATGTAT
7360,positive,3418,0.06336206197738647,VT65295|0|MEMB002F|-|2530,1664,no,CCCCAA,TCTTTTCGTCT,AGTGTTAAATA
7361,positive,3418,-1.991085767745972,VT65295|0|MEMB003C|+|2464,1453,no,TCTTTA,TTCATTCTTTT,AATAAACTAAA
7362,positive,3418,-2.991085767745972,VT65295|0|MEMB005D|-|2647,1680,no,AGTTAT,AGGAATAGCCT,ATAAATTAACT
7363,positive,3418,-2.991085767745972,VT65295|0|MEMB006A|-|2731,1782,no,AGTTAA,TTGTCGGCTTA,ATCAATTAACT
7364,positive,3418,3.1788392066955566,VT65295|0|MEMB006B|-|2950,1500,no,cactgc,ACTACTCcctt,gctgcaaactt
7365,positive,3418,-0.5216004252433777,VT65295|0|MEMB007B|-|2640,1629,no,TTCCTT,CTTTCTTTCTT,TAAATAAACTA
7366,positive,3418,-3.5216004848480225,VT65295|0|dkik|-|3985,1580,no,attcag,tcgtataaaat,caaacgatatt
7367,negative,3446,3.2857544422149663,VT65295|0|MEMB006B|-|2950,1528,no,TGCAAG,GGTATAATGAG,TTATAATACCC
7368,negative,3446,2.7007920742034908,VT65295|0|dkik|-|3985,1608,no,TATACG,TTATTATGGAC,TTTATATGTGG
7369,positive,3466,3.1788392066955566,VT65295|0|MEMB006B|-|2950,1548,no,caatca,tattataattt,gaagtttgcaa
7370,positive,3466,-0.4061232209205627,VT65295|0|dkik|-|3985,1628,no,gatttt,catataaaaat,ttatagtacta
7371,positive,3642,3.1788392066955566,VT65295|0|MEMB006B|-|2950,1720,no,cactcg,ctatatactct,tacatatgtcg
7372,positive,3642,-2.991085767745972,VT65295|0|dkik|-|3985,1776,no,gtttaa,tcgtacggtgc,tattaactttt
7373,negative,3696,-0.9910857081413268,VT65295|0|MEMB002A|+|3572,2628,no,TTAGAT,TCACCCACAAT,TCATGTGCTAT
7374,negative,3696,-0.9910857081413268,VT65295|0|MEMB002C|-|3210,2289,no,TTAGAT,TCATCCACAAT,TCATGTGCTAT
7375,negative,3696,-4.106563091278076,VT65295|0|MEMB002F|-|2530,1699,no,TTAGGA,TCTTGAAAATT,TAATTTCCAAG
7376,negative,3696,-0.9910857081413268,VT65295|0|MEMB003C|+|2464,1544,no,TTAGAT,TTACCCACAAT,TCATGTGCTAT
7377,negative,3696,3.1788392066955566,VT65295|0|MEMB006B|-|2950,1774,no,TCCAAT,GCAGCTATATG,TTACCGATCGT
7378,negative,3696,-0.9910857081413268,VT65295|0|MEMB007B|-|2640,1718,no,TTAGAT,TCACCCACAAT,TCATGTGCTAT
7379,negative,3696,-1.5216004848480225,VT65295|0|dkik|-|3985,1830,no,TTACCC,AATATTAATAT,CAAGGGTGATG
7380,positive,3751,3.1788392066955566,VT65295|0|MEMB006B|-|2950,1826,no,caatat,ttgtcagttta,attttcaccaa
7381,positive,3751,2.593876838684082,VT65295|0|dkik|-|3985,1885,no,taataa,ggcattgattt,attttggcatt
7382,positive,3765,1.5938767194747925,VT65295|0|MEMB002A|+|3572,2669,no,AAATGA,AAAATATTGAC,TGACAAATGTT
7383,positive,3765,1.5938767194747925,VT65295|0|MEMB002C|-|3210,2330,no,AAATTA,AAAATATTGAC,TGTCAAATATT
7384,positive,3765,1.5938767194747925,VT65295|0|MEMB003C|+|2464,1585,no,AAATGA,AAAATATTGAC,TAAGAAATGTT
7385,positive,3765,3.1788392066955566,VT65295|0|MEMB006B|-|2950,1840,no,caattt,tatattttcac,tgatatttgcc
7386,positive,3765,-0.4061232209205627,VT65295|0|MEMB007B|-|2640,1749,no,AATTAT,TGGTAAATAGA,TGACAAATGTT
7387,positive,3765,-2.8841705322265625,VT65295|0|dkik|-|3985,1899,no,attgct,taaattttggc,ctcttgaaata
7388,positive,4088,3.1788392066955566,VT65295|0|MEMB006B|-|2950,1933,no,caatca,ttccataggaa,gggaaataata
7389,positive,4088,-0.4061232209205627,VT65295|0|dkik|-|3985,2222,no,aagtgc,tcccatcaata,agctgccccac
7390,negative,4298,-2.1065628528594966,VT65295|0|MEMB002D|+|2569,1794,no,AAAGAA,TACGAGGAAAT,GAAAATATAGA
7391,negative,4298,-1.8841705322265625,VT65295|0|MEMB003B|-|2439,1579,no,CTTCGG,TGTGCGGCAGT,GAGTATGCAAG
7392,negative,4298,-1.8841705322265625,VT65295|0|MEMB005D|-|2647,1797,no,TTTCGG,CGTGCAGAAAA,GAGTATCCATA
7393,negative,4298,-1.8841705322265625,VT65295|0|MEMB006A|-|2731,1881,no,CTTCGG,CGTGCAGAAGA,GAGTATTCACA
7394,negative,4298,3.2857544422149663,VT65295|0|MEMB006B|-|2950,1994,no,CTCAAG,TTTGATGAAAA,AGTGACGAAAT
7395,negative,4298,0.4783995747566223,VT65295|0|MEMB007B|-|2640,1864,no,AAAAAA,AATGTAGAAAT,GAAAATAGGCA
7396,negative,4298,-1.2992080450057983,VT65295|0|MEMB007C|+|2249,1533,no,CTCCGG,TGTGTGGCAGT,GAGTAGTCACA
7397,negative,4298,-3.5216004848480225,VT65295|0|dkik|-|3985,2432,no,ATGGTC,ACGGGAAAGGA,AAGCGTTTACA
7398,positive,4311,-2.5216004848480225,VT65295|0|MEMB002A|+|3572,2809,no,TTTCGT,TTTGAGCCCAT,ACTTTTGATGT
7399,positive,4311,-2.5216004848480225,VT65295|0|MEMB002C|-|3210,2446,no,TTTCGT,TTTGTGCCCAT,ACTTGTGATGT
7400,positive,4311,-2.5216004848480225,VT65295|0|MEMB002D|+|2569,1807,no,tttcta,cttttctatat,tcgcgctaacc
7401,positive,4311,-3.5216004848480225,VT65295|0|MEMB003B|-|2439,1592,no,actctt,gaagcttgcat,acagttTGTAA
7402,positive,4311,-2.5216004848480225,VT65295|0|MEMB003C|+|2464,1701,no,TTTCGT,TTTGTGCCCAT,ACTTTTGATGT
7403,positive,4311,-3.5216004848480225,VT65295|0|MEMB005D|-|2647,1810,no,actctt,gaaatatggat,gcagttTTTAA
7404,positive,4311,-3.5216004848480225,VT65295|0|MEMB006A|-|2731,1894,no,actctt,gaagtgtgaat,gcagtttttaa
7405,positive,4311,3.1788392066955566,VT65295|0|MEMB006B|-|2950,2007,no,cactta,tgagatttcgt,atattattcca
7406,positive,4311,-2.5216004848480225,VT65295|0|MEMB007B|-|2640,1877,no,TTTCGT,TTTTTGCCTAT,ACTTTTGATGT
7407,positive,4311,-3.5216004848480225,VT65295|0|MEMB007C|+|2249,1546,no,ACTCTT,GGAGTGTGACT,ACAGTTTGTTA
7408,positive,4311,-2.991085767745972,VT65295|0|dkik|-|3985,2445,no,gcttct,ccattgtaaac,tcttttgacga
7409,positive,4353,-2.1065628528594966,VT65295|0|MEMB003B|-|2439,1613,no,ATCATT,ttTGTAAATTC,GAGAAGTGTac
7410,positive,4353,-2.1065628528594966,VT65295|0|MEMB005D|-|2647,1852,no,GGAAAG,AACGTAGAAGT,ACGGAGGAcag
7411,positive,4353,-2.1065628528594966,VT65295|0|MEMB006A|-|2731,1936,no,GGAAAG,GACGTAGAAGT,ACAGAGGACAG
7412,positive,4353,3.1788392066955566,VT65295|0|MEMB006B|-|2950,2047,no,caatcg,aaattttatga,gacgactatat
7413,positive,4353,-2.5216004848480225,VT65295|0|dkik|-|3985,2487,no,cctaag,tttttccttgg,agtaagttaat
7414,positive,4389,0.4783995747566223,VT65295|0|MEMB002D|+|2569,1826,no,aacaga,gcgctaacccg,cacgtgattgg
7415,positive,4389,-0.9910857081413268,VT65295|0|MEMB003B|-|2439,1649,no,ggctgt,ctagatcgact,tgatgctagtc
7416,positive,4389,1.5938767194747925,VT65295|0|MEMB005D|-|2647,1888,no,aaataa,tgataaagaat,actttataggg
7417,positive,4389,-2.991085767745972,VT65295|0|MEMB006A|-|2731,1972,no,atttaa,tgataaagaat,actttatacgg
7418,positive,4389,3.1788392066955566,VT65295|0|MEMB006B|-|2950,2083,no,caatca,tgccataggaa,gggaaataata
7419,positive,4389,-0.9910857081413268,VT65295|0|dkik|-|3985,2523,no,gtctat,tatgtaacata,cacagtgcata
7420,positive,4618,0.5938767790794373,VT65295|0|MEMB003B|-|2439,1715,no,ccctga,tcttttcactg,aaacttccaat
7421,positive,4618,3.1788392066955566,VT65295|0|MEMB006B|-|2950,2149,no,caatgt,attcggctatt,tatcttagaat
7422,positive,4618,0.008914276957511902,VT65295|0|dkik|-|3985,2752,no,tcctta,tattgccatat,aattttttaat
7423,positive,4656,3.1788392066955566,VT65295|0|MEMB006B|-|2950,2187,no,caatag,attacatagct,taatctgcaag
7424,positive,4656,-1.5216004848480225,VT65295|0|dkik|-|3985,2790,no,agccag,acggacgactt,attaaattgct
7425,positive,4669,3.2857544422149663,VT65295|0|MEMB006B|-|2950,2200,no,caaggg,atagtaatctg,tatataaactt
7426,positive,4669,0.008914276957511902,VT65295|0|dkik|-|3985,2803,no,tgcttg,ccagattaaat,gcaatttcacc
7427,negative,4711,3.2857544422149663,VT65295|0|MEMB006B|-|2950,2242,no,AACAAG,AAAGGAAGCTA,CTTATTCTCAA
7428,negative,4711,-1.1065629720687866,VT65295|0|dkik|-|3985,2845,no,TCTGAA,TAATTATAAAA,AGAATTTTAGT
7429,positive,5181,-1.1065629720687866,VT65295|0|MEMB002A|+|3572,2897,no,TTAAAA,ACCAGATATTA,CACTCACCCGA
7430,positive,5181,-1.1065629720687866,VT65295|0|MEMB002C|-|3210,2535,no,TTAAAA,ACCAGATATTA,CACTCACCCGA
7431,positive,5181,0.5938767790794373,VT65295|0|MEMB002D|+|2569,1904,no,CGATTA,GTTAGATATTA,GACTCACTCGG
7432,positive,5181,0.008914276957511902,VT65295|0|MEMB002E|-|2184,1512,no,tGATTA,gttagatatta,GACTCACTCGG
7433,positive,5181,-3.106562852859497,VT65295|0|MEMB002F|-|2530,1848,no,TGGAAA,ATTATATATTC,GACTCACTCGA
7434,positive,5181,-3.106562852859497,VT65295|0|MEMB003A|-|2218,1548,no,tttaAA,atatataaata,AACTCACTCGG
7435,positive,5181,0.5938767790794373,VT65295|0|MEMB003B|-|2439,1779,no,CGATAA,TATATATATTA,GACTCACTCGG
7436,positive,5181,-1.1065629720687866,VT65295|0|MEMB003C|+|2464,1789,no,TTAAAA,ACCAGATATTA,CACTCACCCGA
7437,positive,5181,-3.106562852859497,VT65295|0|MEMB003D|-|2218,1548,no,tttaAA,atatataaata,AACTCACTCGG
7438,positive,5181,0.008914276957511902,VT65295|0|MEMB003F|-|2339,1673,no,TGATAA,GTTATAGATTA,GACTCACTCGA
7439,positive,5181,-0.5216004252433777,VT65295|0|MEMB004B|+|2160,1493,no,CGAAGA,GGTTTATCATT,GACTTACTCGA
7440,positive,5181,0.5938767790794373,VT65295|0|MEMB004E|-|2307,1637,no,CGATAA,GCTATCTAATA,GACTCACTCGA
7441,positive,5181,0.008914276957511902,VT65295|0|MEMB005B|+|2303,1636,no,TGATGG,GTTCTATAATA,GACTCACTCGA
7442,positive,5181,0.06336206197738647,VT65295|0|MEMB005D|-|2647,1981,no,CGACAG,TGTATATATTA,GACTCACTCGG
7443,positive,5181,0.06336206197738647,VT65295|0|MEMB006A|-|2731,2065,no,CGACAG,TGTACATATTA,GACTCACTCGG
7444,positive,5181,3.1788392066955566,VT65295|0|MEMB006B|-|2950,2293,no,CAATAA,TTTTTATATTA,GACTCACTCGG
7445,positive,5181,0.5938767790794373,VT65295|0|MEMB006C|+|2238,1569,no,CCATGG,GTTATAAAATA,GACTCACTCGA
7446,positive,5181,-1.1065629720687866,VT65295|0|MEMB007B|-|2640,1965,no,TTAAAA,ACCAGATATTA,CACTCACCCGT
7447,positive,5181,0.5938767790794373,VT65295|0|MEMB007C|+|2249,1590,no,CGATAT,GTTACATATTA,TACTCACTCGG
7448,positive,5181,-2.5216004848480225,VT65295|0|MEMB007D|-|2925,2258,no,CGTAGA,CATAAATTTTA,AACTCACTCGA
7449,positive,5181,-0.5216004252433777,VT65295|0|MEMB008C|-|2328,1659,no,CGAAGA,GTTATATTATA,GACTCACTCGA
7450,positive,5181,-3.106562852859497,VT65295|0|dkik|-|3985,3315,no,tttaAA,atatataaata,AACTCACTCGG
7451,positive,295,-0.9910857081413268,VT65295|0|MEMB002A|+|3572,281,no,ACCTTT,GGTACCCTTTC,AAATAGTTAAG
7452,positive,295,1.0633620023727417,VT65295|0|MEMB002B|-|1683,277,no,AAACTA,AGAATGCCTTT,GTAAAGAAGCC
7453,positive,295,1.1788393259048462,VT65295|0|MEMB002C|-|3210,279,no,CATTAA,GAGACCTTTCA,AATATTTAAGG
7454,positive,295,1.5938767194747925,VT65295|0|MEMB002D|+|2569,279,no,AAATTA,TAAGAACTTTG,CACTTCCAGCT
7455,positive,295,-0.4061232209205627,VT65295|0|MEMB002E|-|2184,279,no,AATTTA,TATCAACTTTA,TGAACCAAATG
7456,positive,295,1.5938767194747925,VT65295|0|MEMB002F|-|2530,277,no,AAATTT,AGGATACTTTT,CGAAGAGTCAA
7457,positive,295,1.5938767194747925,VT65295|0|MEMB003A|-|2218,279,no,AAATTA,GAAAAACTTTT,GGTCTCACACA
7458,positive,295,0.4783995747566223,VT65295|0|MEMB003B|-|2439,279,no,AAAATA,GATAAACATTT,CAAATTCAAAT
7459,positive,295,1.5938767194747925,VT65295|0|MEMB003D|-|2218,279,no,AAATTA,GATAAACTTTT,GGACTCACACA
7460,positive,295,1.5938767194747925,VT65295|0|MEMB003F|-|2339,279,no,AAATTA,AATGATCTCTT,CAAATTCAATT
7461,positive,295,1.5938767194747925,VT65295|0|MEMB004A|-|1649,277,no,AAATTC,AGGAGAATTTA,AAATAGTAAAG
7462,positive,295,1.5938767194747925,VT65295|0|MEMB004B|+|2160,273,no,GAATGA,ATGCAATTCAT,GAAATATTACA
7463,positive,295,1.5938767194747925,VT65295|0|MEMB004E|-|2307,279,no,AAATTA,GATGAACTTTT,CAAATTCAATT
7464,positive,295,1.5938767194747925,VT65295|0|MEMB005B|+|2303,282,no,AAATTA,GATGAGCTTTT,CAAATTCAATT
7465,positive,295,-0.9910857081413268,VT65295|0|MEMB005D|-|2647,279,no,GGATTA,GATAAACTTTT,AAAACTCAATT
7466,positive,295,-0.9910857081413268,VT65295|0|MEMB006A|-|2731,279,no,GGATTA,GATAAGCTTTT,AAAATTCAATT
7467,positive,295,1.5938767194747925,VT65295|0|MEMB006B|-|2950,279,no,AAATTA,GATGAACTTTT,CAAATTCAATT
7468,positive,295,3.1788392066955566,VT65295|0|MEMB006C|+|2238,282,no,CAATTA,GATGAACTTTT,CAAATTCAATT
7469,positive,295,-1.4061232805252075,VT65295|0|MEMB007B|-|2640,282,no,CCTTCA,GAGACCTTTCA,AATAGTTAAGA
7470,positive,295,1.5938767194747925,VT65295|0|MEMB007C|+|2249,263,no,AAATGG,TTCTAAAATTC,CAAATATTTTT
7471,positive,295,-0.4061232209205627,VT65295|0|MEMB007D|-|2925,279,no,AATTTT,GAAATCCTTTT,AAGCATACTCA
7472,positive,295,1.5938767194747925,VT65295|0|MEMB008C|-|2328,279,no,AAATTA,GATGGACTTTT,CAAATTCCATT
7473,positive,295,1.5938767194747925,VT65295|0|dkik|-|3985,279,no,AAATTA,GATAAACTTTT,GGTCTCACACA
7474,negative,979,0.5938767790794373,VT65295|0|MEMB002A|+|3572,872,no,TTCGAT,GAATTTCTTCA,TTCTGGTCTTT
7475,negative,979,-2.991085767745972,VT65295|0|MEMB002B|-|1683,397,no,TTGGTT,GAGCCTTTGCA,TAGAGAAAGAT
7476,negative,979,2.7007920742034908,VT65295|0|MEMB002C|-|3210,569,no,ATTAAG,GTTAGAATTTT,GAGATATTAGC
7477,negative,979,0.008914276957511902,VT65295|0|MEMB002D|+|2569,297,no,GGTGAT,GAGCTGGAAGT,AATTCACATTT
7478,negative,979,-2.991085767745972,VT65295|0|MEMB002F|-|2530,410,no,TCGGTT,GCATGTGCTCA,CTCTTTGGTCT
7479,negative,979,0.008914276957511902,VT65295|0|MEMB003F|-|2339,297,no,ATTCAT,GAATTGAATTT,CAATATTTCTC
7480,negative,979,-0.9910857081413268,VT65295|0|MEMB004A|-|1649,373,no,TTGGAT,GAGCTATTGCA,TAGAGATAGTT
7481,negative,979,0.008914276957511902,VT65295|0|MEMB004E|-|2307,297,no,ATTCAT,GAATTGAATTT,CATTACTTCTC
7482,negative,979,0.008914276957511902,VT65295|0|MEMB005B|+|2303,300,no,ATTCAT,GAATTGAATTT,AAATATTTCTC
7483,negative,979,0.008914276957511902,VT65295|0|MEMB005D|-|2647,297,no,GCTGCT,GAATTGAGTTT,TTTCCTATTTG
7484,negative,979,0.008914276957511902,VT65295|0|MEMB006A|-|2731,297,no,GCTCAT,GAATTGAATTT,TCTCCTATTTG
7485,negative,979,2.0633621215820312,VT65295|0|MEMB006B|-|2950,296,no,TTTAAC,AATTGAATTTG,CACACTTTTAT
7486,negative,979,3.1788392066955566,VT65295|0|MEMB006C|+|2238,300,no,ATCAAT,GAATTGAATTT,GTAAATGTCTC
7487,negative,979,1.5938767194747925,VT65295|0|MEMB007D|-|2925,600,no,ATGAAT,GAACATGTTTG,TACAAATATAA
7488,negative,979,2.593876838684082,VT65295|0|MEMB008C|-|2328,297,no,TTTAAT,GAATGGAATTT,CAATATTTCGC
7489,positive,1508,0.5938767790794373,VT65295|0|MEMB002A|+|3572,1363,no,CCATAA,AAAGGGCTTTC,GGGACACCGAG
7490,positive,1508,0.5938767790794373,VT65295|0|MEMB002B|-|1683,559,no,CCATAA,AAAGGGCTTCC,GGGACACAGAG
7491,positive,1508,0.5938767790794373,VT65295|0|MEMB002C|-|3210,1009,no,CCATAA,AAAGGGCTTTC,GGGACACCGAG
7492,positive,1508,0.5938767790794373,VT65295|0|MEMB002D|+|2569,386,no,CCATAA,AAAAGGCTTGT,GCAATACACTG
7493,positive,1508,-1.4061232805252075,VT65295|0|MEMB002E|-|2184,384,no,CCGTTA,AAAGGGCTTGT,GCAATACAGTG
7494,positive,1508,0.5938767790794373,VT65295|0|MEMB002F|-|2530,556,no,CCATAA,AAAGGGCTTGC,CGACCACACTG
7495,positive,1508,0.5938767790794373,VT65295|0|MEMB003A|-|2218,335,no,CCATAA,GAAAGGACTAC,ACAAGATACTG
7496,positive,1508,0.5938767790794373,VT65295|0|MEMB003B|-|2439,381,no,CCATAA,AAAGGGTTTGT,GGTATACAGTG
7497,positive,1508,0.5938767790794373,VT65295|0|MEMB003C|+|2464,286,no,CCATAA,AAAGGGCTTTC,GGGACACCGAG
7498,positive,1508,0.5938767790794373,VT65295|0|MEMB003D|-|2218,335,no,CCATAA,GAAAGGACTAC,ACAAGATACTG
7499,positive,1508,0.5938767790794373,VT65295|0|MEMB003F|-|2339,388,no,CCATAA,GAAGGGCTTGT,GCATTATAGTG
7500,positive,1508,0.5938767790794373,VT65295|0|MEMB004A|-|1649,554,no,CCATAA,AAAGGGCTTCC,GGGACACAGAG
7501,positive,1508,-1.4061232805252075,VT65295|0|MEMB004B|+|2160,355,no,CCTTAA,GAAGGGCTTGT,GCATTACAGTG
7502,positive,1508,0.5938767790794373,VT65295|0|MEMB004E|-|2307,389,no,CCATAA,GAAGGGCCTGC,GCAGTACATTG
7503,positive,1508,-1.4061232805252075,VT65295|0|MEMB005B|+|2303,370,no,CCTTAA,GAAGGGCTTGT,GCAGTACAGTG
7504,positive,1508,0.5938767790794373,VT65295|0|MEMB005D|-|2647,366,no,CCATAA,AAAAGGCTTGC,GCAGTACAGTG
7505,positive,1508,0.5938767790794373,VT65295|0|MEMB006A|-|2731,389,no,CCATAA,AAAAGGCTTGC,GCAGTACAGTG
7506,positive,1508,0.5938767790794373,VT65295|0|MEMB006B|-|2950,399,no,CCATAA,AAAGGGCCTGT,GCAATACAGTG
7507,positive,1508,3.1788392066955566,VT65295|0|MEMB006C|+|2238,378,no,CACTAA,GAAGGGCTTGT,GCATTACAGTG
7508,positive,1508,0.5938767790794373,VT65295|0|MEMB007B|-|2640,456,no,CCATCA,AAAGGGCTTTC,GGGACACCGAG
7509,positive,1508,0.5938767790794373,VT65295|0|MEMB007C|+|2249,347,no,CCATAA,AAAGGGCTTAT,GGTATACAGTG
7510,positive,1508,0.5938767790794373,VT65295|0|MEMB007D|-|2925,742,no,CCATAA,CATAGGTTCTC,CGAGTACACTG
7511,positive,1508,-1.4061232805252075,VT65295|0|MEMB008C|-|2328,390,no,CCTTAA,GAAGGGCTTGT,GCAGTACAGTG
7512,positive,1508,0.5938767790794373,VT65295|0|dkik|-|3985,335,no,CCATAA,GAAAGGGCTAC,ACAAGGTACTG
7513,negative,2142,1.0633620023727417,VT65295|0|MEMB002A|+|3572,1997,no,GTAACC,GGAATGGTGGT,TGGAGATGATT
7514,negative,2142,1.0633620023727417,VT65295|0|MEMB002B|-|1683,1193,no,ATAACC,GGAATGGTGAT,TTCAGATGATT
7515,negative,2142,1.0633620023727417,VT65295|0|MEMB002C|-|3210,1643,no,GTAACC,GGAATGGTGGT,TGGAGATGATT
7516,negative,2142,1.5938767194747925,VT65295|0|MEMB002D|+|2569,1020,no,ATAACT,GCATTGGTGGT,TGGAGCTAATT
7517,negative,2142,1.5938767194747925,VT65295|0|MEMB002E|-|2184,1018,no,ATAACT,GCTTTGGTGGT,TGGAGCTTATA
7518,negative,2142,1.0633620023727417,VT65295|0|MEMB002F|-|2530,1190,no,TTAACC,GGAATGGTGGT,TGGAGCTTATT
7519,negative,2142,1.0633620023727417,VT65295|0|MEMB003A|-|2218,969,no,GTAACC,GCAATGGTGGT,TGGAGCTTATT
7520,negative,2142,2.593876838684082,VT65295|0|MEMB003B|-|2439,1015,no,ATTACT,GCATTGGTGGT,TGGAGCTTATC
7521,negative,2142,1.0633620023727417,VT65295|0|MEMB003C|+|2464,920,no,GTAACC,GGAATGGTGGT,TGGAGATGATT
7522,negative,2142,1.0633620023727417,VT65295|0|MEMB003D|-|2218,969,no,GTAACC,GCAATGGTGGT,TGGAGCTTATT
7523,negative,2142,1.5938767194747925,VT65295|0|MEMB003F|-|2339,1022,no,ATAACT,GCATTGGTGGT,TGGAGCTTATC
7524,negative,2142,1.0633620023727417,VT65295|0|MEMB004A|-|1649,1188,no,ATAACC,GGAATGGTGAT,TGCAGATGATT
7525,negative,2142,1.5938767194747925,VT65295|0|MEMB004B|+|2160,989,no,TTAACT,GCATTGGTGGT,TGGAGCTTATC
7526,negative,2142,1.5938767194747925,VT65295|0|MEMB004E|-|2307,1020,no,TTAACT,GCATTGGTGGT,TGGAGCTTATA
7527,negative,2142,1.5938767194747925,VT65295|0|MEMB005B|+|2303,1004,no,TTAACT,GCATTGGTGGT,TGGAGCTTATC
7528,negative,2142,2.593876838684082,VT65295|0|MEMB005D|-|2647,1000,no,ATTACT,GCTCTGGTGGT,TGGAGCTTATC
7529,negative,2142,2.593876838684082,VT65295|0|MEMB006A|-|2731,1023,no,ATTACT,GCTCTGGTGGT,TGGAGCTCATC
7530,negative,2142,1.5938767194747925,VT65295|0|MEMB006B|-|2950,1033,no,ATGACT,GCATTGGTGGT,TGGAGCTCATC
7531,negative,2142,3.1788392066955566,VT65295|0|MEMB006C|+|2238,1012,no,CTCACT,GCATTGGTGGT,TGGAGCTTATA
7532,negative,2142,1.0633620023727417,VT65295|0|MEMB007B|-|2640,1090,no,GTAACC,GGAATGGTGGT,TGGAGATGATT
7533,negative,2142,1.5938767194747925,VT65295|0|MEMB007C|+|2249,981,no,ATAACT,GCATTGGTGGT,TGGAGCTTATC
7534,negative,2142,1.0633620023727417,VT65295|0|MEMB007D|-|2925,1376,no,CTAACC,GCAATGGTGGT,TGGAGATCATT
7535,negative,2142,1.5938767194747925,VT65295|0|MEMB008C|-|2328,1024,no,TTAACT,GCATTGGTGGT,TGGAGCTAATC
7536,negative,2142,1.0633620023727417,VT65295|0|dkik|-|3985,969,no,GTAACC,GCAATGGTTGT,TGGAGCTTATT
7537,negative,2286,-2.991085767745972,VT65295|0|MEMB002A|+|3572,2132,no,CGATTT,TATTTTATTAT,TATATTTCTTA
7538,negative,2286,-1.991085767745972,VT65295|0|MEMB002B|-|1683,1328,no,TTTTTT,TATTTTATTAT,ACTTTTTTATG
7539,negative,2286,-2.991085767745972,VT65295|0|MEMB002C|-|3210,1778,no,TGATTT,TATTTTATTAT,TATATTTCTTA
7540,negative,2286,-1.8841705322265625,VT65295|0|MEMB002D|+|2569,1146,no,TATTTG,TATTTTTCCTT,TCCTTTACGCT
7541,negative,2286,-1.8841705322265625,VT65295|0|MEMB003A|-|2218,1095,no,TATTTG,TATTATCCCTT,TCCCTAATTTA
7542,negative,2286,-2.991085767745972,VT65295|0|MEMB003C|+|2464,1055,no,TGATTT,TATTTTATTAT,TATATTTCTTA
7543,negative,2286,-1.8841705322265625,VT65295|0|MEMB003D|-|2218,1095,no,TATTTG,TATTATCCCTT,TCCCTAATTTA
7544,negative,2286,1.1788393259048462,VT65295|0|MEMB003F|-|2339,1148,no,CGCATT,TATGATCTCTT,AGGCTTTATAA
7545,negative,2286,-1.991085767745972,VT65295|0|MEMB004A|-|1649,1323,no,TGTTTT,TATTTTATTAT,TACTTTTTTTA
7546,negative,2286,-1.4061232805252075,VT65295|0|MEMB004B|+|2160,1115,no,TGCTTT,TATAATCTCTG,AGGTTTAAGAA
7547,negative,2286,-3.106562852859497,VT65295|0|MEMB004E|-|2307,1144,no,TATGTA,TAATCTCTTCT,AAGAATGCGTT
7548,negative,2286,0.5938767790794373,VT65295|0|MEMB005B|+|2303,1130,no,TGTATT,TATAATCTCTG,AGGCTTCAGAA
7549,negative,2286,-2.8841705322265625,VT65295|0|MEMB005D|-|2647,1126,no,TAGTTG,TATTATCGCTT,TAGTCTCATCT
7550,negative,2286,-1.8841705322265625,VT65295|0|MEMB006A|-|2731,1149,no,TATTTG,TATTATCGCTT,TAATCTCAACT
7551,negative,2286,3.1788392066955566,VT65295|0|MEMB006C|+|2238,1138,no,TGCACT,CATAATCTCTT,AGGCTTCAGAA
7552,negative,2286,-0.4061232209205627,VT65295|0|MEMB007B|-|2640,1225,no,TGAATT,TATTTAATTAT,TGTACTTCTTA
7553,negative,2286,0.5938767790794373,VT65295|0|MEMB007D|-|2925,1520,no,TATATT,TCTTTCAGTTT,TATAATCTCGA
7554,negative,2286,0.06336206197738647,VT65295|0|MEMB008C|-|2328,1150,no,TGCATA,TATACTCCCTT,AGGCTTAAGAA
7555,negative,2286,-1.8841705322265625,VT65295|0|dkik|-|3985,1095,no,TATTTG,TATTATCCCTT,TCCCTAATTTA
7556,positive,2756,-1.8841705322265625,VT65295|0|MEMB002B|-|1683,1458,no,tttgag,tagatttcttc,ctaatctaagt
7557,positive,2756,0.7007919549942017,VT65295|0|MEMB002D|+|2569,1288,no,CTAGGT,GGACCAAGTTA,TATTTTTTAGA
7558,positive,2756,1.4783995151519775,VT65295|0|MEMB003A|-|2218,1155,no,TACAAG,TAAGTGAATTG,TCTTAAAAAGA
7559,positive,2756,1.4783995151519775,VT65295|0|MEMB003D|-|2218,1155,no,TACAAG,TAAGTGAATTG,TCTTAAAAGGA
7560,positive,2756,-1.8841705322265625,VT65295|0|MEMB003F|-|2339,1256,no,TTTGAA,TAGCCAAATCA,TACTTTGTATA
7561,positive,2756,-1.8841705322265625,VT65295|0|MEMB004A|-|1649,1452,no,TTTGAG,TAGATTTTTTC,CTGATCTAAGT
7562,positive,2756,2.593876838684082,VT65295|0|MEMB005D|-|2647,1445,no,taataa,TTTGaaacaaa,ataaatatata
7563,positive,2756,0.5938767790794373,VT65295|0|MEMB006A|-|2731,1484,no,TAGTAT,AAGCCAAACTA,ACTTGAATATT
7564,positive,2756,3.1788392066955566,VT65295|0|MEMB006C|+|2238,1249,no,CAATAA,AGAAAGTTAGC,TTTTGGATATT
7565,positive,2756,-2.5216004848480225,VT65295|0|MEMB007B|-|2640,1334,no,TTTCCG,TTTAAATTACA,CTGCGTTAATT
7566,positive,2756,2.7007920742034908,VT65295|0|MEMB007D|-|2925,1747,no,TACGTT,GTGTTCGTTTC,ACTTACAAAAT
7567,positive,2756,-1.8841705322265625,VT65295|0|MEMB008C|-|2328,1243,no,TGGGAG,CGACTTTCAAG,AAATGGGAATG
7568,positive,2756,1.4783995151519775,VT65295|0|dkik|-|3985,1157,no,TACAAG,TAAGTGAATTG,TCTTAAAAAGA
7569,positive,5273,1.2857544422149658,VT65295|0|MEMB002A|+|3572,2989,no,CAGGGA,TCATGGCGGCG,TCGTCGGCGGC
7570,positive,5273,1.2857544422149658,VT65295|0|MEMB002C|-|3210,2627,no,CAGGGA,TCATGGCGGCG,TCGTCGGCGGC
7571,positive,5273,1.2857544422149658,VT65295|0|MEMB002D|+|2569,1996,no,CAGGGC,TCATTGCGGCG,TCATCGGCAGC
7572,positive,5273,1.2857544422149658,VT65295|0|MEMB002E|-|2184,1604,no,CAGGGC,TCATTGCGACG,TCATCGGCAGC
7573,positive,5273,1.2857544422149658,VT65295|0|MEMB002F|-|2530,1940,no,CAGGGC,TCATTGCGGCA,TCCTCGGCGGC
7574,positive,5273,1.2857544422149658,VT65295|0|MEMB003A|-|2218,1640,no,CAGGGC,TCACTGCGGCG,TCATCGGCAGA
7575,positive,5273,1.1788393259048462,VT65295|0|MEMB003B|-|2439,1871,no,CAGTGC,TCCGGGCCGCG,TCATCGGCAGC
7576,positive,5273,1.2857544422149658,VT65295|0|MEMB003C|+|2464,1881,no,CAGGGA,TCATGGCGGCA,TCGTCGGCGGT
7577,positive,5273,1.2857544422149658,VT65295|0|MEMB003D|-|2218,1640,no,CAGGGC,TCACTGCGGCG,TCATCGGCAGA
7578,positive,5273,1.2857544422149658,VT65295|0|MEMB003F|-|2339,1765,no,CAGGGC,TCATAGCTACG,TGATCGGCAGC
7579,positive,5273,1.2857544422149658,VT65295|0|MEMB004B|+|2160,1585,no,CAGGGC,TCATTGCGACA,TGATCGGCAGA
7580,positive,5273,1.2857544422149658,VT65295|0|MEMB004E|-|2307,1729,no,CAGGGC,TCATGGTGACG,TGATCGGCAGT
7581,positive,5273,1.2857544422149658,VT65295|0|MEMB005B|+|2303,1728,no,CAGGGC,TCATTGCGACG,TGATCGGCAGA
7582,positive,5273,1.2857544422149658,VT65295|0|MEMB005D|-|2647,2073,no,CAGGGC,TCATTGTGGCG,TCATCGGCAGC
7583,positive,5273,1.2857544422149658,VT65295|0|MEMB006A|-|2731,2157,no,CAGGGC,TCATTGTGGCG,TCATCGGCAGC
7584,positive,5273,1.2857544422149658,VT65295|0|MEMB006B|-|2950,2385,no,CAGGGC,TCATGGCGGCG,TCATCGGAAGC
7585,positive,5273,3.2857544422149663,VT65295|0|MEMB006C|+|2238,1661,no,CAAGGC,TCATTGCGACG,TGATCGGCAGA
7586,positive,5273,1.2857544422149658,VT65295|0|MEMB007B|-|2640,2057,no,CAGGGA,TCATGGCGGCG,TCGTCGGCGTC
7587,positive,5273,1.1788393259048462,VT65295|0|MEMB007C|+|2249,1682,no,CAGTGC,TCCTGGCCGCG,TCATCGGCAGC
7588,positive,5273,1.2857544422149658,VT65295|0|MEMB007D|-|2925,2350,no,CAGGGC,ACATTGCGGAG,TCATCGGCGGA
7589,positive,5273,1.2857544422149658,VT65295|0|MEMB008C|-|2328,1751,no,CAGGGC,TCATTTTAACG,TGATCTGCAGA
7590,positive,5273,1.2857544422149658,VT65295|0|dkik|-|3985,3407,no,CAGGGC,TCACTGCGGCG,TCATCGGCAGA
7591,negative,5434,-0.4061232209205627,VT65295|0|MEMB002A|+|3572,3150,no,AAGAGT,AACCCCAGGCA,AGGAGCGGGTC
7592,negative,5434,-0.4061232209205627,VT65295|0|MEMB002C|-|3210,2788,no,AAGAGT,AACCCCAGACA,AGGAGCGGGTC
7593,negative,5434,2.0633621215820312,VT65295|0|MEMB002D|+|2569,2157,no,AGCAAA,AATGTTAAGCA,GGGACCAAGTG
7594,negative,5434,2.0633621215820312,VT65295|0|MEMB002E|-|2184,1765,no,GACAAA,AATATTAAGCA,GGGAGCAAGTG
7595,negative,5434,-0.4061232209205627,VT65295|0|MEMB002F|-|2530,2101,no,AAGAGT,AACCATAAACA,GCGAGCGGGTC
7596,negative,5434,2.0633621215820312,VT65295|0|MEMB003A|-|2218,1801,no,GGCAAA,AACCTTAAGCA,GGGAGCAGGTC
7597,negative,5434,2.0633621215820312,VT65295|0|MEMB003B|-|2439,2032,no,GACAAA,CCAATTAATCA,GGGAGCAAGTC
7598,negative,5434,-0.4061232209205627,VT65295|0|MEMB003C|+|2464,2042,no,AAGAGT,AACCCCAGGCA,AGGAGCGGGTC
7599,negative,5434,2.0633621215820312,VT65295|0|MEMB003D|-|2218,1801,no,GGCAAA,AACCTTAAGCA,GGGAGCAGGTC
7600,negative,5434,2.0633621215820312,VT65295|0|MEMB003F|-|2339,1926,no,GGCAAA,GGTATTACGCA,GAGACCAGATC
7601,negative,5434,2.0633621215820312,VT65295|0|MEMB004B|+|2160,1746,no,ACCAAA,GTCATTAAGCA,GGGAGCAGGTC
7602,negative,5434,0.4783995747566223,VT65295|0|MEMB004E|-|2307,1890,no,ACAAAA,GTTATTAAGCA,GGGAACAGGTC
7603,negative,5434,2.0633621215820312,VT65295|0|MEMB005B|+|2303,1889,no,ACCAAA,GTCATTAAGCA,GGGAGCAGGTC
7604,negative,5434,2.0633621215820312,VT65295|0|MEMB005D|-|2647,2234,no,GACAAA,AAGGTTAAGCA,GGGAAAAGGTT
7605,negative,5434,2.0633621215820312,VT65295|0|MEMB006A|-|2731,2318,no,GACAAA,AAGGTTAAGCA,GGGAGAAGGTC
7606,negative,5434,2.0633621215820312,VT65295|0|MEMB006B|-|2950,2546,no,GACAAA,AGGGTTAATCA,GGGAGCAAGCC
7607,negative,5434,3.2857544422149663,VT65295|0|MEMB006C|+|2238,1822,no,ACCAAG,GTCATTAAGCA,GGGAGCAGGTC
7608,negative,5434,-0.4061232209205627,VT65295|0|MEMB007B|-|2640,2218,no,AAGAGT,AACCACAAGCA,AGGAGCGGGTC
7609,negative,5434,2.0633621215820312,VT65295|0|MEMB007C|+|2249,1843,no,GGCAAA,AATATTAATCA,GGGAGCAAGTC
7610,negative,5434,0.4783995747566223,VT65295|0|MEMB007D|-|2925,2511,no,AAAAAA,GACCCCAAACA,GGGAACGGATC
7611,negative,5434,2.0633621215820312,VT65295|0|MEMB008C|-|2328,1912,no,ACCAAA,GTCATTAAGCA,GGGAGCAGGTC
7612,negative,5434,2.0633621215820312,VT65295|0|dkik|-|3985,3568,no,GACAAA,AACCTTAAGCA,GGGAGCAGGTC
7613,negative,5813,0.6483245491981506,VT65295|0|MEMB002A|+|3572,3511,no,CACATC,CGATGTCAGTG,AAAACAACCTT
7614,negative,5813,0.6483245491981506,VT65295|0|MEMB002C|-|3210,3149,no,CACATC,CGATGTCAGTG,AAAACAACCTT
7615,negative,5813,-0.5216004252433777,VT65295|0|MEMB002D|+|2569,2517,no,CACCCA,CTTCAATACCT,TTGTTGACCTT
7616,negative,5813,-2.5216004848480225,VT65295|0|MEMB002E|-|2184,2125,no,CACCTA,CCTCAATATCT,TTATTGACCTT
7617,negative,5813,0.6483245491981506,VT65295|0|MEMB002F|-|2530,2469,no,CCCATC,CGATCTGTGGT,GACACAACCTT
7618,negative,5813,1.1788393259048462,VT65295|0|MEMB003A|-|2218,2166,no,CACATT,CTGTACGGTAC,TTGTTGACCTT
7619,negative,5813,0.6483245491981506,VT65295|0|MEMB003C|+|2464,2403,no,CACATC,CGATGTCAGTG,AAGACAACCTT
7620,negative,5813,1.1788393259048462,VT65295|0|MEMB003D|-|2218,2166,no,CACATT,CTGAACGGTAC,TTGTTGACCTT
7621,negative,5813,1.1788393259048462,VT65295|0|MEMB003F|-|2339,2288,no,CACATT,CGATATGGTAC,CAGCTGACCTT
7622,negative,5813,1.1788393259048462,VT65295|0|MEMB004B|+|2160,2108,no,CACATT,CGAAACGTTAC,CAAATGACCTT
7623,negative,5813,-1.4061232805252075,VT65295|0|MEMB004E|-|2307,2255,no,CACGTT,CGATACGGTAC,CAGTTAACCTT
7624,negative,5813,-1.4061232805252075,VT65295|0|MEMB005B|+|2303,2251,no,CACTTT,CGATACGGTAC,CAATTGACCTT
7625,negative,5813,-1.4061232805252075,VT65295|0|MEMB005D|-|2647,2596,no,CACTTT,CGACACGGTAC,TTGTTGATCTT
7626,negative,5813,-1.4061232805252075,VT65295|0|MEMB006A|-|2731,2680,no,CACTTT,CGGCACGGTAC,TTGTTGATCTT
7627,negative,5813,3.1788392066955566,VT65295|0|MEMB006C|+|2238,2186,no,CACACT,CGATACGGTAC,CAGTTGACCTT
7628,negative,5813,0.6483245491981506,VT65295|0|MEMB007B|-|2640,2579,no,CACATC,CGATGTCAGTG,AAAACAACCTT
7629,negative,5813,3.1788392066955566,VT65295|0|MEMB007D|-|2925,2878,no,TACACT,CGATACGATTA,CGGTTTTTGTT
7630,negative,5813,3.1788392066955566,VT65295|0|MEMB008C|-|2328,2276,no,CACAAT,CGATACGCGGT,AAATTGACCTT
7631,negative,5813,1.1788393259048462,VT65295|0|dkik|-|3985,3933,no,CACATT,CTGTACGGTAC,TTGTTGACCTT
7632,negative,1674,1.1788393259048462,VT65295|0|MEMB002A|+|3572,1529,no,GTCAGT,ACCTCGCATCG,GACTGCGCCAC
7633,negative,1674,1.1788393259048462,VT65295|0|MEMB002B|-|1683,725,no,GTCAGT,ACCTCGCATCG,GATTGCGCCAC
7634,negative,1674,1.1788393259048462,VT65295|0|MEMB002C|-|3210,1175,no,GTCAGT,ACTTCGCATCG,GACTGCGCCAC
7635,negative,1674,-1.991085767745972,VT65295|0|MEMB002D|+|2569,552,no,ATTTGT,ACCACACACCG,GTTTGCGCCAC
7636,negative,1674,-0.4061232209205627,VT65295|0|MEMB002E|-|2184,550,no,ATAAGT,ACCACACACCG,GACTGCGCCAC
7637,negative,1674,1.1788393259048462,VT65295|0|MEMB002F|-|2530,722,no,GTCAGT,ACCTCGCATCG,GATTGCGGCAC
7638,negative,1674,1.1788393259048462,VT65295|0|MEMB003A|-|2218,501,no,ATCAGT,ACCACACACCG,GATTGCGCCAC
7639,negative,1674,1.1788393259048462,VT65295|0|MEMB003B|-|2439,547,no,GTCAGT,ACCACACACCG,GATTGCGCCGC
7640,negative,1674,1.1788393259048462,VT65295|0|MEMB003C|+|2464,452,no,GTCAGT,ACCTCGCATCG,GACTGCGCCAC
7641,negative,1674,1.1788393259048462,VT65295|0|MEMB003D|-|2218,501,no,ATCAGT,ACCACACACCG,GATTGCGCCAC
7642,negative,1674,0.6483245491981506,VT65295|0|MEMB003F|-|2339,554,no,GTCAGC,ACCACACACCG,GATTGCGCCAC
7643,negative,1674,1.1788393259048462,VT65295|0|MEMB004A|-|1649,720,no,GTCAGT,ACCTCGCATCG,GATTGCGCCAC
7644,negative,1674,1.1788393259048462,VT65295|0|MEMB004B|+|2160,521,no,ATCAGT,ACCACACACCG,GATTGCGCCAC
7645,negative,1674,1.1788393259048462,VT65295|0|MEMB004E|-|2307,555,no,ATCAGT,ACCACTCACCG,GATTGCGCCAC
7646,negative,1674,1.1788393259048462,VT65295|0|MEMB005B|+|2303,536,no,ATCAGT,ACCACACACCG,GATTGCGTCAC
7647,negative,1674,1.1788393259048462,VT65295|0|MEMB005D|-|2647,532,no,ATCAGT,ACCACGCACCT,GCTTGCGCCAC
7648,negative,1674,1.1788393259048462,VT65295|0|MEMB006A|-|2731,555,no,ATCAGT,ACCACGCACCT,GATTGCGCCAC
7649,negative,1674,1.1788393259048462,VT65295|0|MEMB006B|-|2950,565,no,GTCAGT,ACGACCCACCG,GATTGCGCCGT
7650,negative,1674,1.1788393259048462,VT65295|0|MEMB006C|+|2238,544,no,ATCAGT,ACCACACACCG,GATTGCGCCAC
7651,negative,1674,3.1788392066955566,VT65295|0|MEMB007B|-|2640,622,no,GTCACT,ACCTCGCATCG,GATTGCGCCAC
7652,negative,1674,1.1788393259048462,VT65295|0|MEMB007C|+|2249,513,no,GTCAGT,ACCACACACCG,GATTGCGCCGC
7653,negative,1674,0.6483245491981506,VT65295|0|MEMB007D|-|2925,908,no,GTCAGC,ACGACACACCG,GATTGCGTCAG
7654,negative,1674,1.1788393259048462,VT65295|0|MEMB008C|-|2328,556,no,ATCAGT,ACCACACACCG,GATTGCGCCAC
7655,negative,1674,1.1788393259048462,VT65295|0|dkik|-|3985,501,no,ATCAGT,ACCACACACCG,GATTGCGCCAC
7656,negative,3204,2.593876838684082,VT65295|0|MEMB002A|+|3572,2462,no,AATAAT,ATGTAATATCC,GTCTTCTCTAT
7657,negative,3204,2.593876838684082,VT65295|0|MEMB002B|-|1683,1674,no,AATAAT,GTGTTCTCTCC,TAT
7658,negative,3204,2.593876838684082,VT65295|0|MEMB002C|-|3210,2119,no,AATAAT,ATGTAATCTCC,GTCTTCTCTAT
7659,negative,3204,1.4783995151519775,VT65295|0|MEMB002D|+|2569,1500,no,AATAAA,ACTAAACTCCC,TAGCAACTAAT
7660,negative,3204,-1.1065629720687866,VT65295|0|MEMB002E|-|2184,1360,no,AGTGAA,ACTAAACTCCC,TGATAACTTAT
7661,negative,3204,1.4783995151519775,VT65295|0|MEMB002F|-|2530,1585,no,AATAAA,ATGTTATCTCC,ATCTCTCATTT
7662,negative,3204,-1.1065629720687866,VT65295|0|MEMB003A|-|2218,1375,no,AATGAA,ACTAATCTCCC,CACCTGTTGAT
7663,negative,3204,1.4783995151519775,VT65295|0|MEMB003B|-|2439,1412,no,AATAAA,ACCTATCTTCC,AACCTTCTTAT
7664,negative,3204,2.593876838684082,VT65295|0|MEMB003C|+|2464,1396,no,AATAAT,ATGTAATCTCC,AAGTAATCTAT
7665,negative,3204,-1.1065629720687866,VT65295|0|MEMB003D|-|2218,1375,no,AATGAA,ACTAATCTCCC,CACCTGTTAAT
7666,negative,3204,1.4783995151519775,VT65295|0|MEMB003F|-|2339,1474,no,AGTAAA,ACTAATCTCCT,AACTTCCTTTA
7667,negative,3204,1.4783995151519775,VT65295|0|MEMB004B|+|2160,1409,no,ACTAAA,ACTAATCTCCC,AACCTCTGTTT
7668,negative,3204,1.4783995151519775,VT65295|0|MEMB004E|-|2307,1453,no,AATAAA,ACTAATCTCCC,AATCTCCTTTT
7669,negative,3204,1.4783995151519775,VT65295|0|MEMB005B|+|2303,1437,no,ACTAAA,ACTAATCTCCC,AACTTCCTTTT
7670,negative,3204,1.4783995151519775,VT65295|0|MEMB006A|-|2731,1705,no,AATAAA,ACTATTCTTCT,AATCTCATTTT
7671,negative,3204,1.4783995151519775,VT65295|0|MEMB006B|-|2950,1383,no,CATAAA,ACTAATCTCCC,AACCTCCTTAA
7672,negative,3204,3.1788392066955566,VT65295|0|MEMB007B|-|2640,1550,no,AACAAT,ATGTAATCTCC,GTCTTCTCTAT
7673,negative,3204,-1.1065629720687866,VT65295|0|MEMB007D|-|2925,2194,no,AATTAA,AAATATATTCC,GTAATCCATAT
7674,negative,3204,1.4783995151519775,VT65295|0|MEMB008C|-|2328,1459,no,AATAAA,ACTTATCTCCC,CACCTCCTTTT
7675,negative,3204,-1.1065629720687866,VT65295|0|dkik|-|3985,1377,no,AATGAA,ACTAATCTCCC,CACCTGTTAAT
7676,negative,3769,0.6483245491981506,VT65295|0|MEMB002A|+|3572,2673,no,GTCATC,ATTTGTCAATA,TAGCAACATTT
7677,negative,3769,0.06336206197738647,VT65295|0|MEMB002C|-|3210,2334,no,GACATA,ATTTGTCAATA,TAGCAATATTT
7678,negative,3769,0.06336206197738647,VT65295|0|MEMB003C|+|2464,1589,no,CTTATC,ATTTGTCAATA,TAGAAACATTT
7679,negative,3769,2.0633621215820312,VT65295|0|MEMB006B|-|2950,1844,no,ATCAAA,ATTGGTGAAAA,AATGGGCAAAT
7680,negative,3769,3.1788392066955566,VT65295|0|MEMB007B|-|2640,1753,no,GTCAAT,AATTTCTATTT,TAGCAACATTT
7681,negative,3769,-0.8841705322265625,VT65295|0|dkik|-|3985,1903,no,AGAGAG,CAATGCCAAAA,ACTCTATTTCA
7682,positive,5371,2.7007920742034908,VT65295|0|MEMB002A|+|3572,3087,no,TAAGAA,TGGTACCACTC,CACCTGGTGCT
7683,positive,5371,2.7007920742034908,VT65295|0|MEMB002C|-|3210,2725,no,TAAGAA,TGGTACCACTC,GACCTGGTGCT
7684,positive,5371,2.7007920742034908,VT65295|0|MEMB002D|+|2569,2094,no,TAAGAA,CGGTACCACTC,GACCTGATGCT
7685,positive,5371,2.7007920742034908,VT65295|0|MEMB002E|-|2184,1702,no,TAAGAA,TGGTACCACTC,GACCTGATGCT
7686,positive,5371,2.7007920742034908,VT65295|0|MEMB002F|-|2530,2038,no,TAAGAA,TGGTACCACTC,GACCTGGTGCT
7687,positive,5371,1.2857544422149658,VT65295|0|MEMB003A|-|2218,1738,no,CATGAA,TGGTACCACTC,GACCTGGTGCT
7688,positive,5371,1.2857544422149658,VT65295|0|MEMB003B|-|2439,1969,no,CATGAA,TGGTACCACTC,GACCTGGTGCT
7689,positive,5371,2.7007920742034908,VT65295|0|MEMB003C|+|2464,1979,no,TAAGAA,TGGTACCACTC,GACCTGGTGCT
7690,positive,5371,1.2857544422149658,VT65295|0|MEMB003D|-|2218,1738,no,CATGAA,TGGTACCACTC,GACCTGGTGCT
7691,positive,5371,0.7007919549942017,VT65295|0|MEMB003F|-|2339,1863,no,TAGGAA,TGGTACCACTC,GACCTGGTGCT
7692,positive,5371,1.4783995151519775,VT65295|0|MEMB004B|+|2160,1683,no,TAAAAA,TTATACCACTC,GACCTGATGCT
7693,positive,5371,0.7007919549942017,VT65295|0|MEMB004E|-|2307,1827,no,TATGAA,TTGTACCACTC,GACCTGGTGCT
7694,positive,5371,1.2857544422149658,VT65295|0|MEMB005B|+|2303,1826,no,CATGAA,TTATACCACTC,GACCTGGTGCT
7695,positive,5371,0.7007919549942017,VT65295|0|MEMB005D|-|2647,2171,no,TATGAA,CGGTACCACTC,GACCTGGTGCT
7696,positive,5371,2.7007920742034908,VT65295|0|MEMB006A|-|2731,2255,no,TAAGAA,CGGTACCACTC,GACCTGGTGCT
7697,positive,5371,-0.5216004252433777,VT65295|0|MEMB006B|-|2950,2483,no,CTCAAA,TTGTACCACTC,GACCTGGTGCT
7698,positive,5371,0.7007919549942017,VT65295|0|MEMB006C|+|2238,1759,no,TATGAA,TTGTACCACTC,GATCTGGTGCT
7699,positive,5371,3.2857544422149663,VT65295|0|MEMB007B|-|2640,2155,no,CAAGAA,TGGTACCACTC,GACCTGGTGCT
7700,positive,5371,1.2857544422149658,VT65295|0|MEMB007C|+|2249,1780,no,CATGAA,TGGTACCACTC,GACCTGGTGCT
7701,positive,5371,1.2857544422149658,VT65295|0|MEMB007D|-|2925,2448,no,CATGAA,CTGTACCATTC,GACCTGGTGCT
7702,positive,5371,0.7007919549942017,VT65295|0|MEMB008C|-|2328,1849,no,TATGAA,TTGTACCACTC,GACCTGGTGCT
7703,positive,5371,0.7007919549942017,VT65295|0|dkik|-|3985,3505,no,TATGAA,TGGTACCACTC,GACCTGGTGCT
7704,negative,5425,1.2857544422149658,VT65295|0|MEMB002A|+|3572,3141,no,CCCAGG,CAGGATATATA,TCAAGAGTAAC
7705,negative,5425,0.06336206197738647,VT65295|0|MEMB002C|-|3210,2779,no,CCCAGA,CAGGATATATA,TCAAGAGTAAC
7706,negative,5425,2.7007920742034908,VT65295|0|MEMB002D|+|2569,2148,no,GTTAAG,CAGGATATATA,TGAGCAAAAAT
7707,negative,5425,2.7007920742034908,VT65295|0|MEMB002E|-|2184,1756,no,ATTAAG,CAGGATATATA,TGGACAAAAAT
7708,negative,5425,1.4783995151519775,VT65295|0|MEMB002F|-|2530,2092,no,CATAAA,CAGGATATATA,TCAAGAGTAAC
7709,negative,5425,2.7007920742034908,VT65295|0|MEMB003A|-|2218,1792,no,CTTAAG,CAGGATATATA,TCGGCAAAAAC
7710,negative,5425,2.593876838684082,VT65295|0|MEMB003B|-|2439,2023,no,ATTAAT,CAGGATATATA,TCGACAAACCA
7711,negative,5425,1.2857544422149658,VT65295|0|MEMB003C|+|2464,2033,no,CCCAGG,CAGGATATATA,TCAAGAGTAAC
7712,negative,5425,2.7007920742034908,VT65295|0|MEMB003D|-|2218,1792,no,CTTAAG,CAGGATATATA,TCGGCAAAAAC
7713,negative,5425,2.7007920742034908,VT65295|0|MEMB003F|-|2339,1917,no,ATTACG,CAGGATATATA,TCGGCAAAGGT
7714,negative,5425,2.7007920742034908,VT65295|0|MEMB004B|+|2160,1737,no,ATTAAG,CAGGATATATA,TCACCAAAGTC
7715,negative,5425,2.7007920742034908,VT65295|0|MEMB004E|-|2307,1881,no,ATTAAG,CAGGATATATA,TCACAAAAGTT
7716,negative,5425,2.7007920742034908,VT65295|0|MEMB005B|+|2303,1880,no,ATTAAG,CAGGATATATA,TCACCAAAGTC
7717,negative,5425,2.7007920742034908,VT65295|0|MEMB005D|-|2647,2225,no,GTTAAG,CAGGATATATA,TTGACAAAAAG
7718,negative,5425,2.7007920742034908,VT65295|0|MEMB006A|-|2731,2309,no,GTTAAG,CAGGATATATA,TCGACAAAAAG
7719,negative,5425,2.593876838684082,VT65295|0|MEMB006B|-|2950,2537,no,GTTAAT,CAGGATATATA,CCGACAAAAGG
7720,negative,5425,2.7007920742034908,VT65295|0|MEMB006C|+|2238,1813,no,ATTAAG,CAGGATATATA,TCACCAAGGTC
7721,negative,5425,3.2857544422149663,VT65295|0|MEMB007B|-|2640,2209,no,CACAAG,CATGATATATA,TCAAGAGTAAC
7722,negative,5425,2.593876838684082,VT65295|0|MEMB007C|+|2249,1834,no,ATTAAT,CAGGATATATA,TCGGCAAAAAT
7723,negative,5425,2.0633621215820312,VT65295|0|MEMB007D|-|2925,2502,no,CCCAAA,CAGGATATATA,TCAAAAAAGAC
7724,negative,5425,2.7007920742034908,VT65295|0|MEMB008C|-|2328,1903,no,ATTAAG,CAGGATATATA,TCACCAAAGTC
7725,negative,5425,2.7007920742034908,VT65295|0|dkik|-|3985,3559,no,CTTAAG,CAGGATATATA,TCGACAAAAAC
7726,positive,1995,-0.9366379380226136,VT65295|0|MEMB002A|+|3572,1850,no,AATCAG,TTGAAGAAGCC,GATGAAGAAGA
7727,positive,1995,1.5938767194747925,VT65295|0|MEMB002B|-|1683,1046,no,AACTAG,TTGAAGAAGCC,GATAAAGAAGA
7728,positive,1995,1.0633620023727417,VT65295|0|MEMB002C|-|3210,1496,no,AACCAG,TTGAAGAAGCC,GATGAAGAAGA
7729,positive,1995,1.5938767194747925,VT65295|0|MEMB002D|+|2569,873,no,AACTAG,TTGAAGAAGCT,GATGAAGAAGA
7730,positive,1995,1.5938767194747925,VT65295|0|MEMB002E|-|2184,871,no,AACTAG,TTGAAGAAGCT,GATAAAGAAGA
7731,positive,1995,1.7007919549942017,VT65295|0|MEMB002F|-|2530,1043,no,AACGAG,TTGAAGAAGCC,GATAAAGAAGA
7732,positive,1995,1.5938767194747925,VT65295|0|MEMB003A|-|2218,822,no,GACTAG,TTGAAGAAGCT,GATAAAGAAGA
7733,positive,1995,2.648324489593506,VT65295|0|MEMB003B|-|2439,868,no,CACCAG,TTGAAGAAGCT,GATTAAGAAGA
7734,positive,1995,1.0633620023727417,VT65295|0|MEMB003C|+|2464,773,no,AACCAG,TTGAAGAAGCC,GATGAAGAAGA
7735,positive,1995,1.5938767194747925,VT65295|0|MEMB003D|-|2218,822,no,GACTAG,TTGAAGAAGCT,GATAAAGAAGA
7736,positive,1995,1.5938767194747925,VT65295|0|MEMB003F|-|2339,875,no,GACTAG,TTGAAGAAGCT,GATAAAGAAGA
7737,positive,1995,1.0633620023727417,VT65295|0|MEMB004A|-|1649,1041,no,GACCAG,TTGAAGAAGCC,GATAAAGAAGA
7738,positive,1995,1.5938767194747925,VT65295|0|MEMB004B|+|2160,842,no,AACTAG,TTGAAGAAGCT,GATAAAGAAGA
7739,positive,1995,1.5938767194747925,VT65295|0|MEMB004E|-|2307,873,no,AACTAG,TTGAAGAAGCT,GATAAAGAAGA
7740,positive,1995,1.5938767194747925,VT65295|0|MEMB005B|+|2303,857,no,AACTAG,TTGAAGAAGCT,AATAAAGAAGA
7741,positive,1995,1.5938767194747925,VT65295|0|MEMB005D|-|2647,853,no,AACTAG,TTGAAGAAGCT,GATAAAGAACA
7742,positive,1995,1.5938767194747925,VT65295|0|MEMB006A|-|2731,876,no,AACTAG,TTGAAGAAGCT,GATAAAGAAGA
7743,positive,1995,0.5938767790794373,VT65295|0|MEMB006B|-|2950,886,no,CGCTAG,TTGAAGAAGCT,GATTAAGAAGA
7744,positive,1995,1.5938767194747925,VT65295|0|MEMB006C|+|2238,865,no,AACTAG,TTGAAGAAGCT,GATAAAGAAGA
7745,positive,1995,1.0633620023727417,VT65295|0|MEMB007B|-|2640,943,no,AACCAG,TTGAAGAAGCC,GATGAAGAAGA
7746,positive,1995,3.1788392066955566,VT65295|0|MEMB007C|+|2249,834,no,CACTAG,TTGAAGAAGCT,GATTAAGAAGA
7747,positive,1995,1.5938767194747925,VT65295|0|MEMB007D|-|2925,1229,no,AACTAG,TTGAAGAAGCT,AATAAAGAAGA
7748,positive,1995,1.5938767194747925,VT65295|0|MEMB008C|-|2328,877,no,AACTAG,TTGAAGAAGCT,GATAAAGAAGA
7749,positive,1995,1.5938767194747925,VT65295|0|dkik|-|3985,822,no,GACTAG,TTGAAGAAGCT,GATAAAGAAGA
7750,negative,2291,-0.5216004252433777,VT65295|0|MEMB002A|+|3572,2137,no,TCTTAC,GATTTTATTTT,ATTTTTATATT
7751,negative,2291,-2.991085767745972,VT65295|0|MEMB002B|-|1683,1333,no,TTATGT,TTTTTTATTTT,AGAATACTTTT
7752,negative,2291,0.008914276957511902,VT65295|0|MEMB002C|-|3210,1783,no,TCTTAT,GATTTTATTTT,ATTTTTATATT
7753,negative,2291,-2.991085767745972,VT65295|0|MEMB002D|+|2569,1151,no,ACGCTT,ATTTGTATTTT,TCTTATCCTTT
7754,negative,2291,-0.9910857081413268,VT65295|0|MEMB002F|-|2530,1312,no,CCGCAT,TTCCTTGCTTC,AATTATTTCTT
7755,negative,2291,0.008914276957511902,VT65295|0|MEMB003A|-|2218,1100,no,ATTTAT,ATTTGTATTAT,TATTTTCCCTA
7756,negative,2291,0.008914276957511902,VT65295|0|MEMB003C|+|2464,1060,no,TCTTAT,GATTTTATTTT,ATTTTTATATT
7757,negative,2291,0.008914276957511902,VT65295|0|MEMB003D|-|2218,1100,no,ATTTAT,ATTTGTATTAT,TATTTTCCCTA
7758,negative,2291,2.0633621215820312,VT65295|0|MEMB003F|-|2339,1153,no,TATAAC,GCATTTATGAT,ATGTTAGGCTT
7759,negative,2291,0.008914276957511902,VT65295|0|MEMB004A|-|1649,1328,no,TTTTAT,GTTTTTATTTT,GAGAATACTTT
7760,negative,2291,1.5938767194747925,VT65295|0|MEMB004B|+|2160,1120,no,AAGAAT,GCTTTTATAAT,TTCTTAGGTTT
7761,negative,2291,-2.991085767745972,VT65295|0|MEMB004E|-|2307,1149,no,GCGTTT,ATGTATAATCT,GGCTTAAGAAT
7762,negative,2291,1.5938767194747925,VT65295|0|MEMB005B|+|2303,1135,no,CAGAAT,GTATTTATAAT,TTATTAGGCTT
7763,negative,2291,-1.991085767745972,VT65295|0|MEMB005D|-|2647,1131,no,CATCTT,AGTTGTATTAT,ATGTATAGTCT
7764,negative,2291,-2.991085767745972,VT65295|0|MEMB006A|-|2731,1154,no,CAACTT,ATTTGTATTAT,ATGTTTAATCT
7765,negative,2291,1.5938767194747925,VT65295|0|MEMB006C|+|2238,1143,no,CAGAAT,GCACTCATAAT,TTATTAGGCTT
7766,negative,2291,0.008914276957511902,VT65295|0|MEMB007B|-|2640,1230,no,TCTTAT,GAATTTATTTA,TTTTTTGTACT
7767,negative,2291,3.1788392066955566,VT65295|0|MEMB007C|+|2249,1100,no,ATCAAT,AATTTCTACCA,TCCGATGCCTA
7768,negative,2291,0.5938767790794373,VT65295|0|MEMB007D|-|2925,1525,no,CTCGAT,ATATTTCTTTC,TTCCGTATAAT
7769,negative,2291,1.5938767194747925,VT65295|0|MEMB008C|-|2328,1155,no,AAGAAT,GCATATATACT,TTATTAGGCTT
7770,negative,2291,0.008914276957511902,VT65295|0|dkik|-|3985,1100,no,ATTTAT,ATTTGTATTAT,TATTTTCCCTA
7771,positive,3214,-2.1065628528594966,VT65295|0|MEMB002A|+|3572,2472,no,AGAAGA,TATTATTATAG,CTTCAAAATAA
7772,positive,3214,-2.1065628528594966,VT65295|0|MEMB002C|-|3210,2129,no,AGAAGA,TATTATTATAG,CTTCGAAATAA
7773,positive,3214,-1.5216004848480225,VT65295|0|MEMB002F|-|2530,1595,no,GAGAGA,TTTTATTAAAT,TCCTAAAATAA
7774,positive,3214,-0.8841705322265625,VT65295|0|MEMB003A|-|2218,1385,no,ACAGGT,TTTCATTATCA,GTCAGAGTTTA
7775,positive,3214,1.7007919549942017,VT65295|0|MEMB003B|-|2439,1422,no,GAAGGT,TTTTATTATAA,TTCAGAATACA
7776,positive,3214,-0.8841705322265625,VT65295|0|MEMB003D|-|2218,1385,no,ACAGGT,TTTCATTATTA,GTCAGAGTTTA
7777,positive,3214,-2.1065628528594966,VT65295|0|MEMB003F|-|2339,1484,no,GGAAGT,TTTTACTTAAA,TTTAAAATAAA
7778,positive,3214,-0.8841705322265625,VT65295|0|MEMB004B|+|2160,1419,no,AGAGGT,TTTTAGTAAAC,TTCAATATAAA
7779,positive,3214,-0.8841705322265625,VT65295|0|MEMB004E|-|2307,1463,no,GGAGAT,TTTTATTAAAA,TTTAATCTTAA
7780,positive,3214,-2.1065628528594966,VT65295|0|MEMB005B|+|2303,1447,no,GGAAGT,TTTTAGTAAAA,TTCAATATACT
7781,positive,3214,0.1158294826745987,VT65295|0|MEMB006A|-|2731,1715,no,TGAGAT,TTTTATTAAAA,TTCAGAATAGT
7782,positive,3214,-0.8841705322265625,VT65295|0|MEMB006B|-|2950,1393,no,GGAGGT,TTTTATGTTAA,TTCAGAATAAA
7783,positive,3214,-2.1065628528594966,VT65295|0|MEMB007B|-|2640,1560,no,AGAAGA,TATTGTTATAG,CTTCAAAAAAA
7784,positive,3214,3.2857544422149663,VT65295|0|MEMB007C|+|2249,1388,no,CAAGGT,ATTTATTATAA,TTCAGTATACA
7785,positive,3214,-0.9910857081413268,VT65295|0|MEMB007D|-|2925,2204,no,GGATTA,TTTAATTATAT,CGAAGTGAATG
7786,positive,3214,-0.8841705322265625,VT65295|0|MEMB008C|-|2328,1469,no,GGAGGT,TTTTATTAAAA,GTCAGTTTAAA
7787,positive,3214,-0.8841705322265625,VT65295|0|dkik|-|3985,1387,no,ACAGGT,TTTCATTATTA,GTCAGAGTTTA
7788,negative,3808,-1.991085767745972,VT65295|0|MEMB002A|+|3572,2712,no,TTTCTT,TGTGTATTGCT,CTACAACTGTT
7789,negative,3808,-1.991085767745972,VT65295|0|MEMB002C|-|3210,2373,no,TTTCTT,TGTGTATTGCT,CTACAATTGAT
7790,negative,3808,1.7007919549942017,VT65295|0|MEMB002D|+|2569,1721,no,TTAAAG,TTTTTAGTATG,GTGGGTTAGAA
7791,negative,3808,0.1158294826745987,VT65295|0|MEMB002F|-|2530,1746,no,GTTTAG,GCTATAACAAG,TACTGATGATG
7792,negative,3808,-1.991085767745972,VT65295|0|MEMB003C|+|2464,1628,no,TTTCTT,TGTGTATTGCT,CTACAATTGTT
7793,negative,3808,1.4783995151519775,VT65295|0|MEMB006B|-|2950,1883,no,TTTAAA,TCGAAATTCTG,TTTTCATGAAA
7794,negative,3808,3.1788392066955566,VT65295|0|MEMB007C|+|2249,1473,no,TTCAAT,TACTTTTCAGT,CTATAATTATT
7795,negative,3808,0.4783995747566223,VT65295|0|dkik|-|3985,1942,no,TTAAAA,CTTAAAATCCA,CCCTGTCTGAA
7796,negative,4280,2.0633621215820312,VT65295|0|MEMB002A|+|3572,2781,no,GTCACA,CGGAACAAACT,ATGTAGAAATT
7797,negative,4280,0.06336206197738647,VT65295|0|MEMB002D|+|2569,1776,no,AACCAC,CGGCATAGTGC,ACGAGGAAATT
7798,negative,4280,-1.4061232805252075,VT65295|0|MEMB005D|-|2647,1779,no,AGCTTT,TCTTCTTTTTA,GTGCAGAAAAT
7799,negative,4280,-1.4061232805252075,VT65295|0|MEMB006A|-|2731,1863,no,AGCTTT,TCTTCTTTTCT,GTGCAGAAGAT
7800,negative,4280,-2.8841705322265625,VT65295|0|MEMB006B|-|2950,1976,no,ATGTTG,AGAAACAGCAA,TTGATGAAAAT
7801,negative,4280,0.4783995747566223,VT65295|0|MEMB007B|-|2640,1846,no,GTAACA,CGGAACAAACT,ATGTAGAAATT
7802,negative,4280,3.1788392066955566,VT65295|0|MEMB007C|+|2249,1515,no,AACACT,CTTTCTTGGCC,GTGTGGCAGTT
7803,negative,4280,-1.2992080450057983,VT65295|0|dkik|-|3985,2414,no,GTCCTG,GACTCAAAGGC,CGGGAAAGGAT
7804,negative,4495,-1.991085767745972,VT65295|0|MEMB002A|+|3572,2844,no,TTTGGT,TTTGAACTTGA,TATTATTGAAA
7805,negative,4495,-1.991085767745972,VT65295|0|MEMB002C|-|3210,2481,no,TTTGGT,TTTGAACTTGA,TATTATTGAAA
7806,negative,4495,-0.4061232209205627,VT65295|0|MEMB002D|+|2569,1862,no,TTAAGT,AATGACCGTTG,AATTTAATGAA
7807,negative,4495,2.593876838684082,VT65295|0|MEMB002E|-|2184,1469,no,CCTAAT,AAGCCAGTTGA,ATATACATATA
7808,negative,4495,2.7007920742034908,VT65295|0|MEMB002F|-|2530,1818,no,ATTACG,AACAAATTTGA,ACGTTGCAGTA
7809,negative,4495,0.5938767790794373,VT65295|0|MEMB003A|-|2218,1486,no,TCCGAT,TTTTAACATAT,ATTATATATTT
7810,negative,4495,-0.5216004252433777,VT65295|0|MEMB003B|-|2439,1685,no,GGTTCC,ACTGCGTTTAT,CGTATTCTATA
7811,negative,4495,-1.991085767745972,VT65295|0|MEMB003C|+|2464,1736,no,TTTGGT,TTTGAACTTGA,TATTATTGAAA
7812,negative,4495,0.5938767790794373,VT65295|0|MEMB003D|-|2218,1486,no,TCCGAT,TTTCAACATAT,ATTATATATTT
7813,negative,4495,-1.991085767745972,VT65295|0|MEMB003F|-|2339,1624,no,TCTTGT,TATATATATGT,TAATTCTAGTT
7814,negative,4495,-2.5216004848480225,VT65295|0|MEMB004E|-|2307,1584,no,GATTGC,AACGCAGTGCT,TCTAGTCTGAA
7815,negative,4495,0.06336206197738647,VT65295|0|MEMB005B|+|2303,1583,no,GTTAGC,AAAGCAGTGCT,TCTAGTCAGAA
7816,negative,4495,-2.5216004848480225,VT65295|0|MEMB005D|-|2647,1924,no,GTTTGC,AGTGAAGGGTT,TTTAGTCAGAA
7817,negative,4495,-2.5216004848480225,VT65295|0|MEMB006A|-|2731,2008,no,GTTTGC,AGTGAAGGGTT,TTTAGTCAGAA
7818,negative,4495,1.0633620023727417,VT65295|0|MEMB006B|-|2950,2119,no,AGAAAC,AGCGAAGTAAT,CAAATTTGATG
7819,negative,4495,-2.5216004848480225,VT65295|0|MEMB006C|+|2238,1516,no,GTTTTC,AACGCAGTGAT,TCTAGTCAGAA
7820,negative,4495,-1.991085767745972,VT65295|0|MEMB007B|-|2640,1912,no,TTTGGT,TTTGAACTTGA,TATTATTGAAA
7821,negative,4495,3.1788392066955566,VT65295|0|MEMB007C|+|2249,1570,no,ATCAAT,GATGAATTAAC,TATGTAACATT
7822,negative,4495,0.06336206197738647,VT65295|0|MEMB008C|-|2328,1606,no,GTTAGC,AACGAAGTGAT,TGTAGTCAGAA
7823,negative,4495,0.06336206197738647,VT65295|0|dkik|-|3985,2629,no,TATAGC,ATCTGAGTGGT,AATTGTCGAAA
7824,negative,5732,1.7007919549942017,VT65295|0|MEMB002A|+|3572,3441,no,AAAACG,CCATTTGTGAC,CGTACACGCCC
7825,negative,5732,1.7007919549942017,VT65295|0|MEMB002C|-|3210,3079,no,AAAACG,CCATTTGTGAC,CGTACACACCC
7826,negative,5732,2.7007920742034908,VT65295|0|MEMB002D|+|2569,2442,no,AATACG,CCTTTTGTTTC,GCTACACACCC
7827,negative,5732,2.7007920742034908,VT65295|0|MEMB002E|-|2184,2050,no,AATACG,CCCTTTGTTTC,GCTATACACCC
7828,negative,5732,-0.8841705322265625,VT65295|0|MEMB002F|-|2530,2389,no,AAATCG,CCATTTGTGGT,CCTACACACCC
7829,negative,5732,1.7007919549942017,VT65295|0|MEMB003A|-|2218,2089,no,AAGACG,CCATTTGTTTC,GCTACACACCC
7830,negative,5732,2.7007920742034908,VT65295|0|MEMB003B|-|2439,2314,no,AATACG,GAGTTTGTTTC,GCTACACACCC
7831,negative,5732,1.7007919549942017,VT65295|0|MEMB003C|+|2464,2333,no,AAAACG,CCATTTGTGAC,CGTACACACCC
7832,negative,5732,1.7007919549942017,VT65295|0|MEMB003D|-|2218,2089,no,AAGACG,CCATTTGTTTC,GCTACACACCC
7833,negative,5732,1.7007919549942017,VT65295|0|MEMB003F|-|2339,2211,no,AAGACG,CCCTTTGTTGC,GCTACACACCC
7834,negative,5732,1.7007919549942017,VT65295|0|MEMB004B|+|2160,2031,no,AAGACG,GCCTTTGTTTC,GCTACACCCCC
7835,negative,5732,1.4783995151519775,VT65295|0|MEMB004E|-|2307,2178,no,AATACA,CCCTTTGTAAC,GCTACACCCCA
7836,negative,5732,1.7007919549942017,VT65295|0|MEMB005B|+|2303,2174,no,CCGACG,GCCTTTGTTGC,GCTACACCCCC
7837,negative,5732,2.7007920742034908,VT65295|0|MEMB005D|-|2647,2519,no,AATACG,CCCTTTGTTGC,GCTACACGCCC
7838,negative,5732,2.7007920742034908,VT65295|0|MEMB006A|-|2731,2603,no,AATACG,CCCTTTGTTGC,GCTACACACCC
7839,negative,5732,2.7007920742034908,VT65295|0|MEMB006B|-|2950,2831,no,AATACG,CCATTTCTTAC,GCTACACACCC
7840,negative,5732,2.7007920742034908,VT65295|0|MEMB006C|+|2238,2107,no,AATAAG,CCATTTGTTGC,GATACACCCCC
7841,negative,5732,1.7007919549942017,VT65295|0|MEMB007B|-|2640,2509,no,AAAACG,CCATTTGTGTC,CCTACACACCC
7842,negative,5732,3.2857544422149663,VT65295|0|MEMB007C|+|2249,2128,no,AACACG,GAGTTTGTTTC,GCTACACACCC
7843,negative,5732,1.7007919549942017,VT65295|0|MEMB007D|-|2925,2799,no,CAGACG,GAATTTGTGGC,CCTATACACCG
7844,negative,5732,2.593876838684082,VT65295|0|MEMB008C|-|2328,2197,no,AATACT,GCCTTTGTGTC,GCTACACCCCC
7845,negative,5732,1.7007919549942017,VT65295|0|dkik|-|3985,3856,no,AAGACG,CCATTTGTTTC,GCTACACACCC
7846,positive,310,3.1788392066955566,VT65295|0|MEMB007D|-|2925,294,no,CAATGT,TTAAGCATACT,GCACATCAACA
7847,negative,329,3.1788392066955566,VT65295|0|MEMB007D|-|2925,313,no,AACAAT,TCTGTTGATGT,AACTTAAAGGC
7848,negative,349,3.1788392066955566,VT65295|0|MEMB007D|-|2925,333,no,TTCAAT,GACAACTTAAA,TGTTACGGTCT
7849,positive,364,3.2857544422149663,VT65295|0|MEMB007D|-|2925,348,no,CAAGGA,AAAGACCGTAA,AAGGTTAAACT
7850,positive,390,3.1788392066955566,VT65295|0|MEMB007D|-|2925,374,no,CAATAG,CTGAAATCATT,AAAACCAAAAC
7851,negative,457,2.7007920742034908,VT65295|0|MEMB002A|+|3572,350,no,TATAAG,TCAACTGGTAT,CACACCAGTAG
7852,negative,457,1.7007919549942017,VT65295|0|MEMB002B|-|1683,341,no,TAAAAG,TCAACTGGTAT,ATATTAAATAG
7853,negative,457,1.7007919549942017,VT65295|0|MEMB002C|-|3210,335,no,TAAAAG,TCAACTGGTAT,ATATTTAATAG
7854,negative,457,0.7007919549942017,VT65295|0|MEMB002F|-|2530,341,no,TACGAG,GTAACTGGTAT,ATATTAAATAG
7855,negative,457,1.7007919549942017,VT65295|0|MEMB004A|-|1649,317,no,TAAAAG,TCAACGTACTC,ATAATAAATAG
7856,negative,457,1.7007919549942017,VT65295|0|MEMB007B|-|2640,350,no,TAAAAG,TCAACTGGTAT,ATACTTAATAG
7857,negative,457,3.1788392066955566,VT65295|0|MEMB007D|-|2925,437,no,AACAAT,TTAGTTAATAT,AAACATAATTT
7858,positive,725,-2.991085767745972,VT65295|0|MEMB002A|+|3572,618,no,acgttg,cggctgcggaa,aggatgttgcg
7859,positive,725,-3.5216004848480225,VT65295|0|MEMB002B|-|1683,376,no,ACTCTC,AGTTAACGCAA,AATGTGCAAAG
7860,positive,725,-4.106563091278076,VT65295|0|MEMB002C|-|3210,370,no,agtaag,aaatataaaca,aaacctacagt
7861,positive,725,-0.9366379380226136,VT65295|0|MEMB002F|-|2530,376,no,GAGCTT,TGCTATTGAAA,AACAAGAAAAG
7862,positive,725,-3.5216004848480225,VT65295|0|MEMB004A|-|1649,352,no,ACTCTC,AGTTAACGGTA,AATGTGCAATA
7863,positive,725,3.2857544422149663,VT65295|0|MEMB007D|-|2925,472,no,CAAGGC,GAAGACAACAA,AACAAATAATA
7864,negative,876,-0.5216004252433777,VT65295|0|MEMB002A|+|3572,769,no,ATCGAA,AAAAACTGTCA,ACACCACGAAA
7865,negative,876,-3.106562852859497,VT65295|0|MEMB002C|-|3210,521,no,GCTGTA,GCCGACAGGTG,TGCTGTTGCAA
7866,negative,876,3.1788392066955566,VT65295|0|MEMB007D|-|2925,537,no,TTCAAT,GAGTCCTTATT,TGTTACGCTCT
7867,positive,931,-1.1065629720687866,VT65295|0|MEMB002A|+|3572,824,no,ttaagg,ccaaactgtta,aatattatttg
7868,positive,931,3.2857544422149663,VT65295|0|MEMB007D|-|2925,552,no,CAAGGA,AAAGAGCGTAA,AGAGTTTAACT
7869,positive,1011,-1.991085767745972,VT65295|0|MEMB002A|+|3572,904,no,tcttgg,gggccaacaac,tttttgcatca
7870,positive,1011,-0.9366379380226136,VT65295|0|MEMB002B|-|1683,429,no,GAGCAT,TTGTATTAAAA,AACAAGAAAAG
7871,positive,1011,-0.4061232209205627,VT65295|0|MEMB002C|-|3210,601,no,GATTTT,GTTTATGATCC,ACTGAAATCCG
7872,positive,1011,-1.5216004848480225,VT65295|0|MEMB002F|-|2530,442,no,GGACGA,CACGATTATAA,CAAAGGAAATA
7873,positive,1011,-0.9366379380226136,VT65295|0|MEMB004A|-|1649,405,no,GAGCGT,ATGTATTAAAA,AACAAGAAAAG
7874,positive,1011,3.2857544422149663,VT65295|0|MEMB007D|-|2925,632,no,CAAGAG,CGAGCATGAAC,taaatatatta
7875,positive,1592,0.7007919549942017,VT65295|0|MEMB002A|+|3572,1447,no,CGAGCA,TCCCACGTGGC,GAACGTACACC
7876,positive,1592,0.7007919549942017,VT65295|0|MEMB002B|-|1683,643,no,CGAGAA,TCCGGTGTGGC,GAACGTACACC
7877,positive,1592,0.7007919549942017,VT65295|0|MEMB002C|-|3210,1093,no,CGAGCA,TCCCACGTGAC,GAACGTACACC
7878,positive,1592,0.7007919549942017,VT65295|0|MEMB002D|+|2569,470,no,CGAGAA,TCCGATATGGC,TCACGTACACC
7879,positive,1592,0.7007919549942017,VT65295|0|MEMB002E|-|2184,468,no,CGAGAA,TCCGATATGGC,TCACGTACACC
7880,positive,1592,0.7007919549942017,VT65295|0|MEMB002F|-|2530,640,no,CGAGAA,TCCGATATGGC,GAACGTACACC
7881,positive,1592,0.7007919549942017,VT65295|0|MEMB003A|-|2218,419,no,CGAGAA,TCCTATATGGC,TCACGTACACC
7882,positive,1592,0.7007919549942017,VT65295|0|MEMB003B|-|2439,465,no,CGAGAA,CCCGATATGGC,TCACGTATACC
7883,positive,1592,0.7007919549942017,VT65295|0|MEMB003C|+|2464,370,no,CGAGCA,TCCCACGTGGC,GAACGTACACC
7884,positive,1592,0.7007919549942017,VT65295|0|MEMB003D|-|2218,419,no,CGAGAA,TCCTATATGGC,TCACGTACACC
7885,positive,1592,0.7007919549942017,VT65295|0|MEMB003F|-|2339,472,no,CGAGAA,TCCGATATGGC,CCACGTACACC
7886,positive,1592,0.7007919549942017,VT65295|0|MEMB004A|-|1649,638,no,CGAGAA,TCCGGTGTGGC,GAACGTACACC
7887,positive,1592,0.7007919549942017,VT65295|0|MEMB004B|+|2160,439,no,CGAGAA,TCCGATATGAC,TCACGAACACC
7888,positive,1592,0.7007919549942017,VT65295|0|MEMB004E|-|2307,473,no,CGAGAA,TCCGATATGGC,CCACGAACACC
7889,positive,1592,0.7007919549942017,VT65295|0|MEMB005B|+|2303,454,no,CGAGAA,CCCGATGTGAC,TCACAAACACC
7890,positive,1592,0.7007919549942017,VT65295|0|MEMB005D|-|2647,450,no,CGAGAA,TCCGATATGGC,CCACGTACACT
7891,positive,1592,0.7007919549942017,VT65295|0|MEMB006A|-|2731,473,no,CGAGAA,TCCGATGTGGC,TCACGTACACC
7892,positive,1592,0.7007919549942017,VT65295|0|MEMB006B|-|2950,483,no,CGAGAA,CCCGATATGAC,TCACATACACC
7893,positive,1592,0.7007919549942017,VT65295|0|MEMB006C|+|2238,462,no,CGAGAA,TCCGACATGGC,TCACGTACACC
7894,positive,1592,0.7007919549942017,VT65295|0|MEMB007B|-|2640,540,no,CGAGCA,TCCCACGTGGC,GAACGTACACC
7895,positive,1592,0.7007919549942017,VT65295|0|MEMB007C|+|2249,431,no,CGAGAA,ACCGATATGGC,TCACGTATATC
7896,positive,1592,3.2857544422149663,VT65295|0|MEMB007D|-|2925,826,no,CAAGAA,TCCAACATGGC,GAACGTACACC
7897,positive,1592,0.7007919549942017,VT65295|0|MEMB008C|-|2328,474,no,CGAGAA,TCCGATATGGC,CCACGAACACC
7898,positive,1592,0.7007919549942017,VT65295|0|dkik|-|3985,419,no,CGAGAA,TCCTATATGGC,TCACATACACC
7899,negative,1671,2.0633621215820312,VT65295|0|MEMB002A|+|3572,1526,no,AGTACC,TCGCATCGGGA,TGCGCCACGTC
7900,negative,1671,2.0633621215820312,VT65295|0|MEMB002B|-|1683,722,no,AGTACC,TCGCATCGAGA,TGCGCCACGTC
7901,negative,1671,2.593876838684082,VT65295|0|MEMB002C|-|3210,1172,no,AGTACT,TCGCATCGGGA,TGCGCCACGTC
7902,negative,1671,2.0633621215820312,VT65295|0|MEMB002D|+|2569,549,no,TGTACC,ACACACCGAGA,TGCGCCACATT
7903,negative,1671,2.0633621215820312,VT65295|0|MEMB002E|-|2184,547,no,AGTACC,ACACACCGAGA,TGCGCCACATA
7904,negative,1671,2.0633621215820312,VT65295|0|MEMB002F|-|2530,719,no,AGTACC,TCGCATCGAGA,TGCGGCACGTC
7905,negative,1671,2.0633621215820312,VT65295|0|MEMB003A|-|2218,498,no,AGTACC,ACACACCGAGA,TGCGCCACATC
7906,negative,1671,2.0633621215820312,VT65295|0|MEMB003B|-|2439,544,no,AGTACC,ACACACCGGGA,TGCGCCGCGTC
7907,negative,1671,2.0633621215820312,VT65295|0|MEMB003C|+|2464,449,no,AGTACC,TCGCATCGTGA,TGCGCCACGTC
7908,negative,1671,2.0633621215820312,VT65295|0|MEMB003D|-|2218,498,no,AGTACC,ACACACCGAGA,TGCGCCACATC
7909,negative,1671,2.648324489593506,VT65295|0|MEMB003F|-|2339,551,no,AGCACC,ACACACCGAGA,TGCGCCACGTC
7910,negative,1671,2.0633621215820312,VT65295|0|MEMB004A|-|1649,717,no,AGTACC,TCGCATCGAGA,TGCGCCACGTC
7911,negative,1671,2.0633621215820312,VT65295|0|MEMB004B|+|2160,518,no,AGTACC,ACACACCGAGA,TGCGCCACATC
7912,negative,1671,2.0633621215820312,VT65295|0|MEMB004E|-|2307,552,no,AGTACC,ACTCACCGAGA,TGCGCCACATC
7913,negative,1671,2.0633621215820312,VT65295|0|MEMB005B|+|2303,533,no,AGTACC,ACACACCGAGA,TGCGTCACATC
7914,negative,1671,2.0633621215820312,VT65295|0|MEMB005D|-|2647,529,no,AGTACC,ACGCACCTGGA,TGCGCCACATC
7915,negative,1671,2.0633621215820312,VT65295|0|MEMB006A|-|2731,552,no,AGTACC,ACGCACCTGGA,TGCGCCACATC
7916,negative,1671,2.7007920742034908,VT65295|0|MEMB006B|-|2950,562,no,AGTACG,ACCCACCGAGA,TGCGCCGTGTC
7917,negative,1671,2.0633621215820312,VT65295|0|MEMB006C|+|2238,541,no,AGTACC,ACACACCGAGA,TGCGCCACATC
7918,negative,1671,2.0633621215820312,VT65295|0|MEMB007B|-|2640,619,no,ACTACC,TCGCATCGGGA,TGCGCCACGTC
7919,negative,1671,2.0633621215820312,VT65295|0|MEMB007C|+|2249,510,no,AGTACC,ACACACCGGGA,TGCGCCGCGTC
7920,negative,1671,3.2857544422149663,VT65295|0|MEMB007D|-|2925,905,no,AGCACG,ACACACCGAGA,TGCGTCAGGTC
7921,negative,1671,2.0633621215820312,VT65295|0|MEMB008C|-|2328,553,no,AGTACC,ACACACCGGGA,TGCGCCACATC
7922,negative,1671,2.0633621215820312,VT65295|0|dkik|-|3985,498,no,AGTACC,ACACACCGAGA,TGCGCCACATC
7923,positive,1736,2.648324489593506,VT65295|0|MEMB002A|+|3572,1591,no,CAACCG,GAAATTGTCCA,GGTGCTTGCCC
7924,positive,1736,2.648324489593506,VT65295|0|MEMB002B|-|1683,787,no,CAACTG,GAAATTGTCCA,GCGTCTTGCCC
7925,positive,1736,2.648324489593506,VT65295|0|MEMB002C|-|3210,1237,no,CAACTG,GAAATTGTCCA,GGTGCTTGCCC
7926,positive,1736,0.008914276957511902,VT65295|0|MEMB002D|+|2569,614,no,TGCTTG,GAAATTGCTGA,GCACCTTGCTC
7927,positive,1736,0.008914276957511902,VT65295|0|MEMB002E|-|2184,612,no,TGCTTG,AAAGTTACTGA,GCACCTTGCTC
7928,positive,1736,2.593876838684082,VT65295|0|MEMB002F|-|2530,784,no,TACTTG,GAAATTGTCCA,GCGTCTTGCCC
7929,positive,1736,0.008914276957511902,VT65295|0|MEMB003A|-|2218,563,no,TGCTTG,GAAATTGCTGA,GCACCTTGTTC
7930,positive,1736,0.008914276957511902,VT65295|0|MEMB003B|-|2439,609,no,TGCTTG,GAAATTGCTGA,GCACCTTGCTC
7931,positive,1736,2.648324489593506,VT65295|0|MEMB003C|+|2464,514,no,CAACCG,GAAATTGTCCA,GGTGCTTGCCC
7932,positive,1736,0.008914276957511902,VT65295|0|MEMB003D|-|2218,563,no,TGCTTG,AAAATTGCTGA,GCACCTTGTTC
7933,positive,1736,0.5938767790794373,VT65295|0|MEMB003F|-|2339,616,no,CGCTTG,GAAATTGCTGA,GCATCTTGCTT
7934,positive,1736,2.648324489593506,VT65295|0|MEMB004A|-|1649,782,no,CAACTG,GAAATTGTCCA,GCGTCTTGCCC
7935,positive,1736,0.008914276957511902,VT65295|0|MEMB004B|+|2160,583,no,TGCTTG,GAAATTGCTGA,GCACCTTGCTC
7936,positive,1736,0.008914276957511902,VT65295|0|MEMB004E|-|2307,617,no,TGCTTG,GAAATTGCTGA,GCACCTTGCTC
7937,positive,1736,0.008914276957511902,VT65295|0|MEMB005B|+|2303,598,no,TGCTTG,GAAATTGCTGA,GCACCTTGCTC
7938,positive,1736,0.008914276957511902,VT65295|0|MEMB005D|-|2647,594,no,TGCTCG,GAAATTGCTGA,GCACCTTGGTC
7939,positive,1736,0.008914276957511902,VT65295|0|MEMB006A|-|2731,617,no,TGCTCG,GAAATTGCTGA,GCACCTTGGTC
7940,positive,1736,0.5938767790794373,VT65295|0|MEMB006B|-|2950,627,no,CGCTTG,GAAATTGCTGA,GCACCTTGCTC
7941,positive,1736,0.008914276957511902,VT65295|0|MEMB006C|+|2238,606,no,TGCTTG,GAAATTGCTGA,GCACATGGGTC
7942,positive,1736,2.648324489593506,VT65295|0|MEMB007B|-|2640,684,no,CAACCG,GAAATTGTCCA,GGTGCTTGCCC
7943,positive,1736,0.008914276957511902,VT65295|0|MEMB007C|+|2249,575,no,TGCTTG,GAAATTGCTGA,GCACCTTGCTC
7944,positive,1736,3.1788392066955566,VT65295|0|MEMB007D|-|2925,970,no,CACTTG,GAAGTTGCTCA,GCGCCTTGGTC
7945,positive,1736,0.008914276957511902,VT65295|0|MEMB008C|-|2328,618,no,TGCTTG,GAAATTGCTGA,GCACCTTGCTC
7946,positive,1736,0.008914276957511902,VT65295|0|dkik|-|3985,563,no,TGCTTG,GAAATTGCTGA,GCACCTTGTTC
7947,negative,1963,0.5938767790794373,VT65295|0|MEMB002A|+|3572,1818,no,CGCCAT,GGAGCTATTCA,CAGCTGCTCTT
7948,negative,1963,0.5938767790794373,VT65295|0|MEMB002B|-|1683,1014,no,CGCCAT,GGAGCTATTTA,CAACTGCTCTT
7949,negative,1963,0.5938767790794373,VT65295|0|MEMB002C|-|3210,1464,no,CGCCAT,GGAGCTATTCA,CAGCTGCTCTT
7950,negative,1963,0.5938767790794373,VT65295|0|MEMB002D|+|2569,841,no,CGCCAT,GGAGCTGTTTA,CAGATGCTGTT
7951,negative,1963,0.5938767790794373,VT65295|0|MEMB002E|-|2184,839,no,TGCCAT,GGACCTTTTTA,CAGATGCTTTT
7952,negative,1963,-0.9910857081413268,VT65295|0|MEMB002F|-|2530,1011,no,CGGCAT,GGAGCTATTTA,CAGATACTCTT
7953,negative,1963,0.5938767790794373,VT65295|0|MEMB003A|-|2218,790,no,TGCCAT,GGAGCTTTTTC,CAGATGCTGTT
7954,negative,1963,0.5938767790794373,VT65295|0|MEMB003B|-|2439,836,no,CGCCAT,GGAGCTTTTCA,CAGATGCTATT
7955,negative,1963,0.5938767790794373,VT65295|0|MEMB003C|+|2464,741,no,CGCCAT,GGAGCTATTCA,CAGCTGCTCTT
7956,negative,1963,0.5938767790794373,VT65295|0|MEMB003D|-|2218,790,no,TGCCAT,GGAGCTTTTTC,CAGATGCTGTT
7957,negative,1963,0.5938767790794373,VT65295|0|MEMB003F|-|2339,843,no,CGCCAT,GGACCTTTTTA,CAGATGCTCTT
7958,negative,1963,0.5938767790794373,VT65295|0|MEMB004A|-|1649,1009,no,CGCCAT,GGAGCTATTTA,CAACTGCTCTT
7959,negative,1963,0.5938767790794373,VT65295|0|MEMB004B|+|2160,810,no,CGCCAT,GGAGCTTTTTA,CAGATGCTATT
7960,negative,1963,0.5938767790794373,VT65295|0|MEMB004E|-|2307,841,no,CGCCAT,GGAGCTTTTTA,CAGATGCTTTT
7961,negative,1963,0.5938767790794373,VT65295|0|MEMB005B|+|2303,825,no,CGCCAT,GGAGCTTTTTA,CAGATGCTTTT
7962,negative,1963,0.5938767790794373,VT65295|0|MEMB005D|-|2647,821,no,CGCGAT,GGAGCTTTTTA,CAGATGCTGTT
7963,negative,1963,0.5938767790794373,VT65295|0|MEMB006A|-|2731,844,no,CGCGAT,GGAGCTTTTTA,CAGATGCTGTT
7964,negative,1963,0.5938767790794373,VT65295|0|MEMB006B|-|2950,854,no,TGCCAT,GGAGCTTTTCC,CAAATGCTTTT
7965,negative,1963,0.5938767790794373,VT65295|0|MEMB006C|+|2238,833,no,CGCCAT,GGAGCTTTTTA,CAGATGCTATT
7966,negative,1963,0.5938767790794373,VT65295|0|MEMB007B|-|2640,911,no,CGCCAT,GGAGCTATTCA,CAGCTGCTCTT
7967,negative,1963,0.5938767790794373,VT65295|0|MEMB007C|+|2249,802,no,CGCCAT,GGAGCTTTTCA,CAGATGCTTTT
7968,negative,1963,3.1788392066955566,VT65295|0|MEMB007D|-|2925,1197,no,CGCAAT,GGAGCTCTTTA,CAGATGCTGTT
7969,negative,1963,0.5938767790794373,VT65295|0|MEMB008C|-|2328,845,no,CGCCAT,GGAGCTCTTTA,CAGATGCTTTT
7970,negative,1963,0.5938767790794373,VT65295|0|dkik|-|3985,790,no,TGCCAT,GGAGCTTTTTC,CAGATCCTGTT
7971,positive,2199,-0.8841705322265625,VT65295|0|MEMB002A|+|3572,2054,no,ATAGCC,GCCGCTAACAT,GGATAAGTTTG
7972,positive,2199,2.7007920742034908,VT65295|0|MEMB002B|-|1683,1250,no,TAAGCC,GCCACTACCAT,GGATAAGTCTG
7973,positive,2199,-0.8841705322265625,VT65295|0|MEMB002C|-|3210,1700,no,ATAGCC,GCAGCTACCAT,GGATAAATTTG
7974,positive,2199,2.7007920742034908,VT65295|0|MEMB002D|+|2569,1077,no,TAAGCC,GCCAGAATAGC,GGATAATTGTG
7975,positive,2199,1.7007919549942017,VT65295|0|MEMB002E|-|2184,1075,no,GAAGCC,GCCAGAATAGC,GGATAATTGTT
7976,positive,2199,1.4783995151519775,VT65295|0|MEMB002F|-|2530,1247,no,TAAACC,GCCACTACTGT,GGGTAAGTGTG
7977,positive,2199,2.7007920742034908,VT65295|0|MEMB003A|-|2218,1026,no,TAAGCC,GCCAGTATCGA,GGATAATTCGG
7978,positive,2199,0.7007919549942017,VT65295|0|MEMB003B|-|2439,1072,no,TATGCC,GCCAGAACCGT,GGATATGTTTG
7979,positive,2199,-0.8841705322265625,VT65295|0|MEMB003C|+|2464,977,no,ATAGCC,GCCGCTACCAT,GGATAAGTTTG
7980,positive,2199,1.4783995151519775,VT65295|0|MEMB003D|-|2218,1026,no,TAAACC,GCCAGTATCGA,GGATAATTCTG
7981,positive,2199,2.7007920742034908,VT65295|0|MEMB003F|-|2339,1079,no,TAAGCC,GCCAGAATAGC,GGATAGATTTG
7982,positive,2199,2.7007920742034908,VT65295|0|MEMB004A|-|1649,1245,no,TAAGCC,GCCACTACCAT,GGATAAGTCTG
7983,positive,2199,2.7007920742034908,VT65295|0|MEMB004B|+|2160,1046,no,TAAGCC,GCCAGAATCGT,GGATAGGTGTG
7984,positive,2199,0.7007919549942017,VT65295|0|MEMB004E|-|2307,1077,no,TAGGCC,GCCAGAATCGC,GGATAGGTTTG
7985,positive,2199,2.0633621215820312,VT65295|0|MEMB005B|+|2303,1061,no,TAACCC,GCCAGAATCGT,GGATAGGTTTC
7986,positive,2199,2.7007920742034908,VT65295|0|MEMB005D|-|2647,1057,no,TAAGCC,GCCCCAATGGC,GGATAGGTGTT
7987,positive,2199,2.7007920742034908,VT65295|0|MEMB006A|-|2731,1080,no,TAAGCC,GCTCCAATCGC,GGATAAATGTT
7988,positive,2199,2.7007920742034908,VT65295|0|MEMB006B|-|2950,1090,no,TAAGCC,GCCAGAATCGC,GGATAATCCTG
7989,positive,2199,2.7007920742034908,VT65295|0|MEMB006C|+|2238,1069,no,TAAGCC,GCCCCAATCGC,GGATAGGTTTC
7990,positive,2199,-0.8841705322265625,VT65295|0|MEMB007B|-|2640,1147,no,ATAGCC,GCCGCTACCAT,GGATAAGTTTG
7991,positive,2199,0.7007919549942017,VT65295|0|MEMB007C|+|2249,1038,no,TAGGCT,GCTAGAACCGT,GAATATGTTTA
7992,positive,2199,3.2857544422149663,VT65295|0|MEMB007D|-|2925,1433,no,CACGCC,CTCAGTATCAC,GGATAAATTTT
7993,positive,2199,2.7007920742034908,VT65295|0|MEMB008C|-|2328,1081,no,TAAGCC,GCCAATATCGT,GGATAGGTTTG
7994,positive,2199,2.7007920742034908,VT65295|0|dkik|-|3985,1026,no,TAAGCC,GCCAGTATCGC,GGATAATTCTG
7995,positive,2270,3.1788392066955566,VT65295|0|MEMB007D|-|2925,1504,no,caataa,gaaataataaa,aACTGAAAGAA
7996,positive,2539,2.593876838684082,VT65295|0|MEMB002A|+|3572,2162,no,TAATAT,AATTATATAAA,CCTTAAACCTT
7997,positive,2539,0.5938767790794373,VT65295|0|MEMB002B|-|1683,1344,no,TATTCT,acataaaaaaG,CCTTAAGCCTG
7998,positive,2539,2.593876838684082,VT65295|0|MEMB002C|-|3210,1808,no,TAATAT,AATTATATAAA,CCTTCAACCTT
7999,positive,2539,-0.5216004252433777,VT65295|0|MEMB002D|+|2569,1176,no,TATATA,AGAAATATTTA,TAATATAACTA
8000,positive,2539,2.593876838684082,VT65295|0|MEMB003C|+|2464,1085,no,TAATAT,AATTATATAAA,CCTTAAACCTT
8001,positive,2539,0.5938767790794373,VT65295|0|MEMB004A|-|1649,1338,no,TATTCT,cataaaaaaaG,CCTTAAGTCTG
8002,positive,2539,0.5938767790794373,VT65295|0|MEMB005D|-|2647,1327,no,TATTAG,TATTAAAGTAA,TAGCCAAACCA
8003,positive,2539,0.5938767790794373,VT65295|0|MEMB006A|-|2731,1389,no,TATTTG,TATTAAAGTAA,TTACCAAACCA
8004,positive,2539,0.008914276957511902,VT65295|0|MEMB007B|-|2640,1255,no,tTATAT,aaatatagaaa,GTACAAAAGTT
8005,positive,2539,3.1788392066955566,VT65295|0|MEMB007D|-|2925,1554,no,CAATTT,GTAAATTCAAA,TGCAGTTACAA
8006,positive,2594,-0.4061232209205627,VT65295|0|MEMB002A|+|3572,2193,no,AAGTTT,AATATATTCAA,GGGTCATTAAA
8007,positive,2594,-0.4061232209205627,VT65295|0|MEMB002C|-|3210,1839,no,AAGTTT,AATATATTCAA,GGGTCATTAAA
8008,positive,2594,-2.991085767745972,VT65295|0|MEMB002D|+|2569,1207,no,GTTTTA,CAATTGTACAA,CAATAATTTTA
8009,positive,2594,-1.4061232805252075,VT65295|0|MEMB003B|-|2439,1143,no,CGGTCG,GTACTGATTAG,GAACAATTGTA
8010,positive,2594,-0.4061232209205627,VT65295|0|MEMB003C|+|2464,1116,no,AAGTTT,AATATATTCAA,GGGTCATTAAT
8011,positive,2594,1.5938767194747925,VT65295|0|MEMB003F|-|2339,1185,no,GAATCG,GTAATGATTAG,AAACAATTGTA
8012,positive,2594,-0.4061232209205627,VT65295|0|MEMB004B|+|2160,1158,no,GAGTCG,GTTCTGATTGG,GAACAAATGTA
8013,positive,2594,-0.4061232209205627,VT65295|0|MEMB004E|-|2307,1193,no,GAGTCG,GCAATGAATGG,GAACAATTGTA
8014,positive,2594,-0.4061232209205627,VT65295|0|MEMB005B|+|2303,1173,no,GAGTCG,GTACTCATTGG,GAACAAATGTA
8015,positive,2594,-0.4061232209205627,VT65295|0|MEMB005D|-|2647,1382,no,GAGTGG,TACTGAAGAAG,GAACAATTATA
8016,positive,2594,-0.4061232209205627,VT65295|0|MEMB006C|+|2238,1185,no,GAGTCG,GTTCCGATTGG,GAACAAATGTA
8017,positive,2594,-0.4061232209205627,VT65295|0|MEMB007B|-|2640,1267,no,AAGTTT,TATATGTACAA,GTGTCATTAAT
8018,positive,2594,-0.9910857081413268,VT65295|0|MEMB007C|+|2249,1109,no,GCATCG,TTATTGATTAG,GAACAATGGTA
8019,positive,2594,3.1788392066955566,VT65295|0|MEMB007D|-|2925,1585,no,CAATCG,ACGACAACTTA,TTGGTTGCTTT
8020,positive,2594,-0.4061232209205627,VT65295|0|MEMB008C|-|2328,1194,no,GAGTCG,GTACTGATTGG,GAACAAATGTG
8021,positive,2621,3.1788392066955566,VT65295|0|MEMB007D|-|2925,1612,no,CACTGT,TTACTGAGATC,AATCTCTACGT
8022,negative,2734,3.1788392066955566,VT65295|0|MEMB007D|-|2925,1725,no,TGCAAT,CTAAATGGTTT,GAACACATATT
8023,positive,2854,3.1788392066955566,VT65295|0|MEMB007D|-|2925,1845,no,CAATCT,ATAAATACATT,GCATTTTTTAA
8024,positive,2885,3.1788392066955566,VT65295|0|MEMB007D|-|2925,1876,no,CAATTC,ACTTTTAGACA,CAAGGGTTCTA
8025,positive,2891,3.2857544422149663,VT65295|0|MEMB007D|-|2925,1882,no,CAAGGG,AGACACAATTC,TTCTAAGGTCC
8026,negative,2909,3.1788392066955566,VT65295|0|MEMB007D|-|2925,1900,no,ATCACT,AGGACCTTAGA,GTGCTCCAGAA
8027,positive,2983,3.1788392066955566,VT65295|0|MEMB007D|-|2925,1974,no,CAATAC,ACTAAATGCAG,CATTATTTTGT
8028,positive,2983,-0.9910857081413268,VT65295|0|MEMB008C|-|2328,1271,no,ACCTTT,TAATATATTCT,AAATATTTTGT
8029,positive,5308,2.648324489593506,VT65295|0|MEMB002A|+|3572,3024,no,CACCTC,AGGACGTTAAA,GACGGCCGGTT
8030,positive,5308,2.648324489593506,VT65295|0|MEMB002C|-|3210,2662,no,CACCTC,AGGACATTAAA,GACGTTCGGTT
8031,positive,5308,1.2857544422149658,VT65295|0|MEMB002D|+|2569,2031,no,CATGAT,GGGACGCTGTT,GACATTTGGTT
8032,positive,5308,0.6483245491981506,VT65295|0|MEMB002E|-|2184,1639,no,CATCAA,AGGATGTTGTA,GACATTGGGTT
8033,positive,5308,2.648324489593506,VT65295|0|MEMB002F|-|2530,1975,no,CACCTC,AGGATGTTGAA,GACGTGAGGTT
8034,positive,5308,0.6483245491981506,VT65295|0|MEMB003A|-|2218,1675,no,CATCGT,CGGACGTTGTA,GACACTCGGTT
8035,positive,5308,1.0633620023727417,VT65295|0|MEMB003B|-|2439,1906,no,GACCAT,TGGATGTTGTA,GACATTCGGAT
8036,positive,5308,2.0633621215820312,VT65295|0|MEMB003C|+|2464,1916,no,TACCTC,AGGACGTTATA,GACGTTCGGTT
8037,positive,5308,0.6483245491981506,VT65295|0|MEMB003D|-|2218,1675,no,CATCGT,CGGACGTTGTA,GACACTCGGTT
8038,positive,5308,0.6483245491981506,VT65295|0|MEMB003F|-|2339,1800,no,CATCAT,CGAATGTTGTA,GACCTTCGGGT
8039,positive,5308,2.648324489593506,VT65295|0|MEMB004B|+|2160,1620,no,CACCGT,CGAACGTTGTA,GACCTTCGGGT
8040,positive,5308,0.6483245491981506,VT65295|0|MEMB004E|-|2307,1764,no,CATCAT,CGAACGTTGTA,GATCTTCGGGT
8041,positive,5308,2.648324489593506,VT65295|0|MEMB005B|+|2303,1763,no,CACCAT,CGAACGTTGTA,GACCTTCGGGA
8042,positive,5308,0.6483245491981506,VT65295|0|MEMB005D|-|2647,2108,no,CATCAT,CGGACGTTGAA,GACGTTGGGTT
8043,positive,5308,0.6483245491981506,VT65295|0|MEMB006A|-|2731,2192,no,CATCAT,CGGACGTTGAA,GACGTTCGGTT
8044,positive,5308,1.1788393259048462,VT65295|0|MEMB006B|-|2950,2420,no,CATTAT,TGGACGTTGTA,GACATTCGGTG
8045,positive,5308,2.0633621215820312,VT65295|0|MEMB006C|+|2238,1696,no,CACAGT,CGAACGTTGTA,GACCTTCGGAT
8046,positive,5308,2.648324489593506,VT65295|0|MEMB007B|-|2640,2092,no,CACCTC,AGGACGTTAAA,GACGGTCGGTT
8047,positive,5308,1.7007919549942017,VT65295|0|MEMB007C|+|2249,1717,no,GACGAT,TGAATGTTGTA,GACATTCGGAT
8048,positive,5308,3.2857544422149663,VT65295|0|MEMB007D|-|2925,2385,no,CACGAC,ATGATGTTGTA,GACATTAGGTC
8049,positive,5308,0.6483245491981506,VT65295|0|MEMB008C|-|2328,1786,no,CATCAT,CGAACGTTGTA,TATGTTCGTTG
8050,positive,5308,0.6483245491981506,VT65295|0|dkik|-|3985,3442,no,CATCGT,CGGACGTTGTA,GACACTCGGTT
8051,positive,5584,0.7007919549942017,VT65295|0|MEMB002A|+|3572,3300,no,CTCGAT,TCCTCAGAGAC,CCCTTTGAAGA
8052,positive,5584,0.7007919549942017,VT65295|0|MEMB002C|-|3210,2938,no,CTCGAC,TCCTCAGCGAC,CCCTTTGAAGA
8053,positive,5584,-2.1065628528594966,VT65295|0|MEMB002D|+|2569,2301,no,GTCATC,GTATCCTCGAG,TCCCCTGAAAA
8054,positive,5584,-2.1065628528594966,VT65295|0|MEMB002E|-|2184,1909,no,ATCATC,ACATCATTGAG,TCCTCTGAAAA
8055,positive,5584,0.06336206197738647,VT65295|0|MEMB002F|-|2530,2248,no,CTCCAC,CCCGCCTGATT,CCCGTTGAAGA
8056,positive,5584,-1.5216004848480225,VT65295|0|MEMB003A|-|2218,1941,no,GTCCGC,AGGCGGCTGAG,TGAGGTCCCCT
8057,positive,5584,-1.5216004848480225,VT65295|0|MEMB003C|+|2464,2189,no,GTCCTC,CCCTCCTCAGA,GATCCCTTTGA
8058,positive,5584,-1.5216004848480225,VT65295|0|MEMB003D|-|2218,1941,no,GTCCGC,AGGCGGCTGAG,TGAGGTCCCCT
8059,positive,5584,-2.1065628528594966,VT65295|0|MEMB003F|-|2339,2070,no,ATCATC,GCCTCCTGAAG,GCCTATAAAAA
8060,positive,5584,-4.106563091278076,VT65295|0|MEMB004B|+|2160,1890,no,ATTATT,GCCTCCTCAAG,CCCTTTGAAAA
8061,positive,5584,-4.106563091278076,VT65295|0|MEMB004E|-|2307,2037,no,ATTATT,TGATCCTGGAG,GCCTATAAAAA
8062,positive,5584,-4.106563091278076,VT65295|0|MEMB005B|+|2303,2033,no,ATTATT,GTCTCCTGGAG,CCCTTTGAAAA
8063,positive,5584,-3.5216004848480225,VT65295|0|MEMB005D|-|2647,2378,no,ATTCTC,GTATCTTGGAG,CCCTTTGAAAA
8064,positive,5584,-3.5216004848480225,VT65295|0|MEMB006A|-|2731,2462,no,ATTCTC,GTATCTTGGAG,CCCCTTGAAAA
8065,positive,5584,-4.106563091278076,VT65295|0|MEMB006B|-|2950,2690,no,ATTATC,GTCTCTTCGAG,CCCTTTGAAAA
8066,positive,5584,-3.106562852859497,VT65295|0|MEMB006C|+|2238,1966,no,TTTATC,ACCTCCTCGAG,CCCTACGAAAA
8067,positive,5584,-0.8841705322265625,VT65295|0|MEMB007B|-|2640,2368,no,GTCGAC,TCCTCTTGGGA,GCCTTTGAAGA
8068,positive,5584,-2.1065628528594966,VT65295|0|MEMB007C|+|2249,1987,no,ATCATT,ACGTTTGTGAG,CCCTACGAAAA
8069,positive,5584,3.2857544422149663,VT65295|0|MEMB007D|-|2925,2658,no,CAAGTC,TTCTCCTCGTG,TCCATGGAAGA
8070,positive,5584,-4.106563091278076,VT65295|0|MEMB008C|-|2328,2056,no,ATTATC,GCCTCCTGGAG,CCCTTTGAAAA
8071,positive,5584,-1.5216004848480225,VT65295|0|dkik|-|3985,3708,no,GTCCGC,AGGCGGCTGAG,TGAGGTCCCCT
8072,positive,5635,-0.5216004252433777,VT65295|0|MEMB002A|+|3572,3344,no,CGAACT,GGTCTTCTCGT,GATCCTGCAAC
8073,positive,5635,-0.5216004252433777,VT65295|0|MEMB002C|-|3210,2982,no,CGAACT,GGTCTTCTCGT,GATCCTGCAAC
8074,positive,5635,-0.5216004252433777,VT65295|0|MEMB002D|+|2569,2345,no,CTAATT,GGTCCGTTCGT,GATTCTCTAAC
8075,positive,5635,-0.5216004252433777,VT65295|0|MEMB002E|-|2184,1953,no,CTAACT,GGTCCGTTCAT,GATTCTCTAAC
8076,positive,5635,-0.5216004252433777,VT65295|0|MEMB002F|-|2530,2292,no,CGAACT,GGTCTTCTCGT,GATCCTGCAAC
8077,positive,5635,0.7007919549942017,VT65295|0|MEMB003A|-|2218,1992,no,CTAGCT,GGTCCGCTCGT,GATTCTCTAAC
8078,positive,5635,-0.5216004252433777,VT65295|0|MEMB003B|-|2439,2217,no,CTAACT,GGTCCGTTCGT,GATTCTCTAAA
8079,positive,5635,-0.5216004252433777,VT65295|0|MEMB003C|+|2464,2236,no,CGAACT,GGTCTTCTCGT,GATCCTGCAAC
8080,positive,5635,0.7007919549942017,VT65295|0|MEMB003D|-|2218,1992,no,CTAGCT,GGTCCGCTCGT,GATTCTCTAAC
8081,positive,5635,-0.5216004252433777,VT65295|0|MEMB003F|-|2339,2114,no,CTAACT,GGTCCGTTCGT,GATTCTCTAAA
8082,positive,5635,-0.5216004252433777,VT65295|0|MEMB004B|+|2160,1934,no,CTAACT,GGTCCGCTCGT,GATTCTCCAAA
8083,positive,5635,-0.5216004252433777,VT65295|0|MEMB004E|-|2307,2081,no,CTAAGT,GTTCCGCTCGT,GATTTTCTAAA
8084,positive,5635,-0.5216004252433777,VT65295|0|MEMB005B|+|2303,2077,no,CTAACT,GGTCCGCTCGT,GATTCTCTAAC
8085,positive,5635,-0.5216004252433777,VT65295|0|MEMB005D|-|2647,2422,no,CTAACT,GGTCCGTTCGT,GATTCTCCATC
8086,positive,5635,-0.5216004252433777,VT65295|0|MEMB006A|-|2731,2506,no,CTAACT,GGTCCGTTCGT,GATTCTCCATC
8087,positive,5635,-0.5216004252433777,VT65295|0|MEMB006B|-|2950,2734,no,CTAACT,GGTTCGTTCGT,GATTCTCTAAC
8088,positive,5635,-0.5216004252433777,VT65295|0|MEMB006C|+|2238,2010,no,CCAACT,GGTCCGCTCGT,GATTCTCTAAA
8089,positive,5635,-0.5216004252433777,VT65295|0|MEMB007B|-|2640,2412,no,CGAACT,GGTCTTCTCGT,GATCCTGCAAC
8090,positive,5635,-0.5216004252433777,VT65295|0|MEMB007C|+|2249,2031,no,CTAACT,GGTTCGTTCGT,GATTCTCTAAA
8091,positive,5635,3.1788392066955566,VT65295|0|MEMB007D|-|2925,2702,no,CAATCT,GGTCCGCTCGT,GATTCACCATT
8092,positive,5635,-0.5216004252433777,VT65295|0|MEMB008C|-|2328,2100,no,CTAACT,GGTCCGCTCGT,GATTCTCTAAA
8093,positive,5635,0.7007919549942017,VT65295|0|dkik|-|3985,3759,no,CTAGCT,GGTCCGCTCGT,GATTCTCTAAC
8094,negative,5660,1.0633620023727417,VT65295|0|MEMB002A|+|3572,3369,no,GCGAAC,GAGGACGAGTT,CGATCGGCTAC
8095,negative,5660,1.0633620023727417,VT65295|0|MEMB002C|-|3210,3007,no,TCGACC,GAGGACGAGTT,CGATCGGCTAC
8096,negative,5660,-0.9366379380226136,VT65295|0|MEMB002D|+|2569,2370,no,GAGAGC,GCGGACGAGTT,CAATACCCTTC
8097,negative,5660,-0.9366379380226136,VT65295|0|MEMB002E|-|2184,1978,no,GAGAGC,GAGGACGAGTT,CGATTCCCTTC
8098,negative,5660,1.0633620023727417,VT65295|0|MEMB002F|-|2530,2317,no,GCGACC,GAGGACGAGTT,CGATCGGCTAC
8099,negative,5660,1.0633620023727417,VT65295|0|MEMB003A|-|2218,2017,no,GAGAAC,GAGAACGAGTT,CGATACCCTTC
8100,negative,5660,0.6483245491981506,VT65295|0|MEMB003B|-|2439,2242,no,GACAGC,GAAGAAGATTT,CGATACCCTTC
8101,negative,5660,-0.9366379380226136,VT65295|0|MEMB003C|+|2464,2261,no,GCGAGC,GAGGACGAGTT,CGATCGGCTAC
8102,negative,5660,1.0633620023727417,VT65295|0|MEMB003D|-|2218,2017,no,GAGAAC,GAGAACGAGTT,CGATACCCTTC
8103,negative,5660,0.6483245491981506,VT65295|0|MEMB003F|-|2339,2139,no,GACAGC,CAGGAAGATTT,CGATTGCCTTC
8104,negative,5660,1.0633620023727417,VT65295|0|MEMB004B|+|2160,1959,no,GAAACC,GAGCAAGATTT,CGATACCCTTT
8105,negative,5660,1.0633620023727417,VT65295|0|MEMB004E|-|2307,2106,no,GAGAAC,GAGGAAGATTT,CGATACCCTAC
8106,negative,5660,1.0633620023727417,VT65295|0|MEMB005B|+|2303,2102,no,GAAACC,GAGGCAGAGTT,CGATACCCTTC
8107,negative,5660,1.0633620023727417,VT65295|0|MEMB005D|-|2647,2447,no,GAGAAC,GAGGACGTGAT,CGATAGCCTTT
8108,negative,5660,1.0633620023727417,VT65295|0|MEMB006A|-|2731,2531,no,GAGAAC,GAGGACGTGAT,CGATAGCCTTC
8109,negative,5660,1.0633620023727417,VT65295|0|MEMB006B|-|2950,2759,no,GAGAAC,GCGGAGGAGTT,CGATACCCTTC
8110,negative,5660,1.0633620023727417,VT65295|0|MEMB006C|+|2238,2035,no,GAGACC,GCGGAAGATTT,CGATACCCTTC
8111,negative,5660,1.0633620023727417,VT65295|0|MEMB007B|-|2640,2437,no,GAGAAC,GAGAACGAGTT,CGATCGGCTAC
8112,negative,5660,2.648324489593506,VT65295|0|MEMB007C|+|2249,2056,no,AACAAC,GAAGAAGATTT,CGATTCCCTTC
8113,negative,5660,3.1788392066955566,VT65295|0|MEMB007D|-|2925,2727,no,GCCACT,GAGGATGAAAT,CAATTGGGTTC
8114,negative,5660,0.5938767790794373,VT65295|0|MEMB008C|-|2328,2125,no,GACTCT,GGGGAAGATTT,CGATACCCTTC
8115,negative,5660,1.0633620023727417,VT65295|0|dkik|-|3985,3784,no,GAGAAC,GAGAACGAGTT,CGATACCCTTC
8116,negative,5796,0.5938767790794373,VT65295|0|MEMB002F|-|2530,2453,no,TCCTCT,CAGTGGAATGT,CCGATCTGTGG
8117,negative,5796,0.5938767790794373,VT65295|0|MEMB006C|+|2238,2171,no,ACCTCT,CAGGAGTGTGA,CTCGATACGGT
8118,negative,5796,3.1788392066955566,VT65295|0|MEMB007D|-|2925,2863,no,TACACT,TAGTGGGATGA,CTCGATACGAT
8119,negative,5858,-0.5216004252433777,VT65295|0|MEMB002D|+|2569,2547,no,CTCGAA,ACATAGGCGTT,AGTAAGCTGCG
8120,negative,5858,-1.1065629720687866,VT65295|0|MEMB002E|-|2184,2159,no,TATTAA,CCTAACATAAG,AAGCTTATTAT
8121,negative,5858,-1.1065629720687866,VT65295|0|MEMB003A|-|2218,2196,no,CCTGCA,ACATAAGCGAT,AGTAAGCAGCA
8122,negative,5858,0.7007919549942017,VT65295|0|MEMB003B|-|2439,2415,no,CTCCAG,CCATACATAAG,TAAGCTCTGCA
8123,negative,5858,-1.1065629720687866,VT65295|0|MEMB003D|-|2218,2196,no,CCTGCA,ACATAAGCGAT,AGTAAGCAGCA
8124,negative,5858,0.1158294826745987,VT65295|0|MEMB004B|+|2160,2138,no,CTTGAG,ACATAAGCGTT,AGTAAGCTTCA
8125,negative,5858,0.7007919549942017,VT65295|0|MEMB004E|-|2307,2285,no,CTCGAG,ATATAAGCGTT,AGTAAGCTTTA
8126,negative,5858,0.7007919549942017,VT65295|0|MEMB005B|+|2303,2281,no,AACGAG,ACATAAGCGTT,AGTAAGCTTCA
8127,negative,5858,0.7007919549942017,VT65295|0|MEMB005D|-|2647,2626,no,CTCGAG,ACATTAGTGTT,CAGTAAGCGCA
8128,negative,5858,0.7007919549942017,VT65295|0|MEMB006A|-|2731,2710,no,CTCGAG,ACATTGGTGTT,CAGTAAGCGCA
8129,negative,5858,0.7007919549942017,VT65295|0|MEMB006B|-|2950,2928,no,CTCGAG,GCATAAGCGTT,AGTAAGCTGCA
8130,negative,5858,0.7007919549942017,VT65295|0|MEMB006C|+|2238,2216,no,CTCTAG,ACATAAGCGTT,AGTAAGCTTCA
8131,negative,5858,0.7007919549942017,VT65295|0|MEMB007C|+|2249,2225,no,CTCCAG,ACACAAACGTT,TAAGCTCTGCA
8132,negative,5858,3.2857544422149663,VT65295|0|MEMB007D|-|2925,2902,yes,CTCAAG,GCATGAGCGGT,GTAAAGCTGTA
8133,negative,5858,0.7007919549942017,VT65295|0|MEMB008C|-|2328,2306,no,CTCGAG,ACATAAGCATT,AGTAAGTTTCA
8134,negative,5858,-1.1065629720687866,VT65295|0|dkik|-|3985,3963,no,CCTGCA,ACATAAGCGAT,AGTAAGCAGCA
8135,positive,2118,1.5938767194747925,VT65295|0|MEMB002A|+|3572,1973,no,AAATAT,GTGGGATTGCC,CTTGGCCACCA
8136,positive,2118,1.5938767194747925,VT65295|0|MEMB002B|-|1683,1169,no,AAATAT,GTGGGATTTCC,CTTGGCCATCA
8137,positive,2118,1.5938767194747925,VT65295|0|MEMB002C|-|3210,1619,no,AAATAT,GTGGGATTGCC,CTTGGCCACCA
8138,positive,2118,1.7007919549942017,VT65295|0|MEMB002D|+|2569,996,no,GAAGAG,ATGGGATTACC,CTTGGCCACCA
8139,positive,2118,1.5938767194747925,VT65295|0|MEMB002E|-|2184,994,no,GAATAG,GTGGGATTACC,CTTGGCCACCA
8140,positive,2118,1.5938767194747925,VT65295|0|MEMB002F|-|2530,1166,no,AAATAT,GTGGGATTGCC,CTTGGCCACCA
8141,positive,2118,1.5938767194747925,VT65295|0|MEMB003A|-|2218,945,no,GAATAT,GTGGGATCGGC,CTTGGCCACCA
8142,positive,2118,1.5938767194747925,VT65295|0|MEMB003B|-|2439,991,no,GAATAG,GTCGGATTGCC,CTTGGCCACCA
8143,positive,2118,1.5938767194747925,VT65295|0|MEMB003C|+|2464,896,no,AAATAT,GTGGGATTGCC,CTTGGCCACCA
8144,positive,2118,1.5938767194747925,VT65295|0|MEMB003D|-|2218,945,no,GAATAT,GTAGGATCGGC,CTTGGCCACCA
8145,positive,2118,1.5938767194747925,VT65295|0|MEMB003F|-|2339,998,no,AAATAG,GTTGGATTCCC,CTTGGCCACCA
8146,positive,2118,1.5938767194747925,VT65295|0|MEMB004A|-|1649,1164,no,AAATAT,GTGGGATTTCC,CTTGGCCATCA
8147,positive,2118,2.593876838684082,VT65295|0|MEMB004B|+|2160,965,no,TAATAG,GTTGGGTTGCC,CTTGGCCACCA
8148,positive,2118,2.0633621215820312,VT65295|0|MEMB004E|-|2307,996,no,TACCAG,GCTGGATTGCC,CTTGGCCACCA
8149,positive,2118,1.4783995151519775,VT65295|0|MEMB005B|+|2303,980,no,TAAAAG,GTTGGATTGCC,CTTGGCCACCA
8150,positive,2118,1.5938767194747925,VT65295|0|MEMB005D|-|2647,976,no,GAATAG,GTGGGATTCCC,CTTGGCCACCA
8151,positive,2118,1.5938767194747925,VT65295|0|MEMB006A|-|2731,999,no,GAATAG,GTGGGATTACC,CTTCGCCACCA
8152,positive,2118,1.5938767194747925,VT65295|0|MEMB006B|-|2950,1009,no,GAATAG,GGGGGATTGCC,CTTGGCCACCA
8153,positive,2118,2.593876838684082,VT65295|0|MEMB006C|+|2238,988,no,TAATAT,ACTGGATTGCC,CTTGGCCACCA
8154,positive,2118,1.5938767194747925,VT65295|0|MEMB007B|-|2640,1066,no,AAATAT,GTGGGATTGCC,CTTGGCCACCA
8155,positive,2118,1.5938767194747925,VT65295|0|MEMB007C|+|2249,957,no,AAATAG,GTGGAATTGCC,CTTGGCCACCA
8156,positive,2118,1.5938767194747925,VT65295|0|MEMB007D|-|2925,1352,no,GAATAG,GTGGGATTGCC,CTTGGCCACCA
8157,positive,2118,3.1788392066955566,VT65295|0|MEMB008C|-|2328,1000,no,CAATAG,GTTGGATTGGC,CTTGGCCACCA
8158,positive,2118,1.5938767194747925,VT65295|0|dkik|-|3985,945,no,GAATAT,GTAGGATCGGC,CTTGGCCACAA
8159,positive,2699,0.008914276957511902,VT65295|0|MEMB002A|+|3572,2257,no,TTATAC,TATTTTTCTTG,ATATATTTAAT
8160,positive,2699,-0.9910857081413268,VT65295|0|MEMB002B|-|1683,1433,no,atattt,Aatttattttt,ttgctatttag
8161,positive,2699,0.008914276957511902,VT65295|0|MEMB002C|-|3210,1903,no,TTATAT,TATTTGTCTTG,ATTTCTTAATT
8162,positive,2699,0.008914276957511902,VT65295|0|MEMB002E|-|2184,1158,no,TTATAC,CGATTATTTCT,TGTACTTTTAG
8163,positive,2699,0.4783995747566223,VT65295|0|MEMB002F|-|2530,1367,no,AAAAAT,AACTTTTTCCT,GTAATAAAATA
8164,positive,2699,0.008914276957511902,VT65295|0|MEMB003C|+|2464,1180,no,TTATAT,TATTTTTCGTG,ATTTCATAATT
8165,positive,2699,0.5938767790794373,VT65295|0|MEMB003F|-|2339,1230,no,CGATTT,TTATCGACTCT,GGACACAGTTA
8166,positive,2699,-0.9910857081413268,VT65295|0|MEMB004A|-|1649,1427,no,ATATTT,AATTTATTTTT,TTGCTATTTAG
8167,positive,2699,-1.991085767745972,VT65295|0|MEMB004E|-|2307,1238,no,TTGTTT,CTCTCGACTTC,TGTTTTTTTTT
8168,positive,2699,-0.4061232209205627,VT65295|0|MEMB005B|+|2303,1218,no,AATTAT,CTCTCGATTTC,CAAGTATTTTT
8169,positive,2699,0.5938767790794373,VT65295|0|MEMB005D|-|2647,1427,no,CGATTT,CTCTCGAGACT,ATTTGaaacaa
8170,positive,2699,0.5938767790794373,VT65295|0|MEMB006A|-|2731,1458,no,CGATTT,CTTTTCAGCCT,ATTTGGAACAA
8171,positive,2699,-1.991085767745972,VT65295|0|MEMB006B|-|2950,1169,no,TTTTAT,GGTCGGATATA,ATATATTGTAT
8172,positive,2699,0.5938767790794373,VT65295|0|MEMB006C|+|2238,1230,no,CGATTT,CTCATGACTCT,GGAGAAAGTTA
8173,positive,2699,0.008914276957511902,VT65295|0|MEMB007B|-|2640,1310,no,TTATAT,TATTTTTCTTG,TTTGTTATTTA
8174,positive,2699,0.5938767790794373,VT65295|0|MEMB007C|+|2249,1154,no,CGATAT,TTCTCAAGTCT,ATTTGGAGCGA
8175,positive,2699,0.06336206197738647,VT65295|0|MEMB007D|-|2925,1690,no,TAGCAG,TTTTTGAGGTA,CTTTAAAATTA
8176,positive,2699,3.2857544422149663,VT65295|0|MEMB008C|-|2328,1239,no,CAAGTG,CTCTCGACTTT,GGAGAAATGGG
8177,negative,2701,-0.9910857081413268,VT65295|0|MEMB002A|+|3572,2259,no,ATGTAT,AACAAGAAAAA,ATATTAAATAT
8178,negative,2701,1.5938767194747925,VT65295|0|MEMB002B|-|1683,1435,no,AAAAAT,ATAAAAATAAA,ATCTAAATAGC
8179,negative,2701,-0.9910857081413268,VT65295|0|MEMB002C|-|3210,1905,no,ATATAT,AACAAGACAAA,TCAATTAAGAA
8180,negative,2701,-1.5216004848480225,VT65295|0|MEMB002D|+|2569,1269,no,ACATAC,TCGAGAGCACA,ACTTGGTCCAA
8181,negative,2701,-0.9910857081413268,VT65295|0|MEMB002E|-|2184,1160,no,CAGTAT,AAAGAAATAAT,ATCTAAAAGTA
8182,negative,2701,-2.991085767745972,VT65295|0|MEMB002F|-|2530,1369,no,ACATTT,TTAGGAAAAAG,AATATTTTATT
8183,negative,2701,-2.991085767745972,VT65295|0|MEMB003B|-|2439,1185,no,ATATGT,ATATGGAAACT,ATTCGGTCCAA
8184,negative,2701,-0.9910857081413268,VT65295|0|MEMB003C|+|2464,1182,no,ATATAT,AACACGAAAAA,TAAATTATGAA
8185,negative,2701,1.5938767194747925,VT65295|0|MEMB003F|-|2339,1232,no,CCAAAT,CGAGAGTCGAT,GCTAACTGTGT
8186,negative,2701,1.5938767194747925,VT65295|0|MEMB004A|-|1649,1429,no,AAAAAT,ATAAAAATAAA,ATCTAAATAGC
8187,negative,2701,1.0633620023727417,VT65295|0|MEMB004E|-|2307,1240,no,CAAAAC,AAGAAGTCGAG,AAAAAAAAAAA
8188,negative,2701,-2.1065628528594966,VT65295|0|MEMB005B|+|2303,1220,no,TGATAA,TTGAAATCGAG,AGAAAAATACT
8189,negative,2701,1.5938767194747925,VT65295|0|MEMB005D|-|2647,1429,no,ATAAAT,CGAGTCTCGAG,ATTTGTTTCAA
8190,negative,2701,1.5938767194747925,VT65295|0|MEMB006A|-|2731,1460,no,ATAAAT,CGAGGCTGAAA,GCTTGTTCCAA
8191,negative,2701,-2.1065628528594966,VT65295|0|MEMB006B|-|2950,1171,no,ATATAA,AATATATCCGA,AAATACAATAT
8192,negative,2701,1.5938767194747925,VT65295|0|MEMB006C|+|2238,1232,no,CCAAAT,CGAGAGTCATG,GCTAACTTTCT
8193,negative,2701,-0.9910857081413268,VT65295|0|MEMB007B|-|2640,1312,no,AAATAT,AACAAGAAAAA,TTTAAATAACA
8194,negative,2701,-0.9910857081413268,VT65295|0|MEMB007C|+|2249,1156,no,ATATAT,CGAGACTTGAG,ATTCGCTCCAA
8195,negative,2701,-1.9366379976272583,VT65295|0|MEMB007D|-|2925,1692,no,AGCTGC,TATACCTCAAA,TATAATTTTAA
8196,negative,2701,3.1788392066955566,VT65295|0|MEMB008C|-|2328,1241,no,CCCACT,TGAAAGTCGAG,TTCCCATTTCT
8197,negative,3724,-1.991085767745972,VT65295|0|MEMB002A|+|3572,2656,no,TTTTTT,ATTTACCATGT,ATTTGTCAATA
8198,negative,3724,-1.991085767745972,VT65295|0|MEMB002C|-|3210,2317,no,TTTTTT,ATTTACCATGT,ATTTGTCAATA
8199,negative,3724,0.06336206197738647,VT65295|0|MEMB002D|+|2569,1696,no,AACTAC,GTTAGAGATTA,ATGGGAAGACT
8200,negative,3724,1.1788393259048462,VT65295|0|MEMB002E|-|2184,1442,no,ATCATT,ATTTCTAAGTT,AGCTTAAAAAT
8201,negative,3724,0.5938767790794373,VT65295|0|MEMB002F|-|2530,1727,no,GTTATT,ATTTATTTAAA,TATAACAAGGA
8202,negative,3724,-2.991085767745972,VT65295|0|MEMB003A|-|2218,1448,no,GAGCTT,ATTTCCAAGTT,TTTGTCCACTT
8203,negative,3724,1.5938767194747925,VT65295|0|MEMB003B|-|2439,1527,no,ATAAAT,ATTTCCAAATT,GCTCGAAACTT
8204,negative,3724,-1.991085767745972,VT65295|0|MEMB003C|+|2464,1572,no,TTTTTT,ATTTACCATGT,ATTTGTCAATA
8205,negative,3724,-2.991085767745972,VT65295|0|MEMB003D|-|2218,1448,no,TAGCTT,ATTTCCAAGTT,TTTGTCCACTT
8206,negative,3724,-0.9910857081413268,VT65295|0|MEMB003F|-|2339,1577,no,AAATAT,CATTACAAGTT,CTTGTGTTTGA
8207,negative,3724,0.008914276957511902,VT65295|0|MEMB004B|+|2160,1467,no,TATTCT,ATTTCTAGTTT,CCCTAACAGGG
8208,negative,3724,-0.4061232209205627,VT65295|0|MEMB004E|-|2307,1556,no,ATAATT,GTATACAAGTT,TTCTTAAAAAT
8209,negative,3724,1.1788393259048462,VT65295|0|MEMB005B|+|2303,1530,no,ATCATT,ATTTACAAGTT,AGCTTGAAAAT
8210,negative,3724,0.5938767790794373,VT65295|0|MEMB005D|-|2647,1723,no,ATTATT,ATTTATAAGAT,AGCTTGAAAAT
8211,negative,3724,0.5938767790794373,VT65295|0|MEMB006A|-|2731,1826,no,ATTATT,ATTTATGAGCA,AGCTTGAAAAT
8212,negative,3724,-1.991085767745972,VT65295|0|MEMB006B|-|2950,1802,no,CTTTTT,TTTCGAAAAAT,ACAAAGTTATA
8213,negative,3724,-1.4061232805252075,VT65295|0|MEMB006C|+|2238,1479,no,GTCTTT,ATCTTCTTGAT,TGCATACGTAT
8214,negative,3724,0.008914276957511902,VT65295|0|MEMB007B|-|2640,1746,no,ATTTCT,ATTTACCATGA,ATTTGTCAATA
8215,negative,3724,-2.991085767745972,VT65295|0|MEMB007C|+|2249,1456,no,TAATTT,ATTTAACTTTT,TACTTTTCAGT
8216,negative,3724,3.1788392066955566,VT65295|0|MEMB008C|-|2328,1543,no,ATCACT,ATTTACAAGTT,AGCCTGAAAAT
8217,negative,3724,-2.991085767745972,VT65295|0|dkik|-|3985,1858,no,AAATGT,GTCGTTAAGGT,CAAATCGTTGT
8218,positive,4408,-1.1065629720687866,VT65295|0|MEMB002A|+|3572,2827,no,TTAAAA,CTTTTGATGTT,TCAAGTTCAAA
8219,positive,4408,-1.1065629720687866,VT65295|0|MEMB002C|-|3210,2464,no,TTAAAA,CTTGTGATGTT,TCAAGTTCAAA
8220,positive,4408,-3.5216004848480225,VT65295|0|MEMB002D|+|2569,1845,no,gtgcaT,cgtgattggta,CAACGGTCATT
8221,positive,4408,-1.1065629720687866,VT65295|0|MEMB002E|-|2184,1452,no,TTAAGC,TAATGATATTT,TCAACTGGCTt
8222,positive,4408,0.008914276957511902,VT65295|0|MEMB002F|-|2530,1801,no,TGATAC,ATGTTAATGTT,TCAAATTTGTT
8223,positive,4408,0.4783995747566223,VT65295|0|MEMB003B|-|2439,1668,no,gaaaac,atgctagtcga,ataaacgcagt
8224,positive,4408,-1.1065629720687866,VT65295|0|MEMB003C|+|2464,1719,no,TTAAAA,CTTTTGATGTT,TCAAGTTCAAA
8225,positive,4408,2.7007920742034908,VT65295|0|MEMB004E|-|2307,1567,no,TAAGAA,AATTATATTTT,AGcactgcgtt
8226,positive,4408,-2.1065628528594966,VT65295|0|MEMB005D|-|2647,1907,no,ggaaaa,tttatagggtc,aacccttcact
8227,positive,4408,-2.1065628528594966,VT65295|0|MEMB006A|-|2731,1991,no,ggaaag,tttatacggtc,aacccttcact
8228,positive,4408,0.4783995747566223,VT65295|0|MEMB006B|-|2950,2102,no,aaaaac,gaaataataga,attacttcgct
8229,positive,4408,0.7007919549942017,VT65295|0|MEMB006C|+|2238,1499,no,CTAGAA,CGTATGCAAGC,Atcactgcgtt
8230,positive,4408,-1.1065629720687866,VT65295|0|MEMB007B|-|2640,1895,no,TTAAAA,CTTTTGATGTT,TCAAGTTCAAA
8231,positive,4408,3.2857544422149663,VT65295|0|MEMB008C|-|2328,1589,no,CAAGAA,CATACGTTAGT,Atcacttcgtt
8232,positive,4408,0.008914276957511902,VT65295|0|dkik|-|3985,2542,no,ttatag,cagtgcatacc,aacttatatcc
8233,positive,4721,2.593876838684082,VT65295|0|MEMB002A|+|3572,2859,no,TAATGT,AATTTCAATAA,TTTTTGTTTTT
8234,positive,4721,2.593876838684082,VT65295|0|MEMB002C|-|3210,2496,no,TAATGT,AATTTCAATAA,TTTTTTGTTTT
8235,positive,4721,1.5938767194747925,VT65295|0|MEMB002D|+|2569,1874,no,AAATTA,CTTAATTCATT,TATATTGGTAT
8236,positive,4721,1.5938767194747925,VT65295|0|MEMB003A|-|2218,1492,no,AAATAT,TAAAAATCGGA,ATAATTCTTTC
8237,positive,4721,2.593876838684082,VT65295|0|MEMB003B|-|2439,1737,no,taataa,tccaattctga,gaataccctgc
8238,positive,4721,2.593876838684082,VT65295|0|MEMB003C|+|2464,1751,no,TAATGT,AATTTCAATAA,TTTTTGTTTTT
8239,positive,4721,1.5938767194747925,VT65295|0|MEMB003D|-|2218,1492,no,AAATAT,TGAAAATCGGA,ATAATTCTTTC
8240,positive,4721,1.5938767194747925,VT65295|0|MEMB003F|-|2339,1635,no,GAATTA,ACAAGAAACTA,GAATACCCTGC
8241,positive,4721,1.5938767194747925,VT65295|0|MEMB004E|-|2307,1599,no,gaatta,tcttcagacta,gaataccctgc
8242,positive,4721,1.5938767194747925,VT65295|0|MEMB005B|+|2303,1598,no,gaatta,acttctgacta,ttataccctgc
8243,positive,4721,1.5938767194747925,VT65295|0|MEMB005D|-|2647,1939,no,aaatga,acttctgacta,atacatcctgc
8244,positive,4721,1.5938767194747925,VT65295|0|MEMB006A|-|2731,2023,no,aaatta,acttctgacta,atgcatcctgc
8245,positive,4721,1.5938767194747925,VT65295|0|MEMB006B|-|2950,2252,no,gAATAA,tcttgttttga,GAATACCCTGC
8246,positive,4721,1.0633620023727417,VT65295|0|MEMB006C|+|2238,1531,no,gaacta,acttctgacta,gaataccctgc
8247,positive,4721,2.593876838684082,VT65295|0|MEMB007B|-|2640,1927,no,TAATGT,AATTTCAATAA,TTTTTGTTTTT
8248,positive,4721,2.593876838684082,VT65295|0|MEMB007C|+|2249,1575,no,TAATGT,TTCATCATTGA,TACATATTACG
8249,positive,4721,3.1788392066955566,VT65295|0|MEMB008C|-|2328,1621,no,cacttc,acttctgacta,gaataccctgc
8250,positive,4721,1.5938767194747925,VT65295|0|dkik|-|3985,2855,no,aaattc,attcagaacta,ttatttccttg
8251,positive,5199,2.593876838684082,VT65295|0|MEMB002A|+|3572,2915,no,TAATGT,ACTCACCCGAA,TCAGGAAGGGG
8252,positive,5199,2.593876838684082,VT65295|0|MEMB002C|-|3210,2553,no,TAATGT,ACTCACCCGAA,TCAGGAAGGGG
8253,positive,5199,2.593876838684082,VT65295|0|MEMB002D|+|2569,1922,no,TAATGT,ACTCACTCGGA,TCAGGAAGGGG
8254,positive,5199,2.593876838684082,VT65295|0|MEMB002E|-|2184,1530,no,TAATGT,ACTCACTCGGA,TCAGGAAGGGG
8255,positive,5199,2.593876838684082,VT65295|0|MEMB002F|-|2530,1866,no,TAATGT,ACTCACTCGAA,TCACGAAGGGG
8256,positive,5199,2.593876838684082,VT65295|0|MEMB003A|-|2218,1566,no,TAATGT,ACTCACTCGGA,TCAGGAAGGGG
8257,positive,5199,2.593876838684082,VT65295|0|MEMB003B|-|2439,1797,no,TAATGT,ACTCACTCGGA,TCAGGAAGGGG
8258,positive,5199,2.0633621215820312,VT65295|0|MEMB003C|+|2464,1807,no,TAACGT,ACTCACCCGAA,TCAGGAAGGGG
8259,positive,5199,2.593876838684082,VT65295|0|MEMB003D|-|2218,1566,no,TAATGT,ACTCACTCGGA,TCAGGAAGGGG
8260,positive,5199,2.593876838684082,VT65295|0|MEMB003F|-|2339,1691,no,TAATGT,ACTCACTCGAA,TTAGAAAGGGG
8261,positive,5199,0.008914276957511902,VT65295|0|MEMB004B|+|2160,1511,no,TTATGT,ACTTACTCGAA,TCAGGAAGGGG
8262,positive,5199,2.593876838684082,VT65295|0|MEMB004E|-|2307,1655,no,TAATGT,ACTCACTCGAA,TCAGGAAAGGG
8263,positive,5199,2.593876838684082,VT65295|0|MEMB005B|+|2303,1654,no,TAATGT,ACTCACTCGAA,TCAGGAAGGGG
8264,positive,5199,2.593876838684082,VT65295|0|MEMB005D|-|2647,1999,no,TAATGT,ACTCACTCGGA,TCAGGAAGGGG
8265,positive,5199,2.593876838684082,VT65295|0|MEMB006A|-|2731,2083,no,TAATGT,ACTCACTCGGA,TCAGGAAGGGG
8266,positive,5199,2.593876838684082,VT65295|0|MEMB006B|-|2950,2311,no,TAATGT,ACTCACTCGGA,TCAGGAAGGGG
8267,positive,5199,2.593876838684082,VT65295|0|MEMB006C|+|2238,1587,no,TAATGT,ACTCACTCGAA,TCAGGAAGGGG
8268,positive,5199,2.593876838684082,VT65295|0|MEMB007B|-|2640,1983,no,TAATGT,ACTCACCCGTA,TCAGGAAGGGG
8269,positive,5199,2.593876838684082,VT65295|0|MEMB007C|+|2249,1608,no,TAATGT,ACTCACTCGGA,TCAGGAAGGGG
8270,positive,5199,0.008914276957511902,VT65295|0|MEMB007D|-|2925,2276,no,TTATGT,ACTCACTCGAA,TCAGGAATGGT
8271,positive,5199,3.1788392066955566,VT65295|0|MEMB008C|-|2328,1677,no,CAATGT,ACTCACTCGAA,TCAGGAAGGGC
8272,positive,5199,2.593876838684082,VT65295|0|dkik|-|3985,3333,no,TAATGT,ACTCACTCGGA,TCAGGAAGGGG
8273,positive,3236,3.2857544422149663,VT65295|0|dkik|-|3985,1408,no,CAAGAA,GAGTTTATTTT,TTGCAATTGAT
8274,negative,3241,3.1788392066955566,VT65295|0|dkik|-|3985,1413,no,TGCAAT,TCTTGAAAATA,CTTTCATCAAT
8275,positive,3245,3.1788392066955566,VT65295|0|dkik|-|3985,1417,no,CAATTG,TTCAAGAATTG,ATGAAAGTCAG
8276,negative,3247,3.1788392066955566,VT65295|0|dkik|-|3985,1419,no,ATCAAT,TGCAATTCTTG,TCCTGACTTTC
8277,positive,3283,3.2857544422149663,VT65295|0|dkik|-|3985,1455,no,CAAGTG,GGAAATAAGCT,GACAAAATAGG
8278,negative,3285,3.1788392066955566,VT65295|0|dkik|-|3985,1457,no,TCCACT,TGAGCTTATTT,CCCCTATTTTG
8279,positive,3367,-2.991085767745972,VT65295|0|MEMB002D|+|2569,1561,no,AGTTAA,GTGTCTCTTTA,ATATTCAAGGT
8280,positive,3367,2.0633621215820312,VT65295|0|MEMB003B|-|2439,1478,no,CAAAAG,CATTGTATCAC,TTAAATAAATA
8281,positive,3367,-1.8841705322265625,VT65295|0|MEMB006B|-|2950,1449,no,TGTGAA,TTTTACATGGC,CGCAGTGAAGA
8282,positive,3367,3.1788392066955566,VT65295|0|dkik|-|3985,1539,no,cactat,cgagccccgac,taattcgtacg
8283,negative,3432,1.7007919549942017,VT65295|0|MEMB006B|-|2950,1514,no,GAGAAG,TTTGCAGCGCA,AAGGGTATAAT
8284,negative,3432,3.1788392066955566,VT65295|0|dkik|-|3985,1594,no,GACAAT,ATCGTTTGCTG,ACGTTATTATG
8285,negative,3519,0.5938767790794373,VT65295|0|MEMB002A|+|3572,2552,no,TTTAGT,TTACTTAAAGA,TTTCCTACTTG
8286,negative,3519,0.5938767790794373,VT65295|0|MEMB002C|-|3210,2209,no,TTTAGT,TTATTTAAAGA,TTTCCTACTTG
8287,negative,3519,2.593876838684082,VT65295|0|MEMB002D|+|2569,1619,no,TGTAAT,ATACATATGTG,GTGGGTATATA
8288,negative,3519,-0.9910857081413268,VT65295|0|MEMB002E|-|2184,1408,no,GTATAT,TTATGTATTTA,TAACCTTTATA
8289,negative,3519,0.5938767790794373,VT65295|0|MEMB002F|-|2530,1682,no,TTTAGT,TTATTTAACAC,TCTTGAAAATT
8290,negative,3519,1.1788393259048462,VT65295|0|MEMB003B|-|2439,1496,no,ATCAGT,TTATTTATTTA,ATGTAAACTTT
8291,negative,3519,0.5938767790794373,VT65295|0|MEMB003C|+|2464,1464,no,TTTAGT,TTATTTAAAGA,TTTCCTACTTG
8292,negative,3519,2.593876838684082,VT65295|0|MEMB005D|-|2647,1690,no,GTTAAT,TTATATAACTA,TGACCTTTATA
8293,negative,3519,2.593876838684082,VT65295|0|MEMB006A|-|2731,1792,no,GTTAAT,TGATTTAACTT,TAACATTTATA
8294,negative,3519,-0.9910857081413268,VT65295|0|MEMB006B|-|2950,1601,no,ATATAT,GTACTTTATAG,TCTGATCAAGA
8295,negative,3519,0.5938767790794373,VT65295|0|MEMB007B|-|2640,1642,no,TTTAGT,TTATTTAAAGG,TTTCCTACTCG
8296,negative,3519,3.1788392066955566,VT65295|0|dkik|-|3985,1681,no,TACAAT,AAATTTTTTTG,TGTTGTCGAAG
8297,positive,3541,1.1788393259048462,VT65295|0|MEMB002A|+|3572,2573,no,CAGTCG,TAGGAAAGCTA,AGTGTGACTGA
8298,positive,3541,1.1788393259048462,VT65295|0|MEMB002C|-|3210,2230,no,CAGTCG,TAGGAAAGCTA,AGTGTGACTGA
8299,positive,3541,1.0633620023727417,VT65295|0|MEMB002D|+|2569,1640,no,gaacct,TAcccactgta,cctttgaatcc
8300,positive,3541,-1.4061232805252075,VT65295|0|MEMB003C|+|2464,1485,no,CTGTCG,TAGGAAAGCTA,AGTGTGACTGA
8301,positive,3541,0.6483245491981506,VT65295|0|MEMB006B|-|2950,1623,no,cagccg,atcagaatcaa,agtcgatctag
8302,positive,3541,1.1788393259048462,VT65295|0|MEMB007B|-|2640,1663,no,CAGTCG,TAGGAAAGCTA,AGTGTGACCGA
8303,positive,3541,3.1788392066955566,VT65295|0|dkik|-|3985,1702,no,caatag,gacaacaacaa,tgtttatttat
8304,negative,3545,0.7007919549942017,VT65295|0|MEMB002A|+|3572,2577,no,CACTCG,ACTGTAGCTTT,ACGGTCAGTCA
8305,negative,3545,0.7007919549942017,VT65295|0|MEMB002C|-|3210,2234,no,CACTCG,ACTGTAGCTTT,TCAGTCAGTCA
8306,negative,3545,-0.8841705322265625,VT65295|0|MEMB002D|+|2569,1644,no,AAGGAG,GTTCTACAGTG,CATGGGATTCA
8307,negative,3545,0.7007919549942017,VT65295|0|MEMB003C|+|2464,1489,no,CACTCG,ACAGTAGCTTT,TCGGTCAGTCA
8308,negative,3545,0.7007919549942017,VT65295|0|MEMB006B|-|2950,1627,no,GACTCG,GCTGTTGATTC,ATGGCTAGATC
8309,negative,3545,0.7007919549942017,VT65295|0|MEMB007B|-|2640,1667,no,CACTCG,ACTGTAGCTTT,ACGGTCGGTCA
8310,negative,3545,3.1788392066955566,VT65295|0|dkik|-|3985,1706,no,AACACT,ATTGTTGTTGT,TAAAATAAATA
8311,negative,3693,-1.1065629720687866,VT65295|0|MEMB006B|-|2950,1771,no,AATGCA,GCTATATGATA,CCGATCGTTCC
8312,negative,3693,3.1788392066955566,VT65295|0|dkik|-|3985,1827,no,CCCAAT,ATTAATATTAA,GGGTGATGTTA
8313,negative,3709,0.008914276957511902,VT65295|0|MEMB002A|+|3572,2641,no,GTTCAT,GTGCTATTTAG,TTATTTACCAT
8314,negative,3709,0.008914276957511902,VT65295|0|MEMB002C|-|3210,2302,no,GTTCAT,GTGCTATTTAG,TTATTTACCAT
8315,negative,3709,-2.991085767745972,VT65295|0|MEMB002D|+|2569,1681,no,TAGTGT,GTACAAATTAT,ACGTTAGAGAT
8316,negative,3709,2.593876838684082,VT65295|0|MEMB002F|-|2530,1712,no,AATAAT,TTCCAAGTTAG,TTATTTATTTA
8317,negative,3709,0.008914276957511902,VT65295|0|MEMB003A|-|2218,1433,no,TTTTAT,CCTGAATTTCA,TTATTTCCAAG
8318,negative,3709,0.008914276957511902,VT65295|0|MEMB003C|+|2464,1557,no,GTTCAT,GTGCTATTTAG,TTATTTACCAT
8319,negative,3709,0.008914276957511902,VT65295|0|MEMB003D|-|2218,1433,no,TTTTAT,CCTGACTTTCA,TTATTTCCAAG
8320,negative,3709,-2.1065628528594966,VT65295|0|MEMB004B|+|2160,1452,no,TTGCAA,CGCAAAGAATT,CTATTTCTAGT
8321,negative,3709,-0.5216004252433777,VT65295|0|MEMB006B|-|2950,1787,no,ATTTAC,CGATCGTTCCA,TTTTTCGAAAA
8322,negative,3709,0.008914276957511902,VT65295|0|MEMB007B|-|2640,1731,no,GATCAT,GTGCTATTTAG,CTATTTACCAT
8323,negative,3709,-2.8841705322265625,VT65295|0|MEMB007C|+|2249,1441,no,TTGGTG,ATACAATGTAA,TTATTTAACTT
8324,negative,3709,3.2857544422149663,VT65295|0|dkik|-|3985,1843,no,GTCAAG,GGTGATGTTAC,GTGTCGTTAAG
8325,negative,3743,-2.5216004848480225,VT65295|0|MEMB006B|-|2950,1818,no,AACTGA,CAAAGTTATAC,AATATATTGTA
8326,negative,3743,3.1788392066955566,VT65295|0|dkik|-|3985,1877,no,ATCAAT,GCCAAATCGTT,AATTTATTAAA
8327,negative,3773,-1.991085767745972,VT65295|0|MEMB002A|+|3572,2677,no,ATTTGT,CATCATTTGTC,TTTTTAGCAAC
8328,negative,3773,-3.106562852859497,VT65295|0|MEMB002C|-|3210,2338,no,ATTTGA,CATAATTTGTC,TTACTAGCAAT
8329,negative,3773,0.008914276957511902,VT65295|0|MEMB003C|+|2464,1593,no,ATTTCT,TATCATTTGTC,TTACTAGAAAC
8330,negative,3773,-0.9910857081413268,VT65295|0|MEMB006B|-|2950,1848,no,AAATAT,CAAAATTGGTG,GATTAATGGGC
8331,negative,3773,-1.991085767745972,VT65295|0|MEMB007B|-|2640,1757,no,ATTTGT,CAATAATTTCT,TTACTAGCAAC
8332,negative,3773,3.2857544422149663,VT65295|0|dkik|-|3985,1907,no,TTCAAG,AGAGCAATGCC,TGGGACTCTAT
8333,negative,3795,-0.5216004252433777,VT65295|0|MEMB002A|+|3572,2699,no,TGCTCA,ACATGTTTTTA,TCTTTGTGTAT
8334,negative,3795,-0.5216004252433777,VT65295|0|MEMB002C|-|3210,2360,no,TGCTCA,ACTTGTTACTA,TCTTTGTGTAT
8335,negative,3795,-1.8841705322265625,VT65295|0|MEMB002D|+|2569,1708,no,TATGGG,AAGACTAACTA,AAAGTTTTTAG
8336,negative,3795,-4.106563091278076,VT65295|0|MEMB002F|-|2530,1733,no,CAAGGA,GTTATTATTTA,TTAGGCTATAA
8337,negative,3795,-0.5216004252433777,VT65295|0|MEMB003C|+|2464,1615,no,TGCTCA,ACAAGTTACTA,TCTTTGTGTAT
8338,negative,3795,-3.106562852859497,VT65295|0|MEMB006B|-|2950,1870,no,TCTGGA,ATAATGATTAA,TAAATCGAAAT
8339,negative,3795,-0.5216004252433777,VT65295|0|MEMB007B|-|2640,1779,no,TTCTCA,ACATGTTACTA,CAATTGTGTAT
8340,negative,3795,-4.106563091278076,VT65295|0|MEMB007C|+|2249,1460,no,CAGTTA,ATTTATTTAAC,CAATTACTTTT
8341,negative,3795,3.2857544422149663,VT65295|0|dkik|-|3985,1929,no,TCCAAG,AGGTTTGGGAC,AAAACTTAAAA
8342,positive,3908,3.1788392066955566,VT65295|0|dkik|-|3985,2042,no,caatct,tatttgatggc,aagacctcaat
8343,positive,3921,3.1788392066955566,VT65295|0|dkik|-|3985,2055,no,caatgt,atctaagacct,tcatattctgc
8344,negative,4022,3.1788392066955566,VT65295|0|dkik|-|3985,2156,no,ATCAAT,ACCAAAGCTGG,AGCTTTCTGCC
8345,positive,4083,-4.106563091278076,VT65295|0|MEMB006B|-|2950,1928,no,aggaac,ataccttccat,aatcagggaaa
8346,positive,4083,3.1788392066955566,VT65295|0|dkik|-|3985,2217,no,caataa,gaccatcccat,agtgcagctgc
8347,negative,4089,-0.4061232209205627,VT65295|0|MEMB006B|-|2950,1934,no,CTGATT,GTTCCTATGGA,CTATTATTTCC
8348,negative,4089,3.1788392066955566,VT65295|0|dkik|-|3985,2223,no,TGCACT,TTATTGATGGG,AGTGGGGCAGC
8349,positive,4102,3.1788392066955566,VT65295|0|dkik|-|3985,2236,no,cactcc,tgcagctgccc,tttggcagaca
8350,negative,4258,-3.5216004848480225,VT65295|0|MEMB002A|+|3572,2759,no,GGGCTC,TCTACATTGGT,CAAACTCCAAA
8351,negative,4258,-1.5216004848480225,VT65295|0|MEMB002C|-|3210,2420,no,TTGTCC,TCTACATCGGT,AAATGTAGAAA
8352,negative,4258,0.5938767790794373,VT65295|0|MEMB002D|+|2569,1767,no,CATAGT,GCAAGATTGTT,TTAACCACCGG
8353,negative,4258,1.1788393259048462,VT65295|0|MEMB002F|-|2530,1795,no,AACATT,AACATACTGAA,TTTGAGTATCA
8354,negative,4258,-0.5216004252433777,VT65295|0|MEMB003A|-|2218,1470,no,TTTTCC,GCTACTTTGTC,TTTTTAACATA
8355,negative,4258,-0.5216004252433777,VT65295|0|MEMB003D|-|2218,1470,no,TTTTCC,CCTATTTTGTC,TTTTCAACATA
8356,negative,4258,-0.4061232209205627,VT65295|0|MEMB003F|-|2339,1607,no,ATGATT,TTCGAATTGGT,TATATATATGT
8357,negative,4258,1.5938767194747925,VT65295|0|MEMB005B|+|2303,1564,no,CTGACT,TACAAATTGGT,AGCAGTGCTTT
8358,negative,4258,-0.4061232209205627,VT65295|0|MEMB005D|-|2647,1757,no,ATGATT,ACCAAACTGGC,TTTTTAGACAT
8359,negative,4258,-2.991085767745972,VT65295|0|MEMB006B|-|2950,1954,no,TGATTT,TTTCTATTATT,CAGCAAAGTTA
8360,negative,4258,1.5938767194747925,VT65295|0|MEMB007B|-|2640,1829,no,CCAACT,CCAACATCGGT,CGGAACAAACT
8361,negative,4258,-2.991085767745972,VT65295|0|MEMB008C|-|2328,1577,no,GTATGT,ATGGTTTTGGT,TCTTGACTAAC
8362,negative,4258,3.1788392066955566,VT65295|0|dkik|-|3985,2392,no,AACACT,ATCATATTTAG,AAAGGCAATGG
8363,negative,4266,-1.1065629720687866,VT65295|0|MEMB002A|+|3572,2767,no,ACTCCA,AAGGGCTCTCT,ACACGGAACAA
8364,negative,4266,-1.5216004848480225,VT65295|0|MEMB005D|-|2647,1765,no,TTAGAC,ATATGATTACC,TTTTCTTCTTT
8365,negative,4266,-0.4061232209205627,VT65295|0|MEMB006B|-|2950,1962,no,CAAAGT,TATGATTTTTT,TTGAGAAACAG
8366,negative,4266,-4.106563091278076,VT65295|0|MEMB008C|-|2328,1585,no,TGACTA,ACGTATGTATG,AAGTGATTTCT
8367,negative,4266,3.1788392066955566,VT65295|0|dkik|-|3985,2400,no,GGCAAT,GGAACACTATC,CTGGACTCAAA
8368,negative,4295,1.5938767194747925,VT65295|0|MEMB002A|+|3572,2796,no,CAAAAT,GTAGAAATTGT,GAAAATGGGCT
8369,negative,4295,1.5938767194747925,VT65295|0|MEMB002C|-|3210,2433,no,CAAAAT,GTAGAAATTGT,GAAAATGGGCA
8370,negative,4295,-1.5216004848480225,VT65295|0|MEMB002D|+|2569,1791,no,GAATAC,GAGGAAATTAA,AATATAGAAAA
8371,negative,4295,-2.991085767745972,VT65295|0|MEMB003B|-|2439,1576,no,CGGTGT,GCGGCAGTTAT,TATGCAAGCTT
8372,negative,4295,1.5938767194747925,VT65295|0|MEMB003C|+|2464,1688,no,CAAAAT,GTAGAAATTGT,GAAAATGGGCA
8373,negative,4295,-2.991085767745972,VT65295|0|MEMB005D|-|2647,1794,no,CGGCGT,GCAGAAAATAG,TATCCATATTT
8374,negative,4295,-2.991085767745972,VT65295|0|MEMB006A|-|2731,1878,no,CGGCGT,GCAGAAGATAG,TATTCACACTT
8375,negative,4295,-2.991085767745972,VT65295|0|MEMB006B|-|2950,1991,no,AAGTTT,GATGAAAATAT,GACGAAATCTC
8376,negative,4295,1.5938767194747925,VT65295|0|MEMB007B|-|2640,1861,no,AAAAAT,GTAGAAATTGT,AATAGGCAAAA
8377,negative,4295,-2.991085767745972,VT65295|0|MEMB007C|+|2249,1530,no,CGGTGT,GTGGCAGTTAA,TAGTCACACTC
8378,negative,4295,3.2857544422149663,VT65295|0|dkik|-|3985,2429,no,GTCACG,GGAAAGGATGT,CGTTTACAATG
8379,positive,4336,-1.1065629720687866,VT65295|0|MEMB005D|-|2647,1835,no,TTAAGC,TAATTGGATAA,AACGTAGAAGT
8380,positive,4336,-1.1065629720687866,VT65295|0|MEMB006A|-|2731,1919,no,ttaaGC,taattggataa,GACGTAGAAGT
8381,positive,4336,-2.1065628528594966,VT65295|0|MEMB006B|-|2950,2030,no,gtaatt,ttccagaattt,aaattttatga
8382,positive,4336,3.1788392066955566,VT65295|0|dkik|-|3985,2470,no,caatgg,cgaagcgtaag,tttttccttgg
8383,negative,4348,-0.4061232209205627,VT65295|0|MEMB003B|-|2439,1608,no,TGAATT,TACAAACTGTA,CTTCTCAATGA
8384,negative,4348,-1.9366379976272583,VT65295|0|MEMB005D|-|2647,1847,no,CACTTC,TACGTTGCTTA,CTCCGTCTTTC
8385,negative,4348,-1.9366379976272583,VT65295|0|MEMB006A|-|2731,1931,no,CACTTC,TACGTCGCTTA,CTCTGTCTTTC
8386,negative,4348,0.06336206197738647,VT65295|0|MEMB006B|-|2950,2042,no,GTCATA,AAATTTAATTA,GTCGTCCGATT
8387,negative,4348,3.2857544422149663,VT65295|0|dkik|-|3985,2482,no,GCCAAG,GAAAAACCATT,CTTACTCTTAG
8388,negative,4398,-0.5216004252433777,VT65295|0|MEMB002D|+|2569,1835,no,AATCAC,GTGTCTGTTCG,GATGCACTACC
8389,negative,4398,-2.1065628528594966,VT65295|0|MEMB003B|-|2439,1658,no,CTAGCA,TCAACAGCCAG,TGTTTTCTCGA
8390,negative,4398,-2.1065628528594966,VT65295|0|MEMB005D|-|2647,1897,no,CTATAA,AGTTTATTTAT,TTTTTCCGACC
8391,negative,4398,-2.1065628528594966,VT65295|0|MEMB006A|-|2731,1981,no,GTATAA,AGTTTAAATAT,TCTTTCCGACC
8392,negative,4398,-2.991085767745972,VT65295|0|MEMB006B|-|2950,2092,no,TTATTT,CCCTGATTGTT,TGTTTTTTCTA
8393,negative,4398,3.1788392066955566,VT65295|0|dkik|-|3985,2532,no,TGCACT,GTGATAGACTA,TCTATAAGGTA
8394,positive,4430,3.2857544422149663,VT65295|0|dkik|-|3985,2564,no,cacgca,atatccgatct,acttcaagcgc
8395,positive,4440,3.2857544422149663,VT65295|0|dkik|-|3985,2574,no,caagcg,tcacgcaactt,cgtacactctc
8396,positive,4450,3.1788392066955566,VT65295|0|dkik|-|3985,2584,no,cactct,tcaagcgcgta,cgcttaacacc
8397,positive,4507,3.1788392066955566,VT65295|0|dkik|-|3985,2641,no,caattt,ctatatttcga,tgacgacgatc
8398,positive,4532,3.1788392066955566,VT65295|0|dkik|-|3985,2666,no,caatag,atcagccttta,ccgccagggct
8399,positive,4556,3.2857544422149663,VT65295|0|dkik|-|3985,2690,no,cacgtg,ggctcttttgt,ctgttattgcc
8400,negative,4558,3.2857544422149663,VT65295|0|dkik|-|3985,2692,no,AGCACG,TGACAAAAGAG,TCGGCAATAAC
8401,negative,4567,3.1788392066955566,VT65295|0|dkik|-|3985,2701,no,GGCAAT,AACAGCACGTG,GGCCGAAAATC
8402,positive,4604,1.5938767194747925,VT65295|0|MEMB003B|-|2439,1701,no,gactct,ctatagaatac,tttcactgccc
8403,positive,4604,-1.5216004848480225,VT65295|0|MEMB006B|-|2950,2135,no,gagatt,tcatcaaattt,cggctattcaa
8404,positive,4604,3.1788392066955566,VT65295|0|dkik|-|3985,2738,no,caatat,gatattatttt,tgccatattcc
8405,negative,4608,1.7007919549942017,VT65295|0|MEMB003B|-|2439,1705,no,GAAAAG,AGTCGTATTCT,TTCAGGGCAGT
8406,negative,4608,-0.5216004252433777,VT65295|0|MEMB006B|-|2950,2139,no,GCCGAA,TCTCAAATTTG,AACATTGAATA
8407,negative,4608,3.1788392066955566,VT65295|0|dkik|-|3985,2742,no,GGCAAT,ATTGAAAATAA,TTAAGGAATAT
8408,negative,4667,-1.1065629720687866,VT65295|0|MEMB006B|-|2950,2198,no,CTTGCA,GATTACTATTG,GTTTATATACC
8409,negative,4667,3.1788392066955566,VT65295|0|dkik|-|3985,2801,no,AGCAAT,TTAATCTGGCT,TGAAATTGCCA
8410,negative,4671,0.5938767790794373,VT65295|0|MEMB006B|-|2950,2202,no,TACCCT,TGCAGATTACT,CGAAGTTTATA
8411,negative,4671,3.2857544422149663,VT65295|0|dkik|-|3985,2805,no,GCCAAG,CAATTTAATCT,TCGGTGAAATT
8412,positive,4676,-0.9910857081413268,VT65295|0|MEMB006B|-|2950,2207,no,atataa,tctgcaagggt,acttcggtaag
8413,positive,4676,3.1788392066955566,VT65295|0|dkik|-|3985,2810,no,caattt,aaattgcttgg,caccgaaactt
8414,negative,4741,-2.991085767745972,VT65295|0|MEMB002C|-|3210,2516,no,GGATTT,TGAAAAACAAA,ATATCTGGTCT
8415,negative,4741,0.5938767790794373,VT65295|0|MEMB003A|-|2218,1512,no,AACTAT,TTAGAAAGAAT,TTCAATCAACA
8416,negative,4741,-3.5216004848480225,VT65295|0|MEMB003B|-|2439,1756,no,ACACTC,TTGCAGGGTAT,ATATAACATAT
8417,negative,4741,0.5938767790794373,VT65295|0|MEMB003D|-|2218,1512,no,AACTAT,TTAGAAAGAAT,TTCAATCAACA
8418,negative,4741,-1.5216004848480225,VT65295|0|MEMB003F|-|2339,1654,no,TTACCC,TTGCAGGGTAT,ATCTATAACAT
8419,negative,4741,-1.5216004848480225,VT65295|0|MEMB004B|+|2160,1481,no,AAACCC,TAACAGGGTAT,CTTCGAATGAT
8420,negative,4741,0.06336206197738647,VT65295|0|MEMB004E|-|2307,1618,no,TGCCCC,TTGCAGGGTAT,TTAGATAGCAT
8421,negative,4741,-1.5216004848480225,VT65295|0|MEMB005B|+|2303,1617,no,TTACCC,TTGCAGGGTAT,TTATAGAACAT
8422,negative,4741,-3.5216004848480225,VT65295|0|MEMB005D|-|2647,1958,no,GTACTC,TTGCAGGATGT,ATACAAGTTAT
8423,negative,4741,-3.5216004848480225,VT65295|0|MEMB006A|-|2731,2042,no,ATGCTC,TTGCAGGATGC,GTACAAGTTAT
8424,negative,4741,-2.1065628528594966,VT65295|0|MEMB006B|-|2950,2271,no,ACACCA,TTGCAGGGTAT,TAAAAATATTT
8425,negative,4741,-1.5216004848480225,VT65295|0|MEMB006C|+|2238,1550,no,TTAATA,TTGCAGGGTAT,TTTTATAACAT
8426,negative,4741,-4.106563091278076,VT65295|0|MEMB007D|-|2925,2237,no,TTATTA,TTATAATACAT,ATTTATGTTTA
8427,negative,4741,-0.9910857081413268,VT65295|0|MEMB008C|-|2328,1640,no,TTACCT,TTGCAGGGTAT,TAATATAACAT
8428,negative,4741,3.1788392066955566,VT65295|0|dkik|-|3985,2875,no,GCCAAT,TTGCAAGGAAA,GCACGAGGAAA
8429,negative,4753,-1.1065629720687866,VT65295|0|MEMB003A|-|2218,1524,no,ATTCAA,TCAACAAACTA,ATATATATAAT
8430,negative,4753,-1.1065629720687866,VT65295|0|MEMB003D|-|2218,1524,no,ATTCAA,TCAACAAACTA,ATATATATAAT
8431,negative,4753,3.2857544422149663,VT65295|0|dkik|-|3985,2887,no,GGCACG,AGGAAAGCCAA,TAAGCTACAAT
8432,negative,4759,3.1788392066955566,VT65295|0|dkik|-|3985,2893,no,TACAAT,GGCACGAGGAA,CATAGTTAAGC
8433,positive,4788,3.1788392066955566,VT65295|0|dkik|-|3985,2922,no,caatcg,gtaattttcag,cactttatttt
8434,positive,4794,3.1788392066955566,VT65295|0|dkik|-|3985,2928,no,cacttt,ttcagcaatcg,attttgcattc
8435,negative,4846,3.1788392066955566,VT65295|0|dkik|-|3985,2980,no,ATCACT,ATCTAGTCTTT,AGTGAAACATA
8436,positive,4859,3.1788392066955566,VT65295|0|dkik|-|3985,2993,no,cactgt,tgattatgttt,ttccttttgtt
8437,negative,4926,3.1788392066955566,VT65295|0|dkik|-|3985,3060,no,ACCACT,ATTAATTCGTA,ATATAAATTCG
8438,negative,4979,3.1788392066955566,VT65295|0|dkik|-|3985,3113,no,AACAAT,AATATTTATTT,TCGACAACAAC
8439,positive,5000,3.1788392066955566,VT65295|0|dkik|-|3985,3134,no,caataa,ttgtcgaaata,atttttttgtt
8440,positive,5087,3.1788392066955566,VT65295|0|dkik|-|3985,3221,no,caatat,gttattatgga,cgtttgctgaa
8441,negative,5142,3.1788392066955566,VT65295|0|dkik|-|3985,3276,no,ACCACT,ATTAATTCGTA,TACGAGCCCCG
